   455308184216.96210       0.28801737014519863        4.4074260031150760E-002
   503431722320.36792       0.31759191675350423        4.4519285979507009E-002
   556641650257.88843       0.33468302459400012        4.4961470617728261E-002
   615475571093.72388       0.30452007917214713        4.5402365904868805E-002
   680527909540.44580       0.31948480132167334        4.5839263506939835E-002
   752455917690.62463       0.29449674965527417        4.6273003108334813E-002
   831986315520.81787       0.33673370273727260        4.6700851586605557E-002
   919922633259.83630       0.31106580970661035        4.7123590295599788E-002
   1017153329804.4224       0.34083994308939264        4.7540846658762334E-002
   1124660769206.2258       0.33741356629852653        4.7949342630459864E-002
   1243531145923.4409       0.33247189866056936        4.8350802924972403E-002
   1374965459116.2439       0.34759653667942519        4.8741599050069979E-002
   1520291646864.0950       0.35718565883143588        4.9122898283267859E-002
   1680978002902.2117       0.34246389989472104        4.9490835510090675E-002
   1858648011432.3140       0.36074949066500062        4.9846803433576857E-002
   2055096749890.2207       0.34515268164193258        5.0186737415899033E-002
   2272309025394.5869       0.35671697989294637        5.0510455410020284E-002
   2512479428117.1997       0.36223745882618719        5.0817457217106912E-002
   2778034504182.7896       0.36533528689011069        5.1103479291254299E-002
   3071657272120.8115       0.37087127955563748        5.1369133369009105E-002
   3396314330569.5435       0.36717631612872587        5.1609458471242667E-002
   3755285831113.4990       0.36706470088691101        5.1826110314830788E-002
   4152198619082.7471       0.37614614863764512        5.2013439778066342E-002
   4591062877150.0273       0.37309435042367295        5.2173933011144168E-002
   5076312641951.9277       0.37125016937767202        5.2301780021352398E-002
   5612850603091.1680       0.38251800573458838        5.2395781187809555E-002
   6206097637143.7676       0.37725527096111688        5.2454377824279447E-002
   6862047577134.8047       0.37526527893238387        5.2471896513207071E-002
   7587327770842.6162       0.37752075429754256        5.2449193403560211E-002
   8389266039778.2578       0.37925070739244354        5.2379698241084335E-002
   9275964715355.9961       0.37573980348775304        5.2265886688675343E-002
   10256382500274.547       0.37662924372355350        5.2100982741668397E-002
   11340424982190.203       0.37461731653780433        5.1885466922597497E-002
   12539044714180.770       0.37581687081895987        5.1613005733515731E-002
   13864351873156.953       0.36993377554656848        5.1282858646773358E-002
   15329736614251.266       0.37145510545994187        5.0893375798674090E-002
   16950004357384.064       0.36439464034614905        5.0437742002287664E-002
   18741525372865.723       0.35515560398470791        4.9919634867498765E-002
   20722400177363.582       0.35860085053287272        4.9332328241942905E-002
   22912642411301.066       0.35683563103528015        4.8677359614410491E-002
   25334381045378.711       0.34385660424673775        4.7948776088721987E-002
   28012083959197.953       0.34146327591688985        4.7148249295429524E-002
   30972805150899.453       0.33409766019243137        4.6270689649653335E-002
   34246458075482.980       0.32499779900731585        4.5318703059050253E-002
   37866117873464.703       0.31627472648041322        4.4288324012076670E-002
   41868355543419.266       0.31123762924042236        4.3182089713001533E-002
   46293607434697.734       0.30543772277244075        4.2002082598619886E-002
   51186583793467.156       0.29874045895517237        4.0745382149389636E-002
   56596720489789.625       0.28048277956617995        3.9418504928491790E-002
   62578678489737.062       0.26612805380905841        3.8019805305829574E-002
   69192896118925.578       0.25846639086744116        3.6556867748668870E-002
   76506199697227.750       0.24824359149529970        3.5030112753006083E-002
   84592478714171.516       0.23782411734475919        3.3447693348008303E-002
   93533432366617.016       0.22401836310905940        3.1812618159349701E-002
   103419395001306.55       0.21485281333457418        3.0132834327574208E-002
   114350248802091.66       0.20501222435051983        2.8418606588728117E-002
   126436432943115.47       0.19310846979483526        2.6675294133323941E-002
   139800059403863.05       0.17565572222717699        2.4916008785523289E-002
   154576146719645.50       0.16565473144224535        2.3147824731095151E-002
   170913984132635.69       0.14885439157108016        2.1384303065527761E-002
   188978639926067.34       0.14311081349995808        1.9634146158491867E-002
   208952629180955.53       0.12228400115147646        1.7911420403042447E-002
   231037757805406.66       0.11385999049189623        1.6225736984038040E-002
   255457161467555.31        9.6591360159056408E-002   1.4589770369935213E-002
   282457560032351.88        9.5100470800824732E-002   1.3015566396708284E-002
   312311750279752.94        7.6625003198618508E-002   1.1512007266712932E-002
   345321362089338.19        6.3451186846225471E-002   1.0090475817483263E-002
   381819905938283.00        6.2857986594218207E-002   8.7579959780646668E-003
   422176142502886.50        4.4839822925000689E-002   7.5230940117191033E-003
   466797808408205.12        4.8587559514322962E-002   6.3900023142594436E-003
   516135735768663.31        3.7277179389505706E-002   5.3632369445285721E-003
   570688407141152.38        3.3943551388566758E-002   4.4436804674890286E-003
   631006991911294.25        2.5467597039751832E-002   3.6314560721548849E-003
   697700914997662.00        2.2972125905235348E-002   2.9244004981955761E-003
   771444014137016.88        1.3109755671319242E-002   2.3178112836752182E-003
   852981347960290.50        5.4357689244279826E-003   1.8061133602866274E-003
   943136723644249.75        1.1018882254859478E-002   1.3817352511602519E-003
   1042821020194007.4        3.3227772851457268E-003   1.0365845935453128E-003
   1153041391450117.2        7.3479526594707372E-003   7.6133160316290934E-004
   1274911441802237.8        5.4163935419518725E-003   5.4665764862313901E-004
   1409662477419032.8        1.4972190398242365E-003   3.8301505627896630E-004
   1558655946670379.0        0.0000000000000000        2.6139156039102924E-004
   1723397195432886.2        0.0000000000000000        1.7343413591238685E-004
   1905550676254563.8        0.0000000000000000        1.1161355600916794E-004
   2106956765043448.2        0.0000000000000000        6.9518194831172294E-005
   2329650355186525.0        0.0000000000000000        4.1791179908877137E-005
   2575881416963383.0        0.0000000000000000        2.4184382791089846E-005
   2848137729975369.0        0.0000000000000000        1.3429694945309877E-005
   3149170018265853.5        0.0000000000000000        7.1341539420397820E-006
   3482019742082599.5        0.0000000000000000        3.6119553735804777E-006
   3850049827074603.0        0.0000000000000000        1.7363600467576025E-006
   4256978641393801.0        0.0000000000000000        7.8932638890135054E-007
   4706917563987135.0        0.0000000000000000        3.3769327031972440E-007
   5204412523647679.0        0.0000000000000000        1.3532410398534594E-007
   5754489928512107.0        0.0000000000000000        5.0508836712050703E-008
   6362707450050128.0        0.0000000000000000        1.7459873517831910E-008
   7035210174638544.0        0.0000000000000000        5.5526816734825430E-009
   7778792690043883.0        0.0000000000000000        1.6136537287571444E-009
   8600967734100285.0        0.0000000000000000        4.2514743389896163E-010
   9510042099170130.0        0.0000000000000000        1.0071759858277053E-010
