   1.2566370614360001E-002   1.1697188875726285     
   1.7771531752634635E-002   1.2297411794714128     
   2.1765592370812048E-002  0.97293732251319176     
   2.5132741228720001E-002  0.83894353147689227     
   2.9562133651285849E-002  0.93962237780968816     
   3.8019517526813901E-002  0.95676337403516265     
   4.5116083860089251E-002   1.0469954808433972     
   5.5056809371101592E-002  0.98279069565679322     
   6.5848341545415051E-002   1.0398306521017253     
   7.9166690278415927E-002  0.99279055068735411     
   9.6964567215568481E-002   1.0833234078872167     
  0.11842995645747310        1.0484240436077217     
  0.14416104292042672        1.0891197301618285     
  0.17483851006932644        1.0952166250515183     
  0.21159335649904049        1.1544997310241407     
  0.25709616209838343        1.1670751337302163     
  0.31264156338248622        1.2612791786119788     
  0.37951482899164635        1.3723289023433649     
  0.46065736128088758        1.5082293984838211     
  0.55924736126635322        1.6725182754407029     
  0.67897524277408394        1.8746633203075191     
  0.82441551550693815        2.1133952211150389     
   1.0009764843865627        2.3857141379137001     
   1.2153763263333666        2.7043372397122658     
   1.4765846423066622        3.0323157001138878     
   1.2566370614360001E-002   1.1079064918185595     
   1.7771531752634635E-002   1.1897850502591791     
   2.1765592370812048E-002  0.84151806150604769     
   2.5132741228720001E-002  0.90867429933767485     
   2.9562133651285849E-002  0.98834916209690993     
   3.8019517526813901E-002  0.96649202241438448     
   4.5116083860089251E-002   1.0883678839036457     
   5.5056809371101592E-002  0.99318474669773882     
   6.5848341545415051E-002   1.0529537524358517     
   7.9166690278415927E-002   1.0038271796574851     
   9.6964567215568481E-002   1.1054356919576758     
  0.11842995645747310        1.0571841878460515     
  0.14416104292042672        1.1017594222482521     
  0.17483851006932644        1.1161542378732650     
  0.21159335649904049        1.1628505524447359     
  0.25709616209838343        1.1784498722660677     
  0.31264156338248622        1.2811188505818050     
  0.37951482899164635        1.4003551983223965     
  0.46065736128088758        1.5300516609843280     
  0.55924736126635322        1.7008556642329622     
  0.67897524277408394        1.9148813663343189     
  0.82441551550693815        2.1119667693086255     
   1.0009764843865627        2.3126983982298781     
   1.2153763263333666        2.5271085906017494     
   1.4765846423066622        2.7012185933793216     
   1.2566370614360001E-002   1.3122336406239787     
   1.7771531752634635E-002   1.0889838459250538     
   2.1765592370812048E-002  0.89658798571505260     
   2.5132741228720001E-002  0.99356751214447891     
   2.9562133651285849E-002  0.98757355872873354     
   3.8019517526813901E-002  0.96970652038894012     
   4.5116083860089251E-002   1.0598710890750693     
   5.5056809371101592E-002  0.97553744815246624     
   6.5848341545415051E-002  0.98936143096162721     
   7.9166690278415927E-002   1.0152762119269787     
   9.6964567215568481E-002   1.0839304569645534     
  0.11842995645747310        1.0011692061091273     
  0.14416104292042672        1.0655885090808708     
  0.17483851006932644        1.0927673407448004     
  0.21159335649904049        1.1335927748532635     
  0.25709616209838343        1.1715836133328359     
  0.31264156338248622        1.2748405279701054     
  0.37951482899164635        1.3637549689089850     
  0.46065736128088758        1.4817887230372095     
  0.55924736126635322        1.6265093941815529     
  0.67897524277408394        1.8043920100474873     
  0.82441551550693815        1.9640012088372043     
   1.0009764843865627        2.0639563915352093     
   1.2153763263333666        2.1736351345848459     
   1.4765846423066622        2.0434003287775688     
   1.2566370614360001E-002  0.35573413912843677     
   1.7771531752634635E-002   1.3805368384103418     
   2.1765592370812048E-002   1.2348143464825783     
   2.5132741228720001E-002   1.0548891341785083     
   2.9562133651285849E-002  0.94512710850852011     
   3.8019517526813901E-002  0.98456431556702284     
   4.5116083860089251E-002   1.0772277826284973     
   5.5056809371101592E-002  0.97840881264147461     
   6.5848341545415051E-002   1.0344102775767681     
   7.9166690278415927E-002   1.0148785472225328     
   9.6964567215568481E-002   1.0803113269053877     
  0.11842995645747310       0.93849435713167817     
  0.14416104292042672        1.0362563025154925     
  0.17483851006932644        1.0803773112802255     
  0.21159335649904049        1.1205488933681160     
  0.25709616209838343        1.1638583091040398     
  0.31264156338248622        1.2115496048023859     
  0.37951482899164635        1.3278748481858829     
  0.46065736128088758        1.5021929658279123     
  0.55924736126635322        1.5795281352395294     
  0.67897524277408394        1.7396724536057735     
  0.82441551550693815        1.8172863958126326     
   1.0009764843865627        1.8177405301500911     
   1.2153763263333666        1.6557028408643584     
   1.4765846423066622        1.1362100279524840     
   1.2566370614360001E-002  0.42325630193312885     
   1.7771531752634635E-002   1.6089836785531808     
   2.1765592370812048E-002   1.7291935964782801     
   2.5132741228720001E-002   1.2325429780853487     
   2.9562133651285849E-002  0.96315092705293881     
   3.8019517526813901E-002  0.88316997530560593     
   4.5116083860089251E-002  0.79692020038018752     
   5.5056809371101592E-002   1.0825196983453307     
   6.5848341545415051E-002   1.1977420551498250     
   7.9166690278415927E-002   1.0384073775453295     
   9.6964567215568481E-002   1.1894016385050901     
  0.11842995645747310       0.97035279163997024     
  0.14416104292042672        1.1976149488138352     
  0.17483851006932644        1.2141358062096914     
  0.21159335649904049        1.1800415398199700     
  0.25709616209838343        1.2573030254589692     
  0.31264156338248622        1.3881802271788775     
  0.37951482899164635        1.5440321935394994     
  0.46065736128088758        1.5889671032477790     
  0.55924736126635322        1.7026177443861241     
  0.67897524277408394        1.8699782316715927     
  0.82441551550693815        1.7713766651847864     
   1.0009764843865627        1.4746252962610071     
   1.2153763263333666        1.0142030286100150     
   1.4765846423066622      -0.13773164269270813     
   1.2566370614360001E-002   2.4461073165547020     
   1.7771531752634635E-002   1.3667327938547467     
   2.1765592370812048E-002   1.1958700269515106     
   2.5132741228720001E-002  0.79557358405593881     
   2.9562133651285849E-002  0.82510763227651573     
   3.8019517526813901E-002   1.0374048783723027     
   4.5116083860089251E-002  0.75799191220386386     
   5.5056809371101592E-002   1.0328424302283232     
   6.5848341545415051E-002  0.85258334115853740     
   7.9166690278415927E-002   1.0455289611989325     
   9.6964567215568481E-002  0.97030244907661978     
  0.11842995645747310       0.95438542066496324     
  0.14416104292042672       0.87220232715732859     
  0.17483851006932644       0.83356165350631140     
  0.21159335649904049       0.89955347579560796     
  0.25709616209838343        1.0419242485353806     
  0.31264156338248622        1.0826453433732486     
  0.37951482899164635        1.2019179836039298     
  0.46065736128088758        1.2107567633444494     
  0.55924736126635322        1.3547749394948199     
  0.67897524277408394        1.1967618275966923     
  0.82441551550693815        1.2150668152068806     
   1.0009764843865627       0.63462936927008273     
   1.2153763263333666       -5.4596646166907528E-002
   1.4765846423066622       -1.6131251884759870     
   1.2566370614360001E-002 -0.46143227835736855     
   1.7771531752634635E-002  0.45752772579681561     
   2.1765592370812048E-002   3.7099671163867938     
   2.5132741228720001E-002 -0.10839307064153426     
   2.9562133651285849E-002   1.0619196537113174     
   3.8019517526813901E-002   1.3396197247830246     
   4.5116083860089251E-002  0.81629344305914409     
   5.5056809371101592E-002   1.1112040201480629     
   6.5848341545415051E-002  0.91039522523961469     
   7.9166690278415927E-002  0.66432207972608071     
   9.6964567215568481E-002  0.85306742966529892     
  0.11842995645747310       0.98665322477252682     
  0.14416104292042672        1.0990544107089484     
  0.17483851006932644       0.76778108036226422     
  0.21159335649904049       0.86227006577316634     
  0.25709616209838343       0.88391011136826025     
  0.31264156338248622       0.75426752227954119     
  0.37951482899164635        1.1010893524729612     
  0.46065736128088758        1.2254595286675423     
  0.55924736126635322        1.2482364394356893     
  0.67897524277408394        1.3235832626421422     
  0.82441551550693815       0.59808880491727046     
   1.0009764843865627      -0.12970544590224428     
   1.2153763263333666      -0.89545814641093724     
   1.4765846423066622       -2.8211194409547931     
   1.2566370614360001E-002   1.7145113241068206     
   1.7771531752634635E-002 -0.77542766506933880     
   2.1765592370812048E-002   1.2228141999405258     
   2.5132741228720001E-002   2.4918975136787247     
   2.9562133651285849E-002  0.85547024921922266     
   3.8019517526813901E-002   1.0253042510857104     
   4.5116083860089251E-002   1.3987294009641746     
   5.5056809371101592E-002  0.43981708415188842     
   6.5848341545415051E-002  0.78433375527237859     
   7.9166690278415927E-002  0.67307240179506789     
   9.6964567215568481E-002   1.0403227372421116     
  0.11842995645747310       0.79571669252962329     
  0.14416104292042672       0.35462509503303513     
  0.17483851006932644       0.68201568151402570     
  0.21159335649904049       0.26018636549797947     
  0.25709616209838343       0.33222134203090781     
  0.31264156338248622       0.62158688394202766     
  0.37951482899164635       0.80950794464728948     
  0.46065736128088758       0.52910378461562002     
  0.55924736126635322       0.71460733757561712     
  0.67897524277408394       0.44546344304102709     
  0.82441551550693815      -0.17019843166620049     
   1.0009764843865627      -0.71602169263465976     
   1.2153763263333666       -1.2748797978073818     
   1.4765846423066622       -1.4316572795830740     
   1.2566370614360001E-002   1.1079064918185595     
   1.7771531752634635E-002   1.1897850502591791     
   2.1765592370812048E-002  0.84151806150604769     
   2.5132741228720001E-002  0.90867429933767485     
   2.9562133651285849E-002  0.98834916209690993     
   3.8019517526813901E-002  0.96649202241438448     
   4.5116083860089251E-002   1.0883678839036457     
   5.5056809371101592E-002  0.99318474669773882     
   6.5848341545415051E-002   1.0529537524358517     
   7.9166690278415927E-002   1.0038271796574851     
   9.6964567215568481E-002   1.1054356919576758     
  0.11842995645747310        1.0571841878460515     
  0.14416104292042672        1.1017594222482521     
  0.17483851006932644        1.1161542378732650     
  0.21159335649904049        1.1628505524447359     
  0.25709616209838343        1.1784498722660677     
  0.31264156338248622        1.2811188505818050     
  0.37951482899164635        1.4003551983223965     
  0.46065736128088758        1.5300516609843280     
  0.55924736126635322        1.7008556642329622     
  0.67897524277408394        1.9148813663343189     
  0.82441551550693815        2.1119667693086255     
   1.0009764843865627        2.3126983982298781     
   1.2153763263333666        2.5271085906017494     
   1.4765846423066622        2.7012185933793216     
   1.2566370614360001E-002   1.1132039786147594     
   1.7771531752634635E-002   1.1269650877319455     
   2.1765592370812048E-002  0.72247325153182396     
   2.5132741228720001E-002   1.0025530056229517     
   2.9562133651285849E-002   1.0233869884356215     
   3.8019517526813901E-002  0.99588967709576859     
   4.5116083860089251E-002   1.1533559724696019     
   5.5056809371101592E-002   1.0106488402062808     
   6.5848341545415051E-002   1.0548756542184194     
   7.9166690278415927E-002   1.0204183828074920     
   9.6964567215568481E-002   1.1310426530101698     
  0.11842995645747310        1.0712128201863005     
  0.14416104292042672        1.1451898972291075     
  0.17483851006932644        1.1531359084804691     
  0.21159335649904049        1.2153021091069425     
  0.25709616209838343        1.2849157542079879     
  0.31264156338248622        1.3649955607115813     
  0.37951482899164635        1.5154853006133868     
  0.46065736128088758        1.6265644836510680     
  0.55924736126635322        1.8291965461927731     
  0.67897524277408394        1.9869679703608747     
  0.82441551550693815        2.1011742542252305     
   1.0009764843865627        2.2317378021319358     
   1.2153763263333666        2.2620134598168882     
   1.4765846423066622        2.3786876249500728     
   1.2566370614360001E-002   1.3232049709365834     
   1.7771531752634635E-002   1.1037475306952147     
   2.1765592370812048E-002  0.71192245946184063     
   2.5132741228720001E-002   1.0290754500468764     
   2.9562133651285849E-002   1.0380413819805612     
   3.8019517526813901E-002  0.97826821769535388     
   4.5116083860089251E-002   1.1319458909917879     
   5.5056809371101592E-002  0.97911800793623027     
   6.5848341545415051E-002   1.0236388009344581     
   7.9166690278415927E-002   1.0519808655738265     
   9.6964567215568481E-002   1.0801093696172894     
  0.11842995645747310        1.0016268392583787     
  0.14416104292042672        1.1000722172968995     
  0.17483851006932644        1.1351355052689738     
  0.21159335649904049        1.1976194872161110     
  0.25709616209838343        1.2314652506033437     
  0.31264156338248622        1.3224755252533222     
  0.37951482899164635        1.4742041013272222     
  0.46065736128088758        1.5712954952346221     
  0.55924736126635322        1.6366982019201028     
  0.67897524277408394        1.7884112914202779     
  0.82441551550693815        1.8405165324658159     
   1.0009764843865627        1.7393942546198395     
   1.2153763263333666        1.6251372432608080     
   1.4765846423066622        1.3138946124336504     
   1.2566370614360001E-002   7.4297403369363996E-002
   1.7771531752634635E-002   1.2055017293999146     
   2.1765592370812048E-002   1.0809363370723717     
   2.5132741228720001E-002   1.0297375271141469     
   2.9562133651285849E-002   1.0269155235767753     
   3.8019517526813901E-002  0.97322823121893209     
   4.5116083860089251E-002   1.1066304092904160     
   5.5056809371101592E-002  0.97471103777828738     
   6.5848341545415051E-002   1.0719202466479976     
   7.9166690278415927E-002   1.0444463072801882     
   9.6964567215568481E-002   1.0865397671802983     
  0.11842995645747310       0.91467548363388240     
  0.14416104292042672        1.0537304801632479     
  0.17483851006932644        1.1084216368476383     
  0.21159335649904049        1.1281002249867891     
  0.25709616209838343        1.1302949399154341     
  0.31264156338248622        1.1068338704944145     
  0.37951482899164635        1.3058233568931354     
  0.46065736128088758        1.4000489097833537     
  0.55924736126635322        1.4021979492616601     
  0.67897524277408394        1.4218400307967292     
  0.82441551550693815        1.4283841620301829     
   1.0009764843865627        1.1959284613619894     
   1.2153763263333666       0.76339478873993249     
   1.4765846423066622        3.4424286825622237E-003
   1.2566370614360001E-002  0.30322231127939436     
   1.7771531752634635E-002   1.3171000661892394     
   2.1765592370812048E-002   1.5128857004869261     
   2.5132741228720001E-002   1.2562148142656995     
   2.9562133651285849E-002   1.0293920500002522     
   3.8019517526813901E-002   1.0233791622988733     
   4.5116083860089251E-002  0.73328942298802990     
   5.5056809371101592E-002   1.0824739195325295     
   6.5848341545415051E-002   1.2472617144851148     
   7.9166690278415927E-002   1.1107199871523787     
   9.6964567215568481E-002   1.3704224864683576     
  0.11842995645747310        1.0008906841751688     
  0.14416104292042672        1.2823342445608572     
  0.17483851006932644        1.1749424615106714     
  0.21159335649904049        1.1949100773590171     
  0.25709616209838343        1.2244790790559426     
  0.31264156338248622        1.3608774828750230     
  0.37951482899164635        1.3268007340096772     
  0.46065736128088758        1.3716859496011347     
  0.55924736126635322        1.3818120489875878     
  0.67897524277408394        1.3834481385672781     
  0.82441551550693815        1.0602049826915765     
   1.0009764843865627       0.53331653268874368     
   1.2153763263333666       -6.9407313066751353E-002
   1.4765846423066622      -0.99361228203306373     
   1.2566370614360001E-002   2.4709312377065076     
   1.7771531752634635E-002   1.4774601259370941     
   2.1765592370812048E-002  0.72204746877299419     
   2.5132741228720001E-002  0.82140270795567216     
   2.9562133651285849E-002  0.78490921940775527     
   3.8019517526813901E-002   1.1649879330733486     
   4.5116083860089251E-002  0.82086438969989595     
   5.5056809371101592E-002   1.1810065713914066     
   6.5848341545415051E-002  0.87934247959979006     
   7.9166690278415927E-002   1.1333002936564529     
   9.6964567215568481E-002   1.0059783337411785     
  0.11842995645747310       0.98237840659229858     
  0.14416104292042672       0.97144603966977205     
  0.17483851006932644       0.93484337169398313     
  0.21159335649904049       0.84374564307344269     
  0.25709616209838343       0.96041526190952309     
  0.31264156338248622       0.84122877274344743     
  0.37951482899164635        1.0708172211086417     
  0.46065736128088758       0.95951277441634664     
  0.55924736126635322       0.81573557348762760     
  0.67897524277408394       0.77650583082784808     
  0.82441551550693815       0.65735372210263432     
   1.0009764843865627       0.23330594902439786     
   1.2153763263333666      -0.18744822977007020     
   1.4765846423066622       -1.8688280193702826     
   1.2566370614360001E-002 -0.25990244614639663     
   1.7771531752634635E-002  0.43270330882516711     
   2.1765592370812048E-002   3.2796317477445172     
   2.5132741228720001E-002   2.3974264435004371E-002
   2.9562133651285849E-002   1.3302201933417817     
   3.8019517526813901E-002   1.2975489364318111     
   4.5116083860089251E-002  0.99559605266029749     
   5.5056809371101592E-002   1.1181180633946801     
   6.5848341545415051E-002   1.2240023285962867     
   7.9166690278415927E-002  0.67846362307848218     
   9.6964567215568481E-002   1.0473674756116227     
  0.11842995645747310        1.0103170050154815     
  0.14416104292042672        1.0057762672784785     
  0.17483851006932644       0.90463372857259827     
  0.21159335649904049       0.92727235592049151     
  0.25709616209838343        1.0076801685331371     
  0.31264156338248622       0.53444060250678360     
  0.37951482899164635       0.95660756957910642     
  0.46065736128088758       0.92347757084278215     
  0.55924736126635322       0.71563176701671771     
  0.67897524277408394        1.0679009608295185     
  0.82441551550693815       0.23220449091502146     
   1.0009764843865627      -0.42360918880646053     
   1.2153763263333666       -1.6590315935208577     
   1.4765846423066622       -1.7550236571352422     
   1.2566370614360001E-002  0.71721593459493060     
   1.7771531752634635E-002  -1.1270959849997115     
   2.1765592370812048E-002   1.4040399339300227     
   2.5132741228720001E-002   3.0035137317403078     
   2.9562133651285849E-002   1.2241972751800716     
   3.8019517526813901E-002   1.0734933339795709     
   4.5116083860089251E-002   1.5222959170528831     
   5.5056809371101592E-002  0.39797602432568358     
   6.5848341545415051E-002  0.96566164547653255     
   7.9166690278415927E-002  0.65298031377535437     
   9.6964567215568481E-002   1.2104316318319768     
  0.11842995645747310       0.61690260857105805     
  0.14416104292042672       0.93138356128447952     
  0.17483851006932644       0.91796674561543845     
  0.21159335649904049       0.75716213280954914     
  0.25709616209838343       0.11488772040726238     
  0.31264156338248622       0.83646858932975843     
  0.37951482899164635        1.0943254773609830     
  0.46065736128088758       0.39906524095634188     
  0.55924736126635322       0.66365321082277007     
  0.67897524277408394      -0.39493286758078650     
  0.82441551550693815      -0.34746963720837659     
   1.0009764843865627      -0.90023031313321167     
   1.2153763263333666       -1.2103558398183627     
   1.4765846423066622       -1.2575950639439348     
   1.2566370614360001E-002   1.3122336406239787     
   1.7771531752634635E-002   1.0889838459250538     
   2.1765592370812048E-002  0.89658798571505260     
   2.5132741228720001E-002  0.99356751214447891     
   2.9562133651285849E-002  0.98757355872873354     
   3.8019517526813901E-002  0.96970652038894012     
   4.5116083860089251E-002   1.0598710890750693     
   5.5056809371101592E-002  0.97553744815246624     
   6.5848341545415051E-002  0.98936143096162721     
   7.9166690278415927E-002   1.0152762119269787     
   9.6964567215568481E-002   1.0839304569645534     
  0.11842995645747310        1.0011692061091273     
  0.14416104292042672        1.0655885090808708     
  0.17483851006932644        1.0927673407448004     
  0.21159335649904049        1.1335927748532635     
  0.25709616209838343        1.1715836133328359     
  0.31264156338248622        1.2748405279701054     
  0.37951482899164635        1.3637549689089850     
  0.46065736128088758        1.4817887230372095     
  0.55924736126635322        1.6265093941815529     
  0.67897524277408394        1.8043920100474873     
  0.82441551550693815        1.9640012088372043     
   1.0009764843865627        2.0639563915352093     
   1.2153763263333666        2.1736351345848459     
   1.4765846423066622        2.0434003287775688     
   1.2566370614360001E-002   1.3232049709365834     
   1.7771531752634635E-002   1.1037475306952147     
   2.1765592370812048E-002  0.71192245946184063     
   2.5132741228720001E-002   1.0290754500468764     
   2.9562133651285849E-002   1.0380413819805612     
   3.8019517526813901E-002  0.97826821769535388     
   4.5116083860089251E-002   1.1319458909917879     
   5.5056809371101592E-002  0.97911800793623027     
   6.5848341545415051E-002   1.0236388009344581     
   7.9166690278415927E-002   1.0519808655738265     
   9.6964567215568481E-002   1.0801093696172894     
  0.11842995645747310        1.0016268392583787     
  0.14416104292042672        1.1000722172968995     
  0.17483851006932644        1.1351355052689738     
  0.21159335649904049        1.1976194872161110     
  0.25709616209838343        1.2314652506033437     
  0.31264156338248622        1.3224755252533222     
  0.37951482899164635        1.4742041013272222     
  0.46065736128088758        1.5712954952346221     
  0.55924736126635322        1.6366982019201028     
  0.67897524277408394        1.7884112914202779     
  0.82441551550693815        1.8405165324658159     
   1.0009764843865627        1.7393942546198395     
   1.2153763263333666        1.6251372432608080     
   1.4765846423066622        1.3138946124336504     
   1.2566370614360001E-002   1.3726722932000099     
   1.7771531752634635E-002  0.96087927705278220     
   2.1765592370812048E-002  0.85718442665604422     
   2.5132741228720001E-002   1.1287116874575127     
   2.9562133651285849E-002   1.0381578219328123     
   3.8019517526813901E-002  0.91473604219774995     
   4.5116083860089251E-002   1.1281810030324897     
   5.5056809371101592E-002  0.90873953704786803     
   6.5848341545415051E-002  0.99007350947361217     
   7.9166690278415927E-002   1.0324309838296275     
   9.6964567215568481E-002   1.1045242747530550     
  0.11842995645747310       0.99273848228727191     
  0.14416104292042672        1.1134260764639519     
  0.17483851006932644        1.1424615811073309     
  0.21159335649904049        1.2533130673739616     
  0.25709616209838343        1.2873198808555577     
  0.31264156338248622        1.4170465528292988     
  0.37951482899164635        1.5039030924281849     
  0.46065736128088758        1.5704705750791161     
  0.55924736126635322        1.6389362780940810     
  0.67897524277408394        1.6777008553218242     
  0.82441551550693815        1.5137058411285809     
   1.0009764843865627        1.4104048647888965     
   1.2153763263333666        1.1213221714804509     
   1.4765846423066622        1.3899240858748669     
   1.2566370614360001E-002  0.20560703803202660     
   1.7771531752634635E-002   1.0004802708412226     
   2.1765592370812048E-002   1.0579197862003655     
   2.5132741228720001E-002   1.1788477470411571     
   2.9562133651285849E-002  0.99019201106245203     
   3.8019517526813901E-002  0.93080809265978004     
   4.5116083860089251E-002   1.1118918323562843     
   5.5056809371101592E-002  0.99984828603838960     
   6.5848341545415051E-002  0.98918142517613583     
   7.9166690278415927E-002   1.1268256566984656     
   9.6964567215568481E-002   1.1086446290468712     
  0.11842995645747310        1.0420084561621692     
  0.14416104292042672        1.0977369180705070     
  0.17483851006932644        1.2123762078191662     
  0.21159335649904049        1.2965555894521292     
  0.25709616209838343        1.3402475096337731     
  0.31264156338248622        1.4081046912750430     
  0.37951482899164635        1.5268710821834723     
  0.46065736128088758        1.5628172718316102     
  0.55924736126635322        1.5360325797120231     
  0.67897524277408394        1.5617120464162788     
  0.82441551550693815        1.1722150218021514     
   1.0009764843865627        1.0479610064923666     
   1.2153763263333666       0.60316114665774911     
   1.4765846423066622       -8.2932713920213355E-002
   1.2566370614360001E-002  0.58553810134904849     
   1.7771531752634635E-002  0.86231329811430679     
   2.1765592370812048E-002   1.4897441877122781     
   2.5132741228720001E-002   1.4799006561323320     
   2.9562133651285849E-002   1.0510862645612826     
   3.8019517526813901E-002  0.93466908177401342     
   4.5116083860089251E-002  0.67781537102017642     
   5.5056809371101592E-002   1.0232830017496253     
   6.5848341545415051E-002   1.2025441530186802     
   7.9166690278415927E-002  0.93889736725836015     
   9.6964567215568481E-002   1.1987373295186330     
  0.11842995645747310       0.92187257845543280     
  0.14416104292042672        1.2325162056530767     
  0.17483851006932644        1.2033464757070598     
  0.21159335649904049        1.2405197269008328     
  0.25709616209838343        1.2306797593738492     
  0.31264156338248622        1.3946889947135019     
  0.37951482899164635        1.4783510066575374     
  0.46065736128088758        1.3982872467901020     
  0.55924736126635322        1.3794056941672372     
  0.67897524277408394        1.5752800369693747     
  0.82441551550693815        1.0556610620710503     
   1.0009764843865627       0.32297769277429272     
   1.2153763263333666      -0.10671624291039732     
   1.4765846423066622      -0.70069478151231190     
   1.2566370614360001E-002   3.1175545897747883     
   1.7771531752634635E-002   1.1433258640292387     
   2.1765592370812048E-002   1.4977834564299488     
   2.5132741228720001E-002  0.86031744843247870     
   2.9562133651285849E-002  0.83908101621617104     
   3.8019517526813901E-002  0.96326097752660811     
   4.5116083860089251E-002  0.55343344689640106     
   5.5056809371101592E-002   1.0812432454576724     
   6.5848341545415051E-002  0.91080439120810497     
   7.9166690278415927E-002   1.1229027300606371     
   9.6964567215568481E-002  0.77494406774314006     
  0.11842995645747310       0.70410263356999148     
  0.14416104292042672       0.82763140205927754     
  0.17483851006932644       0.80472242499299540     
  0.21159335649904049       0.85553584990752263     
  0.25709616209838343        1.0131358814290188     
  0.31264156338248622        1.1367507589757966     
  0.37951482899164635        1.0892536746211625     
  0.46065736128088758       0.74969720168991982     
  0.55924736126635322       0.76516799608834796     
  0.67897524277408394       0.65117102205088073     
  0.82441551550693815       0.37315805367208033     
   1.0009764843865627      -0.29428752099642774     
   1.2153763263333666      -0.79257340064493687     
   1.4765846423066622       -1.9774160401445438     
   1.2566370614360001E-002   8.6655076850764817E-002
   1.7771531752634635E-002  0.74846168462399199     
   2.1765592370812048E-002   3.2099965129212027     
   2.5132741228720001E-002  -5.9043349707028230E-002
   2.9562133651285849E-002  0.73263233805274353     
   3.8019517526813901E-002   1.2766449113624980     
   4.5116083860089251E-002  0.90777319158950542     
   5.5056809371101592E-002   1.7582790060154778     
   6.5848341545415051E-002  0.49738367351365592     
   7.9166690278415927E-002   1.0178579349435122     
   9.6964567215568481E-002  0.91777597857545512     
  0.11842995645747310       0.87519811466947273     
  0.14416104292042672        1.1954900203266690     
  0.17483851006932644       0.67865760366099803     
  0.21159335649904049       0.56075310365020592     
  0.25709616209838343       0.96653573463205478     
  0.31264156338248622       0.75384633563300651     
  0.37951482899164635       0.91735829053620210     
  0.46065736128088758       0.91420493674883418     
  0.55924736126635322       0.18164415881077819     
  0.67897524277408394       0.51824737158215617     
  0.82441551550693815      -0.28009686105825932     
   1.0009764843865627       0.32056352583993802     
   1.2153763263333666       0.98483373246565598     
   1.4765846423066622       -1.3263074783941224     
   1.2566370614360001E-002  0.84317675918762702     
   1.7771531752634635E-002  -1.2478491468551034     
   2.1765592370812048E-002   1.6734742209841651     
   2.5132741228720001E-002   2.8035374299557132     
   2.9562133651285849E-002   1.1795283273788171     
   3.8019517526813901E-002  0.66978401609843774     
   4.5116083860089251E-002   1.3662507001116881     
   5.5056809371101592E-002  0.50295583169598779     
   6.5848341545415051E-002  0.80928602751236800     
   7.9166690278415927E-002  0.63504370099990792     
   9.6964567215568481E-002  0.78193283811284942     
  0.11842995645747310       0.68614087801124790     
  0.14416104292042672       0.52561516492364802     
  0.17483851006932644       0.32043483618489332     
  0.21159335649904049       -7.3087882690934230E-003
  0.25709616209838343        7.2747300766771480E-002
  0.31264156338248622       0.39364059128705758     
  0.37951482899164635        6.5352410531023308E-002
  0.46065736128088758      -0.51733257036900160     
  0.55924736126635322      -0.48875024303269665     
  0.67897524277408394      -0.75584341542982525     
  0.82441551550693815       0.34302249669018087     
   1.0009764843865627      -0.35103150825483398     
   1.2153763263333666       0.57963732096642540     
   1.4765846423066622       -1.1372075597626043     
   1.2566370614360001E-002  0.35573413912843677     
   1.7771531752634635E-002   1.3805368384103418     
   2.1765592370812048E-002   1.2348143464825783     
   2.5132741228720001E-002   1.0548891341785083     
   2.9562133651285849E-002  0.94512710850852011     
   3.8019517526813901E-002  0.98456431556702284     
   4.5116083860089251E-002   1.0772277826284973     
   5.5056809371101592E-002  0.97840881264147461     
   6.5848341545415051E-002   1.0344102775767681     
   7.9166690278415927E-002   1.0148785472225328     
   9.6964567215568481E-002   1.0803113269053877     
  0.11842995645747310       0.93849435713167817     
  0.14416104292042672        1.0362563025154925     
  0.17483851006932644        1.0803773112802255     
  0.21159335649904049        1.1205488933681160     
  0.25709616209838343        1.1638583091040398     
  0.31264156338248622        1.2115496048023859     
  0.37951482899164635        1.3278748481858829     
  0.46065736128088758        1.5021929658279123     
  0.55924736126635322        1.5795281352395294     
  0.67897524277408394        1.7396724536057735     
  0.82441551550693815        1.8172863958126326     
   1.0009764843865627        1.8177405301500911     
   1.2153763263333666        1.6557028408643584     
   1.4765846423066622        1.1362100279524840     
   1.2566370614360001E-002   7.4297403369363996E-002
   1.7771531752634635E-002   1.2055017293999146     
   2.1765592370812048E-002   1.0809363370723717     
   2.5132741228720001E-002   1.0297375271141469     
   2.9562133651285849E-002   1.0269155235767753     
   3.8019517526813901E-002  0.97322823121893209     
   4.5116083860089251E-002   1.1066304092904160     
   5.5056809371101592E-002  0.97471103777828738     
   6.5848341545415051E-002   1.0719202466479976     
   7.9166690278415927E-002   1.0444463072801882     
   9.6964567215568481E-002   1.0865397671802983     
  0.11842995645747310       0.91467548363388240     
  0.14416104292042672        1.0537304801632479     
  0.17483851006932644        1.1084216368476383     
  0.21159335649904049        1.1281002249867891     
  0.25709616209838343        1.1302949399154341     
  0.31264156338248622        1.1068338704944145     
  0.37951482899164635        1.3058233568931354     
  0.46065736128088758        1.4000489097833537     
  0.55924736126635322        1.4021979492616601     
  0.67897524277408394        1.4218400307967292     
  0.82441551550693815        1.4283841620301829     
   1.0009764843865627        1.1959284613619894     
   1.2153763263333666       0.76339478873993249     
   1.4765846423066622        3.4424286825622237E-003
   1.2566370614360001E-002  0.20560703803202660     
   1.7771531752634635E-002   1.0004802708412226     
   2.1765592370812048E-002   1.0579197862003655     
   2.5132741228720001E-002   1.1788477470411571     
   2.9562133651285849E-002  0.99019201106245203     
   3.8019517526813901E-002  0.93080809265978004     
   4.5116083860089251E-002   1.1118918323562843     
   5.5056809371101592E-002  0.99984828603838960     
   6.5848341545415051E-002  0.98918142517613583     
   7.9166690278415927E-002   1.1268256566984656     
   9.6964567215568481E-002   1.1086446290468712     
  0.11842995645747310        1.0420084561621692     
  0.14416104292042672        1.0977369180705070     
  0.17483851006932644        1.2123762078191662     
  0.21159335649904049        1.2965555894521292     
  0.25709616209838343        1.3402475096337731     
  0.31264156338248622        1.4081046912750430     
  0.37951482899164635        1.5268710821834723     
  0.46065736128088758        1.5628172718316102     
  0.55924736126635322        1.5360325797120231     
  0.67897524277408394        1.5617120464162788     
  0.82441551550693815        1.1722150218021514     
   1.0009764843865627        1.0479610064923666     
   1.2153763263333666       0.60316114665774911     
   1.4765846423066622       -8.2932713920213355E-002
   1.2566370614360001E-002  0.39837417214584325     
   1.7771531752634635E-002   1.2649786189302787     
   2.1765592370812048E-002   1.4869726608090896     
   2.5132741228720001E-002   1.2431484630549794     
   2.9562133651285849E-002  0.75507077068327622     
   3.8019517526813901E-002   1.1852262520178463     
   4.5116083860089251E-002   1.0531133750515647     
   5.5056809371101592E-002  0.81782834294535223     
   6.5848341545415051E-002  0.95881909111907704     
   7.9166690278415927E-002   1.1599293145575287     
   9.6964567215568481E-002   1.1894223432440791     
  0.11842995645747310        1.0560207881516297     
  0.14416104292042672        1.3392061978491407     
  0.17483851006932644        1.3565591120760283     
  0.21159335649904049        1.6061535122645731     
  0.25709616209838343        1.4299247087291531     
  0.31264156338248622        1.5088669633127558     
  0.37951482899164635        1.3983912168898345     
  0.46065736128088758        1.5333479238380747     
  0.55924736126635322        1.6381498778391699     
  0.67897524277408394       0.99260395050523187     
  0.82441551550693815        1.1596106539780267     
   1.0009764843865627       0.66005983187250539     
   1.2153763263333666      -0.11956066370701962     
   1.4765846423066622        2.6226410472041293     
   1.2566370614360001E-002  0.26211688884400408     
   1.7771531752634635E-002   2.1828722842731523     
   2.1765592370812048E-002   2.5673445605068506     
   2.5132741228720001E-002   1.6837877529490306     
   2.9562133651285849E-002  0.88465648019397591     
   3.8019517526813901E-002   1.1095321138919652     
   4.5116083860089251E-002  0.64589323612217919     
   5.5056809371101592E-002  0.96934377456979781     
   6.5848341545415051E-002   1.1467177339819845     
   7.9166690278415927E-002   1.0134246378324947     
   9.6964567215568481E-002   1.3718768356955340     
  0.11842995645747310        1.1606003558887943     
  0.14416104292042672        1.3405507095699392     
  0.17483851006932644        1.4153556600395327     
  0.21159335649904049        1.5195017890003504     
  0.25709616209838343        1.4336642573054195     
  0.31264156338248622        1.3135278754226380     
  0.37951482899164635        1.1610420137711079     
  0.46065736128088758        1.2880812591365394     
  0.55924736126635322        1.4233761791633701     
  0.67897524277408394        1.2784442090358870     
  0.82441551550693815       0.85792583032349212     
   1.0009764843865627        1.2505208969105939     
   1.2153763263333666       0.80972648413324966     
   1.4765846423066622       -1.3943358891068798     
   1.2566370614360001E-002   1.3899097456514986     
   1.7771531752634635E-002   1.4628414953400659     
   2.1765592370812048E-002   1.1579587349804288     
   2.5132741228720001E-002   1.0246040220059045     
   2.9562133651285849E-002  0.76163137770762768     
   3.8019517526813901E-002   1.1748644608295298     
   4.5116083860089251E-002  0.84678192627656801     
   5.5056809371101592E-002  0.87619531499857684     
   6.5848341545415051E-002  0.86434627120754925     
   7.9166690278415927E-002   1.1026756181090585     
   9.6964567215568481E-002   1.0756092831598980     
  0.11842995645747310       0.83651201990152457     
  0.14416104292042672       0.96905024389486238     
  0.17483851006932644       0.87829793886910401     
  0.21159335649904049       0.97468781436622998     
  0.25709616209838343        1.1006697568449428     
  0.31264156338248622       0.68585666731325245     
  0.37951482899164635        1.6880205781101367     
  0.46065736128088758       0.69544900363016371     
  0.55924736126635322       0.50811188918194317     
  0.67897524277408394       -2.0726627509689153E-002
  0.82441551550693815      -0.16204353981433028     
   1.0009764843865627       -1.1017869841415411     
   1.2153763263333666      -0.49752887913547700     
   1.4765846423066622      -0.24475030869264358     
   1.2566370614360001E-002  -1.4053184971490706     
   1.7771531752634635E-002  0.50965543947286429     
   2.1765592370812048E-002   3.4777628992543965     
   2.5132741228720001E-002 -0.25284248404825632     
   2.9562133651285849E-002  0.85588263145255727     
   3.8019517526813901E-002   1.1440600839815638     
   4.5116083860089251E-002  0.87034698884521888     
   5.5056809371101592E-002  0.97552441735001627     
   6.5848341545415051E-002   1.0955056651336856     
   7.9166690278415927E-002  0.95282669882052939     
   9.6964567215568481E-002  0.79420464839042970     
  0.11842995645747310        1.1317848956273180     
  0.14416104292042672       0.75183923951453158     
  0.17483851006932644       0.26615730881179767     
  0.21159335649904049       0.45368299684033020     
  0.25709616209838343        1.1457258679192410     
  0.31264156338248622       0.27813361553298721     
  0.37951482899164635       0.85212346893834756     
  0.46065736128088758       0.77288619140039616     
  0.55924736126635322       0.71254137242683613     
  0.67897524277408394        1.9158908478740204     
  0.82441551550693815        1.3086815326673986     
   1.0009764843865627       0.21003660642009231     
   1.2153763263333666        1.1793241003135040     
   1.4765846423066622       -2.2184322126536018     
   1.2566370614360001E-002 -0.85794752195890422     
   1.7771531752634635E-002 -0.50347940965125038     
   2.1765592370812048E-002   2.0563895692754426     
   2.5132741228720001E-002   3.4339654394498345     
   2.9562133651285849E-002   1.1785538326205003     
   3.8019517526813901E-002   1.3486732845791518     
   4.5116083860089251E-002   1.6632233578595697     
   5.5056809371101592E-002  0.51914232465101118     
   6.5848341545415051E-002  0.52587440725629442     
   7.9166690278415927E-002  0.33054121122880131     
   9.6964567215568481E-002  0.75884480039794000     
  0.11842995645747310       0.50859580761627077     
  0.14416104292042672       0.18043023376800679     
  0.17483851006932644       0.47899150818355041     
  0.21159335649904049       0.60563976279084974     
  0.25709616209838343       0.21156440401031892     
  0.31264156338248622       0.71069741331650027     
  0.37951482899164635       0.87176076626424570     
  0.46065736128088758       0.95258517878412285     
  0.55924736126635322        1.1287671485277240     
  0.67897524277408394      -0.35013065333091159     
  0.82441551550693815       -1.2482683540310211     
   1.0009764843865627       -1.8185682229198912     
   1.2153763263333666       -2.0911926347249592     
   1.4765846423066622       -5.2876969147106240E-002
   1.2566370614360001E-002  0.42325630193312885     
   1.7771531752634635E-002   1.6089836785531808     
   2.1765592370812048E-002   1.7291935964782801     
   2.5132741228720001E-002   1.2325429780853487     
   2.9562133651285849E-002  0.96315092705293881     
   3.8019517526813901E-002  0.88316997530560593     
   4.5116083860089251E-002  0.79692020038018752     
   5.5056809371101592E-002   1.0825196983453307     
   6.5848341545415051E-002   1.1977420551498250     
   7.9166690278415927E-002   1.0384073775453295     
   9.6964567215568481E-002   1.1894016385050901     
  0.11842995645747310       0.97035279163997024     
  0.14416104292042672        1.1976149488138352     
  0.17483851006932644        1.2141358062096914     
  0.21159335649904049        1.1800415398199700     
  0.25709616209838343        1.2573030254589692     
  0.31264156338248622        1.3881802271788775     
  0.37951482899164635        1.5440321935394994     
  0.46065736128088758        1.5889671032477790     
  0.55924736126635322        1.7026177443861241     
  0.67897524277408394        1.8699782316715927     
  0.82441551550693815        1.7713766651847864     
   1.0009764843865627        1.4746252962610071     
   1.2153763263333666        1.0142030286100150     
   1.4765846423066622      -0.13773164269270813     
   1.2566370614360001E-002  0.30322231127939436     
   1.7771531752634635E-002   1.3171000661892394     
   2.1765592370812048E-002   1.5128857004869261     
   2.5132741228720001E-002   1.2562148142656995     
   2.9562133651285849E-002   1.0293920500002522     
   3.8019517526813901E-002   1.0233791622988733     
   4.5116083860089251E-002  0.73328942298802990     
   5.5056809371101592E-002   1.0824739195325295     
   6.5848341545415051E-002   1.2472617144851148     
   7.9166690278415927E-002   1.1107199871523787     
   9.6964567215568481E-002   1.3704224864683576     
  0.11842995645747310        1.0008906841751688     
  0.14416104292042672        1.2823342445608572     
  0.17483851006932644        1.1749424615106714     
  0.21159335649904049        1.1949100773590171     
  0.25709616209838343        1.2244790790559426     
  0.31264156338248622        1.3608774828750230     
  0.37951482899164635        1.3268007340096772     
  0.46065736128088758        1.3716859496011347     
  0.55924736126635322        1.3818120489875878     
  0.67897524277408394        1.3834481385672781     
  0.82441551550693815        1.0602049826915765     
   1.0009764843865627       0.53331653268874368     
   1.2153763263333666       -6.9407313066751353E-002
   1.4765846423066622      -0.99361228203306373     
   1.2566370614360001E-002  0.58553810134904849     
   1.7771531752634635E-002  0.86231329811430679     
   2.1765592370812048E-002   1.4897441877122781     
   2.5132741228720001E-002   1.4799006561323320     
   2.9562133651285849E-002   1.0510862645612826     
   3.8019517526813901E-002  0.93466908177401342     
   4.5116083860089251E-002  0.67781537102017642     
   5.5056809371101592E-002   1.0232830017496253     
   6.5848341545415051E-002   1.2025441530186802     
   7.9166690278415927E-002  0.93889736725836015     
   9.6964567215568481E-002   1.1987373295186330     
  0.11842995645747310       0.92187257845543280     
  0.14416104292042672        1.2325162056530767     
  0.17483851006932644        1.2033464757070598     
  0.21159335649904049        1.2405197269008328     
  0.25709616209838343        1.2306797593738492     
  0.31264156338248622        1.3946889947135019     
  0.37951482899164635        1.4783510066575374     
  0.46065736128088758        1.3982872467901020     
  0.55924736126635322        1.3794056941672372     
  0.67897524277408394        1.5752800369693747     
  0.82441551550693815        1.0556610620710503     
   1.0009764843865627       0.32297769277429272     
   1.2153763263333666      -0.10671624291039732     
   1.4765846423066622      -0.70069478151231190     
   1.2566370614360001E-002  0.26211688884400408     
   1.7771531752634635E-002   2.1828722842731523     
   2.1765592370812048E-002   2.5673445605068506     
   2.5132741228720001E-002   1.6837877529490306     
   2.9562133651285849E-002  0.88465648019397591     
   3.8019517526813901E-002   1.1095321138919652     
   4.5116083860089251E-002  0.64589323612217919     
   5.5056809371101592E-002  0.96934377456979781     
   6.5848341545415051E-002   1.1467177339819845     
   7.9166690278415927E-002   1.0134246378324947     
   9.6964567215568481E-002   1.3718768356955340     
  0.11842995645747310        1.1606003558887943     
  0.14416104292042672        1.3405507095699392     
  0.17483851006932644        1.4153556600395327     
  0.21159335649904049        1.5195017890003504     
  0.25709616209838343        1.4336642573054195     
  0.31264156338248622        1.3135278754226380     
  0.37951482899164635        1.1610420137711079     
  0.46065736128088758        1.2880812591365394     
  0.55924736126635322        1.4233761791633701     
  0.67897524277408394        1.2784442090358870     
  0.82441551550693815       0.85792583032349212     
   1.0009764843865627        1.2505208969105939     
   1.2153763263333666       0.80972648413324966     
   1.4765846423066622       -1.3943358891068798     
   1.2566370614360001E-002 -0.88640010724737039     
   1.7771531752634635E-002   2.3094454835705798     
   2.1765592370812048E-002   2.9319215948651038     
   2.5132741228720001E-002   1.7099105928908622     
   2.9562133651285849E-002  0.49513465307824422     
   3.8019517526813901E-002  0.66592027243422669     
   4.5116083860089251E-002  0.72246478663414870     
   5.5056809371101592E-002  0.62837025419736148     
   6.5848341545415051E-002   1.3252006597007475     
   7.9166690278415927E-002   1.1529112077210080     
   9.6964567215568481E-002   1.3370946686912517     
  0.11842995645747310       0.90164515002658063     
  0.14416104292042672        1.8379953050366538     
  0.17483851006932644        1.4334640746135809     
  0.21159335649904049        1.9691365804798733     
  0.25709616209838343        1.2913720072804566     
  0.31264156338248622        1.8591805541572652     
  0.37951482899164635        1.8429843392023413     
  0.46065736128088758        1.4548209475867611     
  0.55924736126635322        1.3084053991840983     
  0.67897524277408394        1.2935641766718680     
  0.82441551550693815       0.51276436054888286     
   1.0009764843865627       -2.3419186348534260     
   1.2153763263333666      -0.11416119785908756     
   1.4765846423066622        5.6157208201172368     
   1.2566370614360001E-002  0.75421532858533358     
   1.7771531752634635E-002   1.3442833885013303     
   2.1765592370812048E-002   1.7800154436878406     
   2.5132741228720001E-002   1.1859601270231415     
   2.9562133651285849E-002   1.3584923436260621     
   3.8019517526813901E-002  0.27102156074915457     
   4.5116083860089251E-002  0.64711398655312835     
   5.5056809371101592E-002   1.2457036675490523     
   6.5848341545415051E-002   1.0074123015915144     
   7.9166690278415927E-002  0.79548680836713692     
   9.6964567215568481E-002   1.3042326639941151     
  0.11842995645747310       0.96712939568768630     
  0.14416104292042672        1.2401565797197702     
  0.17483851006932644       0.54835867730131393     
  0.21159335649904049       0.79959085780593353     
  0.25709616209838343        1.4113206155989897     
  0.31264156338248622        1.9285342928734572     
  0.37951482899164635        1.5359664831773967     
  0.46065736128088758        1.8718224717490726     
  0.55924736126635322       0.47468929000330889     
  0.67897524277408394      -0.15841818071075961     
  0.82441551550693815       0.42603883908824941     
   1.0009764843865627        1.6448897648934995     
   1.2153763263333666       -1.2131283491675580     
   1.4765846423066622       -3.7802068561455786     
   1.2566370614360001E-002   1.5199002025011480E-002
   1.7771531752634635E-002  0.57626651537605933     
   2.1765592370812048E-002   6.2408230608264104     
   2.5132741228720001E-002 -0.26842843211068085     
   2.9562133651285849E-002 -0.87953857654843237     
   3.8019517526813901E-002  0.82768993572780070     
   4.5116083860089251E-002 -0.41158007070927699     
   5.5056809371101592E-002   1.3314435884728866     
   6.5848341545415051E-002   1.1891201197452450     
   7.9166690278415927E-002  0.62371566858329319     
   9.6964567215568481E-002  0.86230490422883777     
  0.11842995645747310        1.3721061120603943     
  0.14416104292042672       0.84312732786535127     
  0.17483851006932644        2.0187517588384187     
  0.21159335649904049       0.10821257252660157     
  0.25709616209838343        1.8562226409825673     
  0.31264156338248622       -2.1225890338921069E-002
  0.37951482899164635      -0.95279216204495221     
  0.46065736128088758       -3.4516581780702146E-002
  0.55924736126635322        1.8527401733722473     
  0.67897524277408394        1.1569951800647262     
  0.82441551550693815        1.3593677479193411     
   1.0009764843865627       -2.0192076840041775     
   1.2153763263333666       -2.2560461134108101     
   1.4765846423066622       0.64695325862593533     
   1.2566370614360001E-002 -0.43896223563218745     
   1.7771531752634635E-002  -1.0009427861034692     
   2.1765592370812048E-002   2.4393558747259911     
   2.5132741228720001E-002   2.5936143760243180     
   2.9562133651285849E-002  0.89911531603868622     
   3.8019517526813901E-002   1.1094777635333644     
   4.5116083860089251E-002   1.2304119670853659     
   5.5056809371101592E-002  0.68311503076146896     
   6.5848341545415051E-002  0.66671655186097223     
   7.9166690278415927E-002  0.60747428271052661     
   9.6964567215568481E-002  0.90514901146856475     
  0.11842995645747310       0.73981216730354671     
  0.14416104292042672       0.18595100249180366     
  0.17483851006932644        1.0820841267447336     
  0.21159335649904049        1.4741293314680219     
  0.25709616209838343        1.5398120514929439     
  0.31264156338248622       0.97017674706687906     
  0.37951482899164635       0.97915155120668462     
  0.46065736128088758        3.6408311194790925E-002
  0.55924736126635322       -1.1290940810067716     
  0.67897524277408394        2.5482777453131118E-003
  0.82441551550693815        2.0327050617646250     
   1.0009764843865627      -0.30503103385493724     
   1.2153763263333666       -4.3734851772632402     
   1.4765846423066622      -0.37367623053159027     
   1.2566370614360001E-002   2.4461073165547020     
   1.7771531752634635E-002   1.3667327938547467     
   2.1765592370812048E-002   1.1958700269515106     
   2.5132741228720001E-002  0.79557358405593881     
   2.9562133651285849E-002  0.82510763227651573     
   3.8019517526813901E-002   1.0374048783723027     
   4.5116083860089251E-002  0.75799191220386386     
   5.5056809371101592E-002   1.0328424302283232     
   6.5848341545415051E-002  0.85258334115853740     
   7.9166690278415927E-002   1.0455289611989325     
   9.6964567215568481E-002  0.97030244907661978     
  0.11842995645747310       0.95438542066496324     
  0.14416104292042672       0.87220232715732859     
  0.17483851006932644       0.83356165350631140     
  0.21159335649904049       0.89955347579560796     
  0.25709616209838343        1.0419242485353806     
  0.31264156338248622        1.0826453433732486     
  0.37951482899164635        1.2019179836039298     
  0.46065736128088758        1.2107567633444494     
  0.55924736126635322        1.3547749394948199     
  0.67897524277408394        1.1967618275966923     
  0.82441551550693815        1.2150668152068806     
   1.0009764843865627       0.63462936927008273     
   1.2153763263333666       -5.4596646166907528E-002
   1.4765846423066622       -1.6131251884759870     
   1.2566370614360001E-002   2.4709312377065076     
   1.7771531752634635E-002   1.4774601259370941     
   2.1765592370812048E-002  0.72204746877299419     
   2.5132741228720001E-002  0.82140270795567216     
   2.9562133651285849E-002  0.78490921940775527     
   3.8019517526813901E-002   1.1649879330733486     
   4.5116083860089251E-002  0.82086438969989595     
   5.5056809371101592E-002   1.1810065713914066     
   6.5848341545415051E-002  0.87934247959979006     
   7.9166690278415927E-002   1.1333002936564529     
   9.6964567215568481E-002   1.0059783337411785     
  0.11842995645747310       0.98237840659229858     
  0.14416104292042672       0.97144603966977205     
  0.17483851006932644       0.93484337169398313     
  0.21159335649904049       0.84374564307344269     
  0.25709616209838343       0.96041526190952309     
  0.31264156338248622       0.84122877274344743     
  0.37951482899164635        1.0708172211086417     
  0.46065736128088758       0.95951277441634664     
  0.55924736126635322       0.81573557348762760     
  0.67897524277408394       0.77650583082784808     
  0.82441551550693815       0.65735372210263432     
   1.0009764843865627       0.23330594902439786     
   1.2153763263333666      -0.18744822977007020     
   1.4765846423066622       -1.8688280193702826     
   1.2566370614360001E-002   3.1175545897747883     
   1.7771531752634635E-002   1.1433258640292387     
   2.1765592370812048E-002   1.4977834564299488     
   2.5132741228720001E-002  0.86031744843247870     
   2.9562133651285849E-002  0.83908101621617104     
   3.8019517526813901E-002  0.96326097752660811     
   4.5116083860089251E-002  0.55343344689640106     
   5.5056809371101592E-002   1.0812432454576724     
   6.5848341545415051E-002  0.91080439120810497     
   7.9166690278415927E-002   1.1229027300606371     
   9.6964567215568481E-002  0.77494406774314006     
  0.11842995645747310       0.70410263356999148     
  0.14416104292042672       0.82763140205927754     
  0.17483851006932644       0.80472242499299540     
  0.21159335649904049       0.85553584990752263     
  0.25709616209838343        1.0131358814290188     
  0.31264156338248622        1.1367507589757966     
  0.37951482899164635        1.0892536746211625     
  0.46065736128088758       0.74969720168991982     
  0.55924736126635322       0.76516799608834796     
  0.67897524277408394       0.65117102205088073     
  0.82441551550693815       0.37315805367208033     
   1.0009764843865627      -0.29428752099642774     
   1.2153763263333666      -0.79257340064493687     
   1.4765846423066622       -1.9774160401445438     
   1.2566370614360001E-002   1.3899097456514986     
   1.7771531752634635E-002   1.4628414953400659     
   2.1765592370812048E-002   1.1579587349804288     
   2.5132741228720001E-002   1.0246040220059045     
   2.9562133651285849E-002  0.76163137770762768     
   3.8019517526813901E-002   1.1748644608295298     
   4.5116083860089251E-002  0.84678192627656801     
   5.5056809371101592E-002  0.87619531499857684     
   6.5848341545415051E-002  0.86434627120754925     
   7.9166690278415927E-002   1.1026756181090585     
   9.6964567215568481E-002   1.0756092831598980     
  0.11842995645747310       0.83651201990152457     
  0.14416104292042672       0.96905024389486238     
  0.17483851006932644       0.87829793886910401     
  0.21159335649904049       0.97468781436622998     
  0.25709616209838343        1.1006697568449428     
  0.31264156338248622       0.68585666731325245     
  0.37951482899164635        1.6880205781101367     
  0.46065736128088758       0.69544900363016371     
  0.55924736126635322       0.50811188918194317     
  0.67897524277408394       -2.0726627509689153E-002
  0.82441551550693815      -0.16204353981433028     
   1.0009764843865627       -1.1017869841415411     
   1.2153763263333666      -0.49752887913547700     
   1.4765846423066622      -0.24475030869264358     
   1.2566370614360001E-002  0.75421532858533358     
   1.7771531752634635E-002   1.3442833885013303     
   2.1765592370812048E-002   1.7800154436878406     
   2.5132741228720001E-002   1.1859601270231415     
   2.9562133651285849E-002   1.3584923436260621     
   3.8019517526813901E-002  0.27102156074915457     
   4.5116083860089251E-002  0.64711398655312835     
   5.5056809371101592E-002   1.2457036675490523     
   6.5848341545415051E-002   1.0074123015915144     
   7.9166690278415927E-002  0.79548680836713692     
   9.6964567215568481E-002   1.3042326639941151     
  0.11842995645747310       0.96712939568768630     
  0.14416104292042672        1.2401565797197702     
  0.17483851006932644       0.54835867730131393     
  0.21159335649904049       0.79959085780593353     
  0.25709616209838343        1.4113206155989897     
  0.31264156338248622        1.9285342928734572     
  0.37951482899164635        1.5359664831773967     
  0.46065736128088758        1.8718224717490726     
  0.55924736126635322       0.47468929000330889     
  0.67897524277408394      -0.15841818071075961     
  0.82441551550693815       0.42603883908824941     
   1.0009764843865627        1.6448897648934995     
   1.2153763263333666       -1.2131283491675580     
   1.4765846423066622       -3.7802068561455786     
   1.2566370614360001E-002   4.6617367267343148     
   1.7771531752634635E-002  -2.5338480497502824     
   2.1765592370812048E-002   1.6932719448041031     
   2.5132741228720001E-002 -0.93222692684063324     
   2.9562133651285849E-002   1.0767029480642927     
   3.8019517526813901E-002  0.23580274408816798     
   4.5116083860089251E-002 -0.51454933048243412     
   5.5056809371101592E-002  0.47150727906556578     
   6.5848341545415051E-002  0.14540923843803688     
   7.9166690278415927E-002   1.6281199365533576     
   9.6964567215568481E-002  0.95735081657151422     
  0.11842995645747310      -0.20730593752288412     
  0.14416104292042672        1.2929479463970912     
  0.17483851006932644        2.4613071281019816     
  0.21159335649904049        2.6085879780457693     
  0.25709616209838343        2.1623936612697761     
  0.31264156338248622        2.9940579307537116     
  0.37951482899164635      -0.33159988847904442     
  0.46065736128088758       0.30927747328979555     
  0.55924736126635322       -1.9878963015562232     
  0.67897524277408394       -1.4618231489009557     
  0.82441551550693815       -6.6574645173457574     
   1.0009764843865627       -5.8800529216298276     
   1.2153763263333666       -1.8693076131567761     
   1.4765846423066622        2.9086251142485193     
   1.2566370614360001E-002 -0.61092254714379834     
   1.7771531752634635E-002  0.22879335931572403     
   2.1765592370812048E-002   2.6997427883285452     
   2.5132741228720001E-002 -0.44728333465850856     
   2.9562133651285849E-002 -0.20359607173073566     
   3.8019517526813901E-002 -0.45131020154402707     
   4.5116083860089251E-002   1.2645277330923177     
   5.5056809371101592E-002   1.6449302876282164     
   6.5848341545415051E-002  0.49775348244439632     
   7.9166690278415927E-002  0.79961458550337505     
   9.6964567215568481E-002 -0.28076587393726876     
  0.11842995645747310       0.71085778038270409     
  0.14416104292042672        1.3231691642866461     
  0.17483851006932644       0.52122241557413096     
  0.21159335649904049       0.24726436558802908     
  0.25709616209838343      -0.69908742568441951     
  0.31264156338248622       0.64673144246131620     
  0.37951482899164635       0.86839308408709981     
  0.46065736128088758        1.1277166761989088     
  0.55924736126635322        9.0744728102168520E-002
  0.67897524277408394        1.7739199195235074     
  0.82441551550693815       -1.0171395848655205     
   1.0009764843865627        3.1659261538068590     
   1.2153763263333666        1.1260436959021110     
   1.4765846423066622        2.1935218369680545     
   1.2566370614360001E-002  -1.1779155087948479     
   1.7771531752634635E-002  -1.5799889160887999     
   2.1765592370812048E-002   1.9721782304062248     
   2.5132741228720001E-002  0.61429000954344748     
   2.9562133651285849E-002   1.7768976150638760     
   3.8019517526813901E-002  0.16968578739904011     
   4.5116083860089251E-002  0.81522598214665087     
   5.5056809371101592E-002  0.61348977225860246     
   6.5848341545415051E-002  0.83596708995024205     
   7.9166690278415927E-002  -1.1889428775361761     
   9.6964567215568481E-002   1.1606363207827561     
  0.11842995645747310       0.72551933510621358     
  0.14416104292042672        1.1712801903835419     
  0.17483851006932644        1.6698059497807083     
  0.21159335649904049        2.4622459262056511     
  0.25709616209838343        4.6044881238331428     
  0.31264156338248622       0.25113500516888543     
  0.37951482899164635        1.8822259653008389     
  0.46065736128088758       -2.0400039298719364     
  0.55924736126635322       -3.2323859544875675     
  0.67897524277408394       -6.0144305371677884     
  0.82441551550693815       -6.8929884541273578     
   1.0009764843865627        3.3048510548969001     
   1.2153763263333666        16.178502290079450     
   1.4765846423066622       -7.7992374136742075     
   1.2566370614360001E-002 -0.46143227835736855     
   1.7771531752634635E-002  0.45752772579681561     
   2.1765592370812048E-002   3.7099671163867938     
   2.5132741228720001E-002 -0.10839307064153426     
   2.9562133651285849E-002   1.0619196537113174     
   3.8019517526813901E-002   1.3396197247830246     
   4.5116083860089251E-002  0.81629344305914409     
   5.5056809371101592E-002   1.1112040201480629     
   6.5848341545415051E-002  0.91039522523961469     
   7.9166690278415927E-002  0.66432207972608071     
   9.6964567215568481E-002  0.85306742966529892     
  0.11842995645747310       0.98665322477252682     
  0.14416104292042672        1.0990544107089484     
  0.17483851006932644       0.76778108036226422     
  0.21159335649904049       0.86227006577316634     
  0.25709616209838343       0.88391011136826025     
  0.31264156338248622       0.75426752227954119     
  0.37951482899164635        1.1010893524729612     
  0.46065736128088758        1.2254595286675423     
  0.55924736126635322        1.2482364394356893     
  0.67897524277408394        1.3235832626421422     
  0.82441551550693815       0.59808880491727046     
   1.0009764843865627      -0.12970544590224428     
   1.2153763263333666      -0.89545814641093724     
   1.4765846423066622       -2.8211194409547931     
   1.2566370614360001E-002 -0.25990244614639663     
   1.7771531752634635E-002  0.43270330882516711     
   2.1765592370812048E-002   3.2796317477445172     
   2.5132741228720001E-002   2.3974264435004371E-002
   2.9562133651285849E-002   1.3302201933417817     
   3.8019517526813901E-002   1.2975489364318111     
   4.5116083860089251E-002  0.99559605266029749     
   5.5056809371101592E-002   1.1181180633946801     
   6.5848341545415051E-002   1.2240023285962867     
   7.9166690278415927E-002  0.67846362307848218     
   9.6964567215568481E-002   1.0473674756116227     
  0.11842995645747310        1.0103170050154815     
  0.14416104292042672        1.0057762672784785     
  0.17483851006932644       0.90463372857259827     
  0.21159335649904049       0.92727235592049151     
  0.25709616209838343        1.0076801685331371     
  0.31264156338248622       0.53444060250678360     
  0.37951482899164635       0.95660756957910642     
  0.46065736128088758       0.92347757084278215     
  0.55924736126635322       0.71563176701671771     
  0.67897524277408394        1.0679009608295185     
  0.82441551550693815       0.23220449091502146     
   1.0009764843865627      -0.42360918880646053     
   1.2153763263333666       -1.6590315935208577     
   1.4765846423066622       -1.7550236571352422     
   1.2566370614360001E-002   8.6655076850764817E-002
   1.7771531752634635E-002  0.74846168462399199     
   2.1765592370812048E-002   3.2099965129212027     
   2.5132741228720001E-002  -5.9043349707028230E-002
   2.9562133651285849E-002  0.73263233805274353     
   3.8019517526813901E-002   1.2766449113624980     
   4.5116083860089251E-002  0.90777319158950542     
   5.5056809371101592E-002   1.7582790060154778     
   6.5848341545415051E-002  0.49738367351365592     
   7.9166690278415927E-002   1.0178579349435122     
   9.6964567215568481E-002  0.91777597857545512     
  0.11842995645747310       0.87519811466947273     
  0.14416104292042672        1.1954900203266690     
  0.17483851006932644       0.67865760366099803     
  0.21159335649904049       0.56075310365020592     
  0.25709616209838343       0.96653573463205478     
  0.31264156338248622       0.75384633563300651     
  0.37951482899164635       0.91735829053620210     
  0.46065736128088758       0.91420493674883418     
  0.55924736126635322       0.18164415881077819     
  0.67897524277408394       0.51824737158215617     
  0.82441551550693815      -0.28009686105825932     
   1.0009764843865627       0.32056352583993802     
   1.2153763263333666       0.98483373246565598     
   1.4765846423066622       -1.3263074783941224     
   1.2566370614360001E-002  -1.4053184971490706     
   1.7771531752634635E-002  0.50965543947286429     
   2.1765592370812048E-002   3.4777628992543965     
   2.5132741228720001E-002 -0.25284248404825632     
   2.9562133651285849E-002  0.85588263145255727     
   3.8019517526813901E-002   1.1440600839815638     
   4.5116083860089251E-002  0.87034698884521888     
   5.5056809371101592E-002  0.97552441735001627     
   6.5848341545415051E-002   1.0955056651336856     
   7.9166690278415927E-002  0.95282669882052939     
   9.6964567215568481E-002  0.79420464839042970     
  0.11842995645747310        1.1317848956273180     
  0.14416104292042672       0.75183923951453158     
  0.17483851006932644       0.26615730881179767     
  0.21159335649904049       0.45368299684033020     
  0.25709616209838343        1.1457258679192410     
  0.31264156338248622       0.27813361553298721     
  0.37951482899164635       0.85212346893834756     
  0.46065736128088758       0.77288619140039616     
  0.55924736126635322       0.71254137242683613     
  0.67897524277408394        1.9158908478740204     
  0.82441551550693815        1.3086815326673986     
   1.0009764843865627       0.21003660642009231     
   1.2153763263333666        1.1793241003135040     
   1.4765846423066622       -2.2184322126536018     
   1.2566370614360001E-002   1.5199002025011480E-002
   1.7771531752634635E-002  0.57626651537605933     
   2.1765592370812048E-002   6.2408230608264104     
   2.5132741228720001E-002 -0.26842843211068085     
   2.9562133651285849E-002 -0.87953857654843237     
   3.8019517526813901E-002  0.82768993572780070     
   4.5116083860089251E-002 -0.41158007070927699     
   5.5056809371101592E-002   1.3314435884728866     
   6.5848341545415051E-002   1.1891201197452450     
   7.9166690278415927E-002  0.62371566858329319     
   9.6964567215568481E-002  0.86230490422883777     
  0.11842995645747310        1.3721061120603943     
  0.14416104292042672       0.84312732786535127     
  0.17483851006932644        2.0187517588384187     
  0.21159335649904049       0.10821257252660157     
  0.25709616209838343        1.8562226409825673     
  0.31264156338248622       -2.1225890338921069E-002
  0.37951482899164635      -0.95279216204495221     
  0.46065736128088758       -3.4516581780702146E-002
  0.55924736126635322        1.8527401733722473     
  0.67897524277408394        1.1569951800647262     
  0.82441551550693815        1.3593677479193411     
   1.0009764843865627       -2.0192076840041775     
   1.2153763263333666       -2.2560461134108101     
   1.4765846423066622       0.64695325862593533     
   1.2566370614360001E-002 -0.61092254714379834     
   1.7771531752634635E-002  0.22879335931572403     
   2.1765592370812048E-002   2.6997427883285452     
   2.5132741228720001E-002 -0.44728333465850856     
   2.9562133651285849E-002 -0.20359607173073566     
   3.8019517526813901E-002 -0.45131020154402707     
   4.5116083860089251E-002   1.2645277330923177     
   5.5056809371101592E-002   1.6449302876282164     
   6.5848341545415051E-002  0.49775348244439632     
   7.9166690278415927E-002  0.79961458550337505     
   9.6964567215568481E-002 -0.28076587393726876     
  0.11842995645747310       0.71085778038270409     
  0.14416104292042672        1.3231691642866461     
  0.17483851006932644       0.52122241557413096     
  0.21159335649904049       0.24726436558802908     
  0.25709616209838343      -0.69908742568441951     
  0.31264156338248622       0.64673144246131620     
  0.37951482899164635       0.86839308408709981     
  0.46065736128088758        1.1277166761989088     
  0.55924736126635322        9.0744728102168520E-002
  0.67897524277408394        1.7739199195235074     
  0.82441551550693815       -1.0171395848655205     
   1.0009764843865627        3.1659261538068590     
   1.2153763263333666        1.1260436959021110     
   1.4765846423066622        2.1935218369680545     
   1.2566370614360001E-002  -1.3097779535541365     
   1.7771531752634635E-002  -1.7550800253240266     
   2.1765592370812048E-002   2.7757381741976985     
   2.5132741228720001E-002  -1.7053879320850931     
   2.9562133651285849E-002   1.3015948600737113     
   3.8019517526813901E-002  -1.3671230843971489     
   4.5116083860089251E-002  0.37410196559270142     
   5.5056809371101592E-002  0.94795537994545631     
   6.5848341545415051E-002 -0.30741094355004667     
   7.9166690278415927E-002 -0.17142443596823295     
   9.6964567215568481E-002 -0.28301380800013376     
  0.11842995645747310        3.0481863600899110E-002
  0.14416104292042672       -4.7743908484517645E-003
  0.17483851006932644       0.82791381207904813     
  0.21159335649904049      -0.19240830375474183     
  0.25709616209838343      -0.45143339977812380     
  0.31264156338248622      -0.34347737121561822     
  0.37951482899164635       -1.2091121120474424     
  0.46065736128088758      -0.11042934682573011     
  0.55924736126635322        1.5872344899347031     
  0.67897524277408394        3.8763971423352042E-002
  0.82441551550693815       -2.8216474721368079     
   1.0009764843865627       0.34016356349518190     
   1.2153763263333666       -2.3208351849358522     
   1.4765846423066622        4.7459333373246562     
   1.2566370614360001E-002  -2.2192703543545318     
   1.7771531752634635E-002  -3.0416078347788642     
   2.1765592370812048E-002  0.54402299889936867     
   2.5132741228720001E-002  0.48918269210364074     
   2.9562133651285849E-002  0.97142240783126965     
   3.8019517526813901E-002   1.0574007092382653     
   4.5116083860089251E-002   1.9974583641273440     
   5.5056809371101592E-002  0.26320258144775610     
   6.5848341545415051E-002   1.4548256282954730     
   7.9166690278415927E-002 -0.59376706011876534     
   9.6964567215568481E-002 -0.35078436931800194     
  0.11842995645747310       0.76557103282008943     
  0.14416104292042672       0.92088094547560551     
  0.17483851006932644       0.70042554422943359     
  0.21159335649904049       0.35100924513425635     
  0.25709616209838343        9.4754821606482409E-002
  0.31264156338248622      -0.31742807628534586     
  0.37951482899164635       -2.3311130009230472     
  0.46065736128088758       -1.0147961711460043     
  0.55924736126635322        1.7390723054757047     
  0.67897524277408394        2.6387322112067362     
  0.82441551550693815      -0.97904773270576995     
   1.0009764843865627       -2.5039409180987184     
   1.2153763263333666        1.5788185987664778     
   1.4765846423066622       -1.3425825449131088     
   1.2566370614360001E-002   1.7145113241068206     
   1.7771531752634635E-002 -0.77542766506933880     
   2.1765592370812048E-002   1.2228141999405258     
   2.5132741228720001E-002   2.4918975136787247     
   2.9562133651285849E-002  0.85547024921922266     
   3.8019517526813901E-002   1.0253042510857104     
   4.5116083860089251E-002   1.3987294009641746     
   5.5056809371101592E-002  0.43981708415188842     
   6.5848341545415051E-002  0.78433375527237859     
   7.9166690278415927E-002  0.67307240179506789     
   9.6964567215568481E-002   1.0403227372421116     
  0.11842995645747310       0.79571669252962329     
  0.14416104292042672       0.35462509503303513     
  0.17483851006932644       0.68201568151402570     
  0.21159335649904049       0.26018636549797947     
  0.25709616209838343       0.33222134203090781     
  0.31264156338248622       0.62158688394202766     
  0.37951482899164635       0.80950794464728948     
  0.46065736128088758       0.52910378461562002     
  0.55924736126635322       0.71460733757561712     
  0.67897524277408394       0.44546344304102709     
  0.82441551550693815      -0.17019843166620049     
   1.0009764843865627      -0.71602169263465976     
   1.2153763263333666       -1.2748797978073818     
   1.4765846423066622       -1.4316572795830740     
   1.2566370614360001E-002  0.71721593459493060     
   1.7771531752634635E-002  -1.1270959849997115     
   2.1765592370812048E-002   1.4040399339300227     
   2.5132741228720001E-002   3.0035137317403078     
   2.9562133651285849E-002   1.2241972751800716     
   3.8019517526813901E-002   1.0734933339795709     
   4.5116083860089251E-002   1.5222959170528831     
   5.5056809371101592E-002  0.39797602432568358     
   6.5848341545415051E-002  0.96566164547653255     
   7.9166690278415927E-002  0.65298031377535437     
   9.6964567215568481E-002   1.2104316318319768     
  0.11842995645747310       0.61690260857105805     
  0.14416104292042672       0.93138356128447952     
  0.17483851006932644       0.91796674561543845     
  0.21159335649904049       0.75716213280954914     
  0.25709616209838343       0.11488772040726238     
  0.31264156338248622       0.83646858932975843     
  0.37951482899164635        1.0943254773609830     
  0.46065736128088758       0.39906524095634188     
  0.55924736126635322       0.66365321082277007     
  0.67897524277408394      -0.39493286758078650     
  0.82441551550693815      -0.34746963720837659     
   1.0009764843865627      -0.90023031313321167     
   1.2153763263333666       -1.2103558398183627     
   1.4765846423066622       -1.2575950639439348     
   1.2566370614360001E-002  0.84317675918762702     
   1.7771531752634635E-002  -1.2478491468551034     
   2.1765592370812048E-002   1.6734742209841651     
   2.5132741228720001E-002   2.8035374299557132     
   2.9562133651285849E-002   1.1795283273788171     
   3.8019517526813901E-002  0.66978401609843774     
   4.5116083860089251E-002   1.3662507001116881     
   5.5056809371101592E-002  0.50295583169598779     
   6.5848341545415051E-002  0.80928602751236800     
   7.9166690278415927E-002  0.63504370099990792     
   9.6964567215568481E-002  0.78193283811284942     
  0.11842995645747310       0.68614087801124790     
  0.14416104292042672       0.52561516492364802     
  0.17483851006932644       0.32043483618489332     
  0.21159335649904049       -7.3087882690934230E-003
  0.25709616209838343        7.2747300766771480E-002
  0.31264156338248622       0.39364059128705758     
  0.37951482899164635        6.5352410531023308E-002
  0.46065736128088758      -0.51733257036900160     
  0.55924736126635322      -0.48875024303269665     
  0.67897524277408394      -0.75584341542982525     
  0.82441551550693815       0.34302249669018087     
   1.0009764843865627      -0.35103150825483398     
   1.2153763263333666       0.57963732096642540     
   1.4765846423066622       -1.1372075597626043     
   1.2566370614360001E-002 -0.85794752195890422     
   1.7771531752634635E-002 -0.50347940965125038     
   2.1765592370812048E-002   2.0563895692754426     
   2.5132741228720001E-002   3.4339654394498345     
   2.9562133651285849E-002   1.1785538326205003     
   3.8019517526813901E-002   1.3486732845791518     
   4.5116083860089251E-002   1.6632233578595697     
   5.5056809371101592E-002  0.51914232465101118     
   6.5848341545415051E-002  0.52587440725629442     
   7.9166690278415927E-002  0.33054121122880131     
   9.6964567215568481E-002  0.75884480039794000     
  0.11842995645747310       0.50859580761627077     
  0.14416104292042672       0.18043023376800679     
  0.17483851006932644       0.47899150818355041     
  0.21159335649904049       0.60563976279084974     
  0.25709616209838343       0.21156440401031892     
  0.31264156338248622       0.71069741331650027     
  0.37951482899164635       0.87176076626424570     
  0.46065736128088758       0.95258517878412285     
  0.55924736126635322        1.1287671485277240     
  0.67897524277408394      -0.35013065333091159     
  0.82441551550693815       -1.2482683540310211     
   1.0009764843865627       -1.8185682229198912     
   1.2153763263333666       -2.0911926347249592     
   1.4765846423066622       -5.2876969147106240E-002
   1.2566370614360001E-002 -0.43896223563218745     
   1.7771531752634635E-002  -1.0009427861034692     
   2.1765592370812048E-002   2.4393558747259911     
   2.5132741228720001E-002   2.5936143760243180     
   2.9562133651285849E-002  0.89911531603868622     
   3.8019517526813901E-002   1.1094777635333644     
   4.5116083860089251E-002   1.2304119670853659     
   5.5056809371101592E-002  0.68311503076146896     
   6.5848341545415051E-002  0.66671655186097223     
   7.9166690278415927E-002  0.60747428271052661     
   9.6964567215568481E-002  0.90514901146856475     
  0.11842995645747310       0.73981216730354671     
  0.14416104292042672       0.18595100249180366     
  0.17483851006932644        1.0820841267447336     
  0.21159335649904049        1.4741293314680219     
  0.25709616209838343        1.5398120514929439     
  0.31264156338248622       0.97017674706687906     
  0.37951482899164635       0.97915155120668462     
  0.46065736128088758        3.6408311194790925E-002
  0.55924736126635322       -1.1290940810067716     
  0.67897524277408394        2.5482777453131118E-003
  0.82441551550693815        2.0327050617646250     
   1.0009764843865627      -0.30503103385493724     
   1.2153763263333666       -4.3734851772632402     
   1.4765846423066622      -0.37367623053159027     
   1.2566370614360001E-002  -1.1779155087948479     
   1.7771531752634635E-002  -1.5799889160887999     
   2.1765592370812048E-002   1.9721782304062248     
   2.5132741228720001E-002  0.61429000954344748     
   2.9562133651285849E-002   1.7768976150638760     
   3.8019517526813901E-002  0.16968578739904011     
   4.5116083860089251E-002  0.81522598214665087     
   5.5056809371101592E-002  0.61348977225860246     
   6.5848341545415051E-002  0.83596708995024205     
   7.9166690278415927E-002  -1.1889428775361761     
   9.6964567215568481E-002   1.1606363207827561     
  0.11842995645747310       0.72551933510621358     
  0.14416104292042672        1.1712801903835419     
  0.17483851006932644        1.6698059497807083     
  0.21159335649904049        2.4622459262056511     
  0.25709616209838343        4.6044881238331428     
  0.31264156338248622       0.25113500516888543     
  0.37951482899164635        1.8822259653008389     
  0.46065736128088758       -2.0400039298719364     
  0.55924736126635322       -3.2323859544875675     
  0.67897524277408394       -6.0144305371677884     
  0.82441551550693815       -6.8929884541273578     
   1.0009764843865627        3.3048510548969001     
   1.2153763263333666        16.178502290079450     
   1.4765846423066622       -7.7992374136742075     
   1.2566370614360001E-002  -2.2192703543545318     
   1.7771531752634635E-002  -3.0416078347788642     
   2.1765592370812048E-002  0.54402299889936867     
   2.5132741228720001E-002  0.48918269210364074     
   2.9562133651285849E-002  0.97142240783126965     
   3.8019517526813901E-002   1.0574007092382653     
   4.5116083860089251E-002   1.9974583641273440     
   5.5056809371101592E-002  0.26320258144775610     
   6.5848341545415051E-002   1.4548256282954730     
   7.9166690278415927E-002 -0.59376706011876534     
   9.6964567215568481E-002 -0.35078436931800194     
  0.11842995645747310       0.76557103282008943     
  0.14416104292042672       0.92088094547560551     
  0.17483851006932644       0.70042554422943359     
  0.21159335649904049       0.35100924513425635     
  0.25709616209838343        9.4754821606482409E-002
  0.31264156338248622      -0.31742807628534586     
  0.37951482899164635       -2.3311130009230472     
  0.46065736128088758       -1.0147961711460043     
  0.55924736126635322        1.7390723054757047     
  0.67897524277408394        2.6387322112067362     
  0.82441551550693815      -0.97904773270576995     
   1.0009764843865627       -2.5039409180987184     
   1.2153763263333666        1.5788185987664778     
   1.4765846423066622       -1.3425825449131088     
   1.2566370614360001E-002   3.3038239170288577     
   1.7771531752634635E-002 -0.89129912249201659     
   2.1765592370812048E-002 -0.72805168609667803     
   2.5132741228720001E-002   1.1775203086933910     
   2.9562133651285849E-002   1.8607111957483522E-002
   3.8019517526813901E-002  -6.6769676242603757E-002
   4.5116083860089251E-002   1.2563682414540809     
   5.5056809371101592E-002  0.96151750128597646     
   6.5848341545415051E-002 -0.20497221989509953     
   7.9166690278415927E-002 -0.69144472751073083     
   9.6964567215568481E-002 -0.45761447628571461     
  0.11842995645747310       0.38269069753535784     
  0.14416104292042672      -0.95050542308909414     
  0.17483851006932644       -8.4697714525649892E-002
  0.21159335649904049        1.3099947599979094     
  0.25709616209838343      -0.22775159610120954     
  0.31264156338248622       -1.3431525144324428     
  0.37951482899164635        1.6752643080953455     
  0.46065736128088758       -1.2254163446845747     
  0.55924736126635322        1.2624916180074490     
  0.67897524277408394      -0.86999523035600324     
  0.82441551550693815       0.21862497849089749     
   1.0009764843865627        1.0408748200230513     
   1.2153763263333666        1.7987784095191564     
   1.4765846423066622        12.975003604365103     
