   455308184216.96210       0.28531266157139190        4.2989843378505949E-002
   503431722320.36792       0.31592578926958453        4.3449834255426374E-002
   556641650257.88843       0.33365667427577472        4.3909022300911663E-002
   615475571093.72388       0.30415400503406398        4.4369036816211217E-002
   680527909540.44580       0.31858636506192728        4.4827351805837745E-002
   752455917690.62463       0.29401004157522903        4.5284912854760592E-002
   831986315520.81787       0.33806449833783081        4.5739175681823008E-002
   919922633259.83630       0.30978195206357828        4.6191040166458509E-002
   1017153329804.4224       0.34257819482136653        4.6640284634392133E-002
   1124660769206.2258       0.33774444706018425        4.7083841003385203E-002
   1243531145923.4409       0.33421663451674088        4.7523554163489815E-002
   1374965459116.2439       0.34926427571348917        4.7956017846559965E-002
   1520291646864.0950       0.35600368410080202        4.8382543338266068E-002
   1680978002902.2117       0.34609894668556462        4.8799493337287232E-002
   1858648011432.3140       0.36375998071799404        4.9208411977761900E-002
   2055096749890.2207       0.34962948619297735        4.9605465832803536E-002
   2272309025394.5869       0.36137010387628643        4.9990652399453071E-002
   2512479428117.1997       0.36552242399455581        5.0363661303557378E-002
   2778034504182.7896       0.36903531798219907        5.0720452931505629E-002
   3071657272120.8115       0.38039761367453773        5.1061817389489901E-002
   3396314330569.5435       0.37244653067134453        5.1383007773553889E-002
   3755285831113.4990       0.37406457647157393        5.1685849695966006E-002
   4152198619082.7471       0.38150882880393711        5.1964888575879505E-002
   4591062877150.0273       0.38355384595591951        5.2222781140066579E-002
   5076312641951.9277       0.38181233563253147        5.2453885435116886E-002
   5612850603091.1680       0.38857486373858341        5.2657150549688073E-002
   6206097637143.7676       0.39180286383605245        5.2831153643352474E-002
   6862047577134.8047       0.38828211336640356        5.2970302827313867E-002
   7587327770842.6162       0.38976175213684855        5.3075557075264859E-002
   8389266039778.2578       0.39486161920203305        5.3140340433173110E-002
   9275964715355.9961       0.39472482109016799        5.3167204409478454E-002
   10256382500274.547       0.39063818707487208        5.3149276016760012E-002
   11340424982190.203       0.39547890718289075        5.3087009248535363E-002
   12539044714180.770       0.39078615260784361        5.2973847041254823E-002
   13864351873156.953       0.39203673697859615        5.2808879468850080E-002
   15329736614251.266       0.39584538107925427        5.2590209495502485E-002
   16950004357384.064       0.38806832010778064        5.2310514550172993E-002
   18741525372865.723       0.38473531632196140        5.1973235395417212E-002
   20722400177363.582       0.37933380340846135        5.1570944467052522E-002
   22912642411301.066       0.37854315220308138        5.1104697828575574E-002
   25334381045378.711       0.37434330372334418        5.0567596614248506E-002
   28012083959197.953       0.36838880216109876        4.9960607594153314E-002
   30972805150899.453       0.36314533978576702        4.9277415114214483E-002
   34246458075482.980       0.35933444391642677        4.8519703593361996E-002
   37866117873464.703       0.35315467614757229        4.7681991473500655E-002
   41868355543419.266       0.34418906276909117        4.6765580997258797E-002
   46293607434697.734       0.33626667515143632        4.5771158063419429E-002
   51186583793467.156       0.33027266390403498        4.4693770827293249E-002
   56596720489789.625       0.32628815419743351        4.3538570801277481E-002
   62578678489737.062       0.30919772885108388        4.2301583780608748E-002
   69192896118925.578       0.30314866713909439        4.0988850807286516E-002
   76506199697227.750       0.28879139907505563        3.9598276650902584E-002
   84592478714171.516       0.27636833583395515        3.8136274500612570E-002
   93533432366617.016       0.26464963162861832        3.6603300555607128E-002
   103419395001306.55       0.26581994287815414        3.5005303912118112E-002
   114350248802091.66       0.24254112086966120        3.3350910545996579E-002
   126436432943115.47       0.23084385227908327        3.1643011965120559E-002
   139800059403863.05       0.23133695285709360        2.9893668126507171E-002
   154576146719645.50       0.19963939884417281        2.8107894605524548E-002
   170913984132635.69       0.18461575149730308        2.6298674976726760E-002
   188978639926067.34       0.18485983062196545        2.4473376237650307E-002
   208952629180955.53       0.16001227736881038        2.2646340425170983E-002
   231037757805406.66       0.15287666826821414        2.0826852249672692E-002
   255457161467555.31       0.13918923528538185        1.9028630882075011E-002
   282457560032351.88       0.11610057476315197        1.7265373756467486E-002
   312311750279752.94       0.11045942019541108        1.5547437450972619E-002
   345321362089338.19       0.10379587212417232        1.3889427337374534E-002
   381819905938283.00        8.6784575039759337E-002   1.2301088534288131E-002
   422176142502886.50        6.9501725533751058E-002   1.0795335728288962E-002
   466797808408205.12        6.1973927951942551E-002   9.3802047265555098E-003
   516135735768663.31        6.3042288673428759E-002   8.0652788798554909E-003
   570688407141152.38        4.7278518005503700E-002   6.8559436288265869E-003
   631006991911294.25        4.2222595092220150E-002   5.7574902412043027E-003
   697700914997662.00        2.5195234863806509E-002   4.7726720893900591E-003
   771444014137016.88        3.5232468366670461E-002   3.9009616666756683E-003
   852981347960290.50        1.7213268260688613E-002   3.1409446884196313E-003
   943136723644249.75        1.5025748529353835E-002   2.4881394837215848E-003
   1042821020194007.4        1.4398701568964818E-002   1.9371680186768320E-003
   1153041391450117.2        1.2246587765784562E-002   1.4801215941129609E-003
   1274911441802237.8        8.1245903129278096E-003   1.1084706620165651E-003
   1409662477419032.8        1.4972190398242365E-003   8.1229934631923690E-004
   1558655946670379.0        3.3109334997167119E-003   5.8153812896909326E-004
   1723397195432886.2        0.0000000000000000        4.0606711371433078E-004
   1905550676254563.8        0.0000000000000000        2.7596325403666524E-004
   2106956765043448.2        0.0000000000000000        1.8218445042568240E-004
   2329650355186525.0        0.0000000000000000        1.1654820627658492E-004
   2575881416963383.0        0.0000000000000000        7.2082027078982440E-005
   2848137729975369.0        0.0000000000000000        4.2976882537918454E-005
   3149170018265853.5        0.0000000000000000        2.4634818744810391E-005
   3482019742082599.5        0.0000000000000000        1.3530621334096586E-005
   3850049827074603.0        0.0000000000000000        7.0973682452392266E-006
   4256978641393801.0        0.0000000000000000        3.5425027782960627E-006
   4706917563987135.0        0.0000000000000000        1.6753409689582300E-006
   5204412523647679.0        0.0000000000000000        7.4756850581610803E-007
   5754489928512107.0        0.0000000000000000        3.1315815509144754E-007
   6362707450050128.0        0.0000000000000000        1.2253615698615153E-007
   7035210174638544.0        0.0000000000000000        4.4521028066161136E-008
   7778792690043883.0        0.0000000000000000        1.4929951860727147E-008
   8600967734100285.0        0.0000000000000000        4.5886435896165063E-009
   9510042099170130.0        0.0000000000000000        1.2830873396284014E-009
