   1.2566370614360001E-002   1.1589071146665317     
   1.7771531752634635E-002   1.2154550681348626     
   2.1765592370812048E-002  0.96513870414878655     
   2.5132741228720001E-002  0.85432372937457701     
   2.9562133651285849E-002  0.94986950249710200     
   3.8019517526813901E-002  0.96352401294482493     
   4.5116083860089251E-002   1.0435825560347389     
   5.5056809371101592E-002  0.97730020327901823     
   6.5848341545415051E-002   1.0377573475899611     
   7.9166690278415927E-002  0.99624681847666074     
   9.6964567215568481E-002   1.0841731784144630     
  0.11842995645747310        1.0581119234115937     
  0.14416104292042672        1.0980880490220173     
  0.17483851006932644        1.0975524662358298     
  0.21159335649904049        1.1574824444381251     
  0.25709616209838343        1.1682040098381878     
  0.31264156338248622        1.2711380349321018     
  0.37951482899164635        1.3771719834026004     
  0.46065736128088758        1.5154527480187550     
  0.55924736126635322        1.6844001187720505     
  0.67897524277408394        1.8955141777395541     
  0.82441551550693815        2.1307215629618130     
   1.0009764843865627        2.4164976426682738     
   1.2153763263333666        2.7371704797239378     
   1.4765846423066622        3.0789683203109162     
   1.2566370614360001E-002   1.2041126820357848     
   1.7771531752634635E-002   1.1616968887417487     
   2.1765592370812048E-002  0.80863403519945620     
   2.5132741228720001E-002  0.91479331612043413     
   2.9562133651285849E-002  0.98398405857110405     
   3.8019517526813901E-002  0.97787016127753579     
   4.5116083860089251E-002   1.0769254624857394     
   5.5056809371101592E-002   1.0018548447977289     
   6.5848341545415051E-002   1.0486135059713637     
   7.9166690278415927E-002   1.0083033272264581     
   9.6964567215568481E-002   1.1021163311536779     
  0.11842995645747310        1.0680188297284638     
  0.14416104292042672        1.1075631177930032     
  0.17483851006932644        1.1222490518418542     
  0.21159335649904049        1.1647602556446701     
  0.25709616209838343        1.1874082004762083     
  0.31264156338248622        1.2966277892850810     
  0.37951482899164635        1.4155582650865122     
  0.46065736128088758        1.5456784912955073     
  0.55924736126635322        1.7147857547282854     
  0.67897524277408394        1.9359530490567640     
  0.82441551550693815        2.1298122689767891     
   1.0009764843865627        2.3442110535281624     
   1.2153763263333666        2.5581221832954730     
   1.4765846423066622        2.7411021875523951     
   1.2566370614360001E-002   1.2369581927742712     
   1.7771531752634635E-002  0.98709071939744664     
   2.1765592370812048E-002  0.88224672696158135     
   2.5132741228720001E-002  0.96548282487595982     
   2.9562133651285849E-002   1.0058096673640482     
   3.8019517526813901E-002  0.99568843890070280     
   4.5116083860089251E-002   1.0591927350499781     
   5.5056809371101592E-002  0.97141174386714757     
   6.5848341545415051E-002  0.99898045724771545     
   7.9166690278415927E-002   1.0088204349735137     
   9.6964567215568481E-002   1.0620531338301553     
  0.11842995645747310       0.98858540475856671     
  0.14416104292042672        1.0880783868183614     
  0.17483851006932644        1.0921403757445221     
  0.21159335649904049        1.1429299342585459     
  0.25709616209838343        1.1634465862644143     
  0.31264156338248622        1.2677905802116411     
  0.37951482899164635        1.3454222806987781     
  0.46065736128088758        1.4718768481889699     
  0.55924736126635322        1.6205310738447625     
  0.67897524277408394        1.7888122181248853     
  0.82441551550693815        1.9350131712618230     
   1.0009764843865627        2.0190654351915045     
   1.2153763263333666        2.1197426500324998     
   1.4765846423066622        1.9918338593000968     
   1.2566370614360001E-002  0.28219321093371730     
   1.7771531752634635E-002   1.4793717575789209     
   2.1765592370812048E-002   1.3809701282949662     
   2.5132741228720001E-002   1.2256009089018156     
   2.9562133651285849E-002  0.98703038657866304     
   3.8019517526813901E-002  0.94474367746513244     
   4.5116083860089251E-002   1.0750720852773743     
   5.5056809371101592E-002  0.96726400803109525     
   6.5848341545415051E-002   1.0435382417738370     
   7.9166690278415927E-002  0.97785929094440338     
   9.6964567215568481E-002   1.0868130958951019     
  0.11842995645747310       0.92129759697394809     
  0.14416104292042672        1.0034600640349558     
  0.17483851006932644        1.0671906913025770     
  0.21159335649904049        1.0941964584903490     
  0.25709616209838343        1.1535204017188994     
  0.31264156338248622        1.2030206714714617     
  0.37951482899164635        1.3362976280911016     
  0.46065736128088758        1.4566548393912835     
  0.55924736126635322        1.5319937097127800     
  0.67897524277408394        1.6928074969027538     
  0.82441551550693815        1.7268637047578612     
   1.0009764843865627        1.7445160917324680     
   1.2153763263333666        1.5619543433036160     
   1.4765846423066622        1.0625248565905960     
   1.2566370614360001E-002  0.62785262201127057     
   1.7771531752634635E-002   1.7347351861304094     
   2.1765592370812048E-002   1.8918762294966573     
   2.5132741228720001E-002   1.0849092660082793     
   2.9562133651285849E-002  0.87743588597692324     
   3.8019517526813901E-002  0.74189539896575973     
   4.5116083860089251E-002  0.77991948867036920     
   5.5056809371101592E-002   1.0385398915428021     
   6.5848341545415051E-002   1.1772785669704404     
   7.9166690278415927E-002   1.0994217976619436     
   9.6964567215568481E-002   1.2245647432666897     
  0.11842995645747310       0.98850385865037893     
  0.14416104292042672        1.1171670822470037     
  0.17483851006932644        1.1964477378730409     
  0.21159335649904049        1.1417066620411114     
  0.25709616209838343        1.1970658407481802     
  0.31264156338248622        1.3411690532729901     
  0.37951482899164635        1.4866672889980777     
  0.46065736128088758        1.5008043036163710     
  0.55924736126635322        1.5921531138763809     
  0.67897524277408394        1.7611871553348510     
  0.82441551550693815        1.6606376400327281     
   1.0009764843865627        1.4220108275293404     
   1.2153763263333666       0.92129081959168191     
   1.4765846423066622      -0.16956128081546865     
   1.2566370614360001E-002   2.2410063983597244     
   1.7771531752634635E-002   1.1926764510925252     
   2.1765592370812048E-002   1.0391992216693944     
   2.5132741228720001E-002  0.82177366073913038     
   2.9562133651285849E-002  0.88977168546228702     
   3.8019517526813901E-002   1.1273341523827507     
   4.5116083860089251E-002  0.84147754205310621     
   5.5056809371101592E-002   1.0131605982576284     
   6.5848341545415051E-002  0.89169493034844283     
   7.9166690278415927E-002   1.0100542931088798     
   9.6964567215568481E-002   1.0550130973801251     
  0.11842995645747310       0.94188166589673272     
  0.14416104292042672        1.0144855974141513     
  0.17483851006932644       0.84611537796821379     
  0.21159335649904049       0.98493332584863558     
  0.25709616209838343        1.0375425920798729     
  0.31264156338248622        1.0310025862044399     
  0.37951482899164635        1.1983054437101479     
  0.46065736128088758        1.2480590830198373     
  0.55924736126635322        1.3304528626334700     
  0.67897524277408394        1.1734243899577401     
  0.82441551550693815        1.1010432482490813     
   1.0009764843865627       0.47023965100022158     
   1.2153763263333666      -0.12380765163773216     
   1.4765846423066622       -1.5934870824129166     
   1.2566370614360001E-002  0.11402148121640986     
   1.7771531752634635E-002 -0.37475170651658185     
   2.1765592370812048E-002   3.8996259305606609     
   2.5132741228720001E-002  0.29678680216439474     
   2.9562133651285849E-002   1.1107555572606833     
   3.8019517526813901E-002   1.9155690176947118     
   4.5116083860089251E-002  0.59698866431757125     
   5.5056809371101592E-002   1.3086072163348892     
   6.5848341545415051E-002  0.79590888309329622     
   7.9166690278415927E-002  0.56012394030052748     
   9.6964567215568481E-002  0.84188217953254829     
  0.11842995645747310       0.93591028983747604     
  0.14416104292042672        1.1737450854146834     
  0.17483851006932644       0.87999620460107908     
  0.21159335649904049       0.70353856923600255     
  0.25709616209838343       0.94496593291142505     
  0.31264156338248622       0.85320708004443635     
  0.37951482899164635        1.0378638775934408     
  0.46065736128088758        1.0684313864603023     
  0.55924736126635322        1.3742493497784640     
  0.67897524277408394        1.3620884888657754     
  0.82441551550693815       0.49788891921066192     
   1.0009764843865627       -6.6744541388038106E-002
   1.2153763263333666      -0.79838357981588803     
   1.4765846423066622       -2.3332039936711735     
   1.2566370614360001E-002   2.7154497193272573     
   1.7771531752634635E-002  0.17937490813229337     
   2.1765592370812048E-002  0.87828319895100537     
   2.5132741228720001E-002   1.9356809905414332     
   2.9562133651285849E-002  0.41236353707787515     
   3.8019517526813901E-002   1.1321973809863941     
   4.5116083860089251E-002   1.0888412854774887     
   5.5056809371101592E-002  0.44138129797022502     
   6.5848341545415051E-002  0.91594624537752090     
   7.9166690278415927E-002  0.53687644056847106     
   9.6964567215568481E-002  0.93340059283399601     
  0.11842995645747310       0.90396568301725400     
  0.14416104292042672       0.42643114582938946     
  0.17483851006932644       0.49939367614410968     
  0.21159335649904049       0.31520833566950618     
  0.25709616209838343       0.35298052494025994     
  0.31264156338248622       0.57549296084646628     
  0.37951482899164635       0.73297266950713069     
  0.46065736128088758       0.55254058071646184     
  0.55924736126635322       0.65274160675704007     
  0.67897524277408394       0.21997438214640341     
  0.82441551550693815       -6.5808457749172891E-002
   1.0009764843865627      -0.52130234598817293     
   1.2153763263333666       -1.0262814306408081     
   1.4765846423066622       -1.1149928559937328     
   1.2566370614360001E-002   1.2041126820357848     
   1.7771531752634635E-002   1.1616968887417487     
   2.1765592370812048E-002  0.80863403519945620     
   2.5132741228720001E-002  0.91479331612043413     
   2.9562133651285849E-002  0.98398405857110405     
   3.8019517526813901E-002  0.97787016127753579     
   4.5116083860089251E-002   1.0769254624857394     
   5.5056809371101592E-002   1.0018548447977289     
   6.5848341545415051E-002   1.0486135059713637     
   7.9166690278415927E-002   1.0083033272264581     
   9.6964567215568481E-002   1.1021163311536779     
  0.11842995645747310        1.0680188297284638     
  0.14416104292042672        1.1075631177930032     
  0.17483851006932644        1.1222490518418542     
  0.21159335649904049        1.1647602556446701     
  0.25709616209838343        1.1874082004762083     
  0.31264156338248622        1.2966277892850810     
  0.37951482899164635        1.4155582650865122     
  0.46065736128088758        1.5456784912955073     
  0.55924736126635322        1.7147857547282854     
  0.67897524277408394        1.9359530490567640     
  0.82441551550693815        2.1298122689767891     
   1.0009764843865627        2.3442110535281624     
   1.2153763263333666        2.5581221832954730     
   1.4765846423066622        2.7411021875523951     
   1.2566370614360001E-002   1.2851935668921732     
   1.7771531752634635E-002   1.0949692067750534     
   2.1765592370812048E-002  0.67847317544482977     
   2.5132741228720001E-002  0.97811833639943890     
   2.9562133651285849E-002   1.0200923427805295     
   3.8019517526813901E-002   1.0106901246403468     
   4.5116083860089251E-002   1.1279769299536362     
   5.5056809371101592E-002   1.0285945854724012     
   6.5848341545415051E-002   1.0430195431412215     
   7.9166690278415927E-002   1.0219361501719380     
   9.6964567215568481E-002   1.1260488272947213     
  0.11842995645747310        1.0885663368406873     
  0.14416104292042672        1.1560598726090978     
  0.17483851006932644        1.1728435057753241     
  0.21159335649904049        1.2114446767384144     
  0.25709616209838343        1.3039012272476802     
  0.31264156338248622        1.3799561213073839     
  0.37951482899164635        1.5451142346265248     
  0.46065736128088758        1.6739702675175103     
  0.55924736126635322        1.8504232940113796     
  0.67897524277408394        2.0297223525466097     
  0.82441551550693815        2.1508370553663116     
   1.0009764843865627        2.2662937004453014     
   1.2153763263333666        2.3228588825654093     
   1.4765846423066622        2.4563220997666297     
   1.2566370614360001E-002   1.3745077792789338     
   1.7771531752634635E-002  0.95929516499261525     
   2.1765592370812048E-002  0.65689860104998066     
   2.5132741228720001E-002  0.97721315247804397     
   2.9562133651285849E-002   1.0446939312270582     
   3.8019517526813901E-002   1.0036860911819292     
   4.5116083860089251E-002   1.1090873412068867     
   5.5056809371101592E-002  0.99440301387881147     
   6.5848341545415051E-002   1.0280147440760552     
   7.9166690278415927E-002   1.0481378316450050     
   9.6964567215568481E-002   1.0564406751587820     
  0.11842995645747310       0.98170366160448796     
  0.14416104292042672        1.1144539342265629     
  0.17483851006932644        1.1414126858846938     
  0.21159335649904049        1.2070934676475473     
  0.25709616209838343        1.2343622613770515     
  0.31264156338248622        1.3237313696639961     
  0.37951482899164635        1.4680186406110256     
  0.46065736128088758        1.6046568609365270     
  0.55924736126635322        1.6589945554043688     
  0.67897524277408394        1.8119687852915694     
  0.82441551550693815        1.8788631186175904     
   1.0009764843865627        1.7561198352624341     
   1.2153763263333666        1.6533756984690466     
   1.4765846423066622        1.3297136299631425     
   1.2566370614360001E-002   6.6170176530782499E-002
   1.7771531752634635E-002   1.3048518209480346     
   2.1765592370812048E-002   1.1674906387107757     
   2.5132741228720001E-002   1.2135930311265448     
   2.9562133651285849E-002   1.0443981110278984     
   3.8019517526813901E-002  0.98605570440954249     
   4.5116083860089251E-002   1.1053805903436502     
   5.5056809371101592E-002  0.96709569156988706     
   6.5848341545415051E-002   1.0446217644429994     
   7.9166690278415927E-002  0.99344409731997030     
   9.6964567215568481E-002   1.1053043819771657     
  0.11842995645747310       0.89648375591791141     
  0.14416104292042672        1.0109123961913045     
  0.17483851006932644        1.1010141214892653     
  0.21159335649904049        1.1135752489857240     
  0.25709616209838343        1.1289521111271810     
  0.31264156338248622        1.1453866080666042     
  0.37951482899164635        1.3064623252872729     
  0.46065736128088758        1.4032129467144536     
  0.55924736126635322        1.3892830496503878     
  0.67897524277408394        1.4471197489551542     
  0.82441551550693815        1.3860342180344598     
   1.0009764843865627        1.1775076985283743     
   1.2153763263333666       0.68780967241525048     
   1.4765846423066622        8.9890999970684334E-003
   1.2566370614360001E-002  0.72339069776963971     
   1.7771531752634635E-002   1.3522147638133120     
   2.1765592370812048E-002   1.4891028014111074     
   2.5132741228720001E-002  0.97656561462864289     
   2.9562133651285849E-002  0.92310290879420032     
   3.8019517526813901E-002  0.77172077478991385     
   4.5116083860089251E-002  0.73997662306644940     
   5.5056809371101592E-002   1.0295319561960719     
   6.5848341545415051E-002   1.1815106093226839     
   7.9166690278415927E-002   1.1007712249320480     
   9.6964567215568481E-002   1.2916455151616684     
  0.11842995645747310        1.0109273623598436     
  0.14416104292042672        1.1647221172017124     
  0.17483851006932644        1.1748666697049055     
  0.21159335649904049        1.1433409264040095     
  0.25709616209838343        1.1376230535454070     
  0.31264156338248622        1.2638756583958282     
  0.37951482899164635        1.2766058064675503     
  0.46065736128088758        1.3369726652840723     
  0.55924736126635322        1.2699962176069330     
  0.67897524277408394        1.2859145224091921     
  0.82441551550693815       0.98795371055235903     
   1.0009764843865627       0.63036616497976627     
   1.2153763263333666        5.1178319082445828E-002
   1.4765846423066622      -0.77426139663732385     
   1.2566370614360001E-002   2.6543978643423261     
   1.7771531752634635E-002   1.4705470207385902     
   2.1765592370812048E-002  0.57611674056966555     
   2.5132741228720001E-002  0.99951901940344812     
   2.9562133651285849E-002  0.99055550265310488     
   3.8019517526813901E-002   1.4454081303620572     
   4.5116083860089251E-002  0.95094631925518369     
   5.5056809371101592E-002   1.2605157060610730     
   6.5848341545415051E-002   1.0697247280640807     
   7.9166690278415927E-002   1.2222053722118325     
   9.6964567215568481E-002   1.2277957558994950     
  0.11842995645747310        1.1368548211075735     
  0.14416104292042672        1.2160694442696913     
  0.17483851006932644        1.0579866224159744     
  0.21159335649904049        1.0685462985435408     
  0.25709616209838343        1.0631622353055186     
  0.31264156338248622       0.92462653614567192     
  0.37951482899164635        1.2747233495507715     
  0.46065736128088758        1.2600596877006145     
  0.55924736126635322        1.0049666312244370     
  0.67897524277408394       0.96212319000466195     
  0.82441551550693815        1.0371346432560424     
   1.0009764843865627        6.3861991354293060E-002
   1.2153763263333666      -0.56297073371207151     
   1.4765846423066622       -2.4581886325603959     
   1.2566370614360001E-002  0.35316986434335418     
   1.7771531752634635E-002 -0.59538631447823331     
   2.1765592370812048E-002   3.4231300419100039     
   2.5132741228720001E-002  0.43954075745129639     
   2.9562133651285849E-002   1.2182135161479870     
   3.8019517526813901E-002   1.8002685473239795     
   4.5116083860089251E-002  0.50210730520208569     
   5.5056809371101592E-002   1.2743674259657494     
   6.5848341545415051E-002  0.78381033052680615     
   7.9166690278415927E-002  0.51622865123444850     
   9.6964567215568481E-002  0.98671300504863690     
  0.11842995645747310       0.89770439225413157     
  0.14416104292042672        1.1866723394562977     
  0.17483851006932644       0.94386500082476188     
  0.21159335649904049       0.88664342263118068     
  0.25709616209838343       0.81575377470655686     
  0.31264156338248622       0.65860383888353469     
  0.37951482899164635       0.91422432551852295     
  0.46065736128088758       0.74714091047091447     
  0.55924736126635322       0.92982279174226190     
  0.67897524277408394        1.2403890497856647     
  0.82441551550693815       0.44329211332296914     
   1.0009764843865627        1.3325206569256176E-002
   1.2153763263333666       -1.1860258714821801     
   1.4765846423066622       -1.5787916730669671     
   1.2566370614360001E-002   2.0355338658778801     
   1.7771531752634635E-002 -0.21445504369711962     
   2.1765592370812048E-002  0.93314552461790945     
   2.5132741228720001E-002   2.5281735698860013     
   2.9562133651285849E-002  0.77240608775466391     
   3.8019517526813901E-002   1.3394798578366829     
   4.5116083860089251E-002   1.4330174657615662     
   5.5056809371101592E-002  0.50952431145640287     
   6.5848341545415051E-002   1.1756283921617521     
   7.9166690278415927E-002  0.50291700259644445     
   9.6964567215568481E-002   1.0223808977314346     
  0.11842995645747310       0.75983538433452513     
  0.14416104292042672       0.81101077531711452     
  0.17483851006932644       0.69431847130640223     
  0.21159335649904049       0.67915679535388140     
  0.25709616209838343       0.30841103539203762     
  0.31264156338248622       0.72315153857769909     
  0.37951482899164635       0.76775040654079207     
  0.46065736128088758       0.20157039408089827     
  0.55924736126635322       0.30234177137254176     
  0.67897524277408394      -0.72534677594085828     
  0.82441551550693815      -0.48258533612265414     
   1.0009764843865627       -1.0803042109205800     
   1.2153763263333666       -1.1517549165101031     
   1.4765846423066622      -0.59796391020718520     
   1.2566370614360001E-002   1.2369581927742712     
   1.7771531752634635E-002  0.98709071939744664     
   2.1765592370812048E-002  0.88224672696158135     
   2.5132741228720001E-002  0.96548282487595982     
   2.9562133651285849E-002   1.0058096673640482     
   3.8019517526813901E-002  0.99568843890070280     
   4.5116083860089251E-002   1.0591927350499781     
   5.5056809371101592E-002  0.97141174386714757     
   6.5848341545415051E-002  0.99898045724771545     
   7.9166690278415927E-002   1.0088204349735137     
   9.6964567215568481E-002   1.0620531338301553     
  0.11842995645747310       0.98858540475856671     
  0.14416104292042672        1.0880783868183614     
  0.17483851006932644        1.0921403757445221     
  0.21159335649904049        1.1429299342585459     
  0.25709616209838343        1.1634465862644143     
  0.31264156338248622        1.2677905802116411     
  0.37951482899164635        1.3454222806987781     
  0.46065736128088758        1.4718768481889699     
  0.55924736126635322        1.6205310738447625     
  0.67897524277408394        1.7888122181248853     
  0.82441551550693815        1.9350131712618230     
   1.0009764843865627        2.0190654351915045     
   1.2153763263333666        2.1197426500324998     
   1.4765846423066622        1.9918338593000968     
   1.2566370614360001E-002   1.3745077792789338     
   1.7771531752634635E-002  0.95929516499261525     
   2.1765592370812048E-002  0.65689860104998066     
   2.5132741228720001E-002  0.97721315247804397     
   2.9562133651285849E-002   1.0446939312270582     
   3.8019517526813901E-002   1.0036860911819292     
   4.5116083860089251E-002   1.1090873412068867     
   5.5056809371101592E-002  0.99440301387881147     
   6.5848341545415051E-002   1.0280147440760552     
   7.9166690278415927E-002   1.0481378316450050     
   9.6964567215568481E-002   1.0564406751587820     
  0.11842995645747310       0.98170366160448796     
  0.14416104292042672        1.1144539342265629     
  0.17483851006932644        1.1414126858846938     
  0.21159335649904049        1.2070934676475473     
  0.25709616209838343        1.2343622613770515     
  0.31264156338248622        1.3237313696639961     
  0.37951482899164635        1.4680186406110256     
  0.46065736128088758        1.6046568609365270     
  0.55924736126635322        1.6589945554043688     
  0.67897524277408394        1.8119687852915694     
  0.82441551550693815        1.8788631186175904     
   1.0009764843865627        1.7561198352624341     
   1.2153763263333666        1.6533756984690466     
   1.4765846423066622        1.3297136299631425     
   1.2566370614360001E-002   1.2018830595171142     
   1.7771531752634635E-002  0.76152805980694216     
   2.1765592370812048E-002  0.86648536253387787     
   2.5132741228720001E-002   1.0788670055072280     
   2.9562133651285849E-002   1.0611692522701968     
   3.8019517526813901E-002  0.95230428294749070     
   4.5116083860089251E-002   1.1373211133156809     
   5.5056809371101592E-002  0.94126895475196459     
   6.5848341545415051E-002  0.99726817297536485     
   7.9166690278415927E-002   1.0180001536656922     
   9.6964567215568481E-002   1.0482699092948295     
  0.11842995645747310       0.99266785914276567     
  0.14416104292042672        1.1537042454968456     
  0.17483851006932644        1.1648848677299461     
  0.21159335649904049        1.2832106110547810     
  0.25709616209838343        1.3136805045362498     
  0.31264156338248622        1.4347195672043598     
  0.37951482899164635        1.5189032307616595     
  0.46065736128088758        1.6068130303911954     
  0.55924736126635322        1.6966176063615226     
  0.67897524277408394        1.8584383067061150     
  0.82441551550693815        1.6518248430384090     
   1.0009764843865627        1.4422289297022137     
   1.2153763263333666        1.1933915700283650     
   1.4765846423066622        1.4627555087574033     
   1.2566370614360001E-002   2.3107650446558149E-002
   1.7771531752634635E-002   1.0254910735288338     
   2.1765592370812048E-002   1.1792186026350373     
   2.5132741228720001E-002   1.3607109266149195     
   2.9562133651285849E-002   1.0539194570081287     
   3.8019517526813901E-002  0.92983429940498852     
   4.5116083860089251E-002   1.1098439191915757     
   5.5056809371101592E-002  0.98486101349137012     
   6.5848341545415051E-002  0.97595321177706018     
   7.9166690278415927E-002   1.0733214931976922     
   9.6964567215568481E-002   1.1098032379682667     
  0.11842995645747310        1.0068326660389879     
  0.14416104292042672        1.0744313366342806     
  0.17483851006932644        1.2182129660823642     
  0.21159335649904049        1.3325300382246199     
  0.25709616209838343        1.3248257954216400     
  0.31264156338248622        1.3971760660720223     
  0.37951482899164635        1.5243091356683722     
  0.46065736128088758        1.5496204107575087     
  0.55924736126635322        1.5837001054370334     
  0.67897524277408394        1.5239855675837086     
  0.82441551550693815        1.2705122917985123     
   1.0009764843865627        1.2063064936266741     
   1.2153763263333666       0.61437024577900212     
   1.4765846423066622       0.25958428988068671     
   1.2566370614360001E-002   1.0007955903799084     
   1.7771531752634635E-002  0.86607180541097184     
   2.1765592370812048E-002   1.6144133064082329     
   2.5132741228720001E-002   1.2117458028412131     
   2.9562133651285849E-002  0.94508002101244715     
   3.8019517526813901E-002  0.79805028153383228     
   4.5116083860089251E-002  0.65765285783794603     
   5.5056809371101592E-002   1.0211080670605588     
   6.5848341545415051E-002   1.1969340709482714     
   7.9166690278415927E-002   1.0533430102316188     
   9.6964567215568481E-002   1.2170318612202482     
  0.11842995645747310       0.91700036824167730     
  0.14416104292042672        1.0580326265269870     
  0.17483851006932644        1.1595731813140941     
  0.21159335649904049        1.2921684677517542     
  0.25709616209838343        1.2660442496134767     
  0.31264156338248622        1.4024862770401654     
  0.37951482899164635        1.4990930656421615     
  0.46065736128088758        1.3688923023567736     
  0.55924736126635322        1.2799789242590682     
  0.67897524277408394        1.5667409408837765     
  0.82441551550693815       0.98246466700234369     
   1.0009764843865627       0.30244557111349801     
   1.2153763263333666       0.30633741052541430     
   1.4765846423066622       -1.0415370232538572     
   1.2566370614360001E-002   2.3383110318240834     
   1.7771531752634635E-002  0.99082809355818446     
   2.1765592370812048E-002   1.3359287753572688     
   2.5132741228720001E-002  0.75298347584957515     
   2.9562133651285849E-002  0.96302178137007910     
   3.8019517526813901E-002   1.0395964016724000     
   4.5116083860089251E-002  0.65580388345489793     
   5.5056809371101592E-002   1.0516762345845492     
   6.5848341545415051E-002  0.96335166352697044     
   7.9166690278415927E-002   1.0219757148024438     
   9.6964567215568481E-002  0.94215479384067413     
  0.11842995645747310       0.73952088262333815     
  0.14416104292042672        1.0395827022013495     
  0.17483851006932644       0.84761345630463325     
  0.21159335649904049       0.91189208805431576     
  0.25709616209838343        1.0325955151474029     
  0.31264156338248622        1.0300862422381143     
  0.37951482899164635        1.0271832523820357     
  0.46065736128088758       0.80455135005136191     
  0.55924736126635322       0.71050540460303135     
  0.67897524277408394       0.84278576622795298     
  0.82441551550693815       0.13259380112649091     
   1.0009764843865627      -0.31460053487597267     
   1.2153763263333666      -0.53507154420557057     
   1.4765846423066622       -1.5063022250328009     
   1.2566370614360001E-002  0.46950756865965187     
   1.7771531752634635E-002 -0.15009945486148443     
   2.1765592370812048E-002   2.7574916439827479     
   2.5132741228720001E-002  0.70787021988786303     
   2.9562133651285849E-002   1.0243816982017706     
   3.8019517526813901E-002   1.8976664343420497     
   4.5116083860089251E-002  0.47433546544217980     
   5.5056809371101592E-002   1.6356771644366968     
   6.5848341545415051E-002  0.22870547679144113     
   7.9166690278415927E-002  0.72875534075027804     
   9.6964567215568481E-002  0.85054525087228838     
  0.11842995645747310       0.84249527293465920     
  0.14416104292042672        1.3832562035463620     
  0.17483851006932644       0.86212576929046802     
  0.21159335649904049       0.67201676681288436     
  0.25709616209838343        1.2552575997525783     
  0.31264156338248622       0.62517975705274798     
  0.37951482899164635        1.2808746113552043     
  0.46065736128088758       0.72905167291478423     
  0.55924736126635322       0.93798866850153806     
  0.67897524277408394       0.93628093937534496     
  0.82441551550693815      -0.56161398193881640     
   1.0009764843865627       0.24571067864083967     
   1.2153763263333666       0.54372638723027500     
   1.4765846423066622       -1.7289170707050252     
   1.2566370614360001E-002   1.9198472137818408     
   1.7771531752634635E-002 -0.53062881984657184     
   2.1765592370812048E-002   1.4157824503612828     
   2.5132741228720001E-002   2.6120328756052342     
   2.9562133651285849E-002  0.86162595831218436     
   3.8019517526813901E-002   1.1967790174344917     
   4.5116083860089251E-002   1.1776791629503149     
   5.5056809371101592E-002  0.56659593144942644     
   6.5848341545415051E-002   1.0008701162862887     
   7.9166690278415927E-002  0.48404714142272626     
   9.6964567215568481E-002  0.60831315064013025     
  0.11842995645747310       0.70845199706025497     
  0.14416104292042672       0.66412896931746679     
  0.17483851006932644       0.25795121558656137     
  0.21159335649904049      -0.26671997184403556     
  0.25709616209838343      -0.17304947424653438     
  0.31264156338248622       0.34102679752243037     
  0.37951482899164635       -1.9494228167905827E-002
  0.46065736128088758      -0.18339983318592040     
  0.55924736126635322      -0.43186923302908808     
  0.67897524277408394      -0.63312749779215793     
  0.82441551550693815       -1.6323867405435611E-002
   1.0009764843865627       0.38690132647822018     
   1.2153763263333666      -0.61147250387474505     
   1.4765846423066622       -1.2606010104346557     
   1.2566370614360001E-002  0.28219321093371730     
   1.7771531752634635E-002   1.4793717575789209     
   2.1765592370812048E-002   1.3809701282949662     
   2.5132741228720001E-002   1.2256009089018156     
   2.9562133651285849E-002  0.98703038657866304     
   3.8019517526813901E-002  0.94474367746513244     
   4.5116083860089251E-002   1.0750720852773743     
   5.5056809371101592E-002  0.96726400803109525     
   6.5848341545415051E-002   1.0435382417738370     
   7.9166690278415927E-002  0.97785929094440338     
   9.6964567215568481E-002   1.0868130958951019     
  0.11842995645747310       0.92129759697394809     
  0.14416104292042672        1.0034600640349558     
  0.17483851006932644        1.0671906913025770     
  0.21159335649904049        1.0941964584903490     
  0.25709616209838343        1.1535204017188994     
  0.31264156338248622        1.2030206714714617     
  0.37951482899164635        1.3362976280911016     
  0.46065736128088758        1.4566548393912835     
  0.55924736126635322        1.5319937097127800     
  0.67897524277408394        1.6928074969027538     
  0.82441551550693815        1.7268637047578612     
   1.0009764843865627        1.7445160917324680     
   1.2153763263333666        1.5619543433036160     
   1.4765846423066622        1.0625248565905960     
   1.2566370614360001E-002   6.6170176530782499E-002
   1.7771531752634635E-002   1.3048518209480346     
   2.1765592370812048E-002   1.1674906387107757     
   2.5132741228720001E-002   1.2135930311265448     
   2.9562133651285849E-002   1.0443981110278984     
   3.8019517526813901E-002  0.98605570440954249     
   4.5116083860089251E-002   1.1053805903436502     
   5.5056809371101592E-002  0.96709569156988706     
   6.5848341545415051E-002   1.0446217644429994     
   7.9166690278415927E-002  0.99344409731997030     
   9.6964567215568481E-002   1.1053043819771657     
  0.11842995645747310       0.89648375591791141     
  0.14416104292042672        1.0109123961913045     
  0.17483851006932644        1.1010141214892653     
  0.21159335649904049        1.1135752489857240     
  0.25709616209838343        1.1289521111271810     
  0.31264156338248622        1.1453866080666042     
  0.37951482899164635        1.3064623252872729     
  0.46065736128088758        1.4032129467144536     
  0.55924736126635322        1.3892830496503878     
  0.67897524277408394        1.4471197489551542     
  0.82441551550693815        1.3860342180344598     
   1.0009764843865627        1.1775076985283743     
   1.2153763263333666       0.68780967241525048     
   1.4765846423066622        8.9890999970684334E-003
   1.2566370614360001E-002   2.3107650446558149E-002
   1.7771531752634635E-002   1.0254910735288338     
   2.1765592370812048E-002   1.1792186026350373     
   2.5132741228720001E-002   1.3607109266149195     
   2.9562133651285849E-002   1.0539194570081287     
   3.8019517526813901E-002  0.92983429940498852     
   4.5116083860089251E-002   1.1098439191915757     
   5.5056809371101592E-002  0.98486101349137012     
   6.5848341545415051E-002  0.97595321177706018     
   7.9166690278415927E-002   1.0733214931976922     
   9.6964567215568481E-002   1.1098032379682667     
  0.11842995645747310        1.0068326660389879     
  0.14416104292042672        1.0744313366342806     
  0.17483851006932644        1.2182129660823642     
  0.21159335649904049        1.3325300382246199     
  0.25709616209838343        1.3248257954216400     
  0.31264156338248622        1.3971760660720223     
  0.37951482899164635        1.5243091356683722     
  0.46065736128088758        1.5496204107575087     
  0.55924736126635322        1.5837001054370334     
  0.67897524277408394        1.5239855675837086     
  0.82441551550693815        1.2705122917985123     
   1.0009764843865627        1.2063064936266741     
   1.2153763263333666       0.61437024577900212     
   1.4765846423066622       0.25958428988068671     
   1.2566370614360001E-002  0.18812981344726243     
   1.7771531752634635E-002   1.4831493204822406     
   2.1765592370812048E-002   1.8962255542953221     
   2.5132741228720001E-002   1.6112041624660247     
   2.9562133651285849E-002  0.82844546433992627     
   3.8019517526813901E-002   1.0522276483679645     
   4.5116083860089251E-002   1.1022790138562650     
   5.5056809371101592E-002  0.81499747116506494     
   6.5848341545415051E-002   1.0395565380611795     
   7.9166690278415927E-002   1.0884117594874536     
   9.6964567215568481E-002   1.1560270467597580     
  0.11842995645747310        1.0114056573820809     
  0.14416104292042672        1.2928760657497498     
  0.17483851006932644        1.2453487148448497     
  0.21159335649904049        1.4217728077748735     
  0.25709616209838343        1.4870609543897562     
  0.31264156338248622        1.3719666835730118     
  0.37951482899164635        1.4103732356298695     
  0.46065736128088758        1.5489739176483488     
  0.55924736126635322        1.7230347260132179     
  0.67897524277408394        1.0340786251952820     
  0.82441551550693815        1.0774686981305861     
   1.0009764843865627       0.53614194816910221     
   1.2153763263333666        2.4122094784305204E-002
   1.4765846423066622        2.4010912294017417     
   1.2566370614360001E-002  -6.7148534300649404E-002
   1.7771531752634635E-002   2.0569122645559568     
   2.1765592370812048E-002   2.5410403622678146     
   2.5132741228720001E-002   1.7410046199787550     
   2.9562133651285849E-002  0.83099340336705863     
   3.8019517526813901E-002  0.84432867806461920     
   4.5116083860089251E-002  0.64527482211612497     
   5.5056809371101592E-002  0.82774746946006550     
   6.5848341545415051E-002   1.0677309209141264     
   7.9166690278415927E-002   1.0323506782322724     
   9.6964567215568481E-002   1.3749912753600553     
  0.11842995645747310        1.0126714413349935     
  0.14416104292042672        1.2528741242862806     
  0.17483851006932644        1.2913773337111432     
  0.21159335649904049        1.3388771671125623     
  0.25709616209838343        1.2629812573341359     
  0.31264156338248622        1.2951218038726950     
  0.37951482899164635        1.2217288617356719     
  0.46065736128088758        1.2320513024047040     
  0.55924736126635322        1.4493060755477036     
  0.67897524277408394        1.0175503474913103     
  0.82441551550693815       0.60048899622366958     
   1.0009764843865627       0.91614208974926381     
   1.2153763263333666        9.9270689564786393E-002
   1.4765846423066622       -1.5414562680584387     
   1.2566370614360001E-002  0.78953586958537958     
   1.7771531752634635E-002   1.3579420393511599     
   2.1765592370812048E-002  0.92670979396234632     
   2.5132741228720001E-002  0.82353546228887486     
   2.9562133651285849E-002  0.95900954075970668     
   3.8019517526813901E-002   1.4561422343874284     
   4.5116083860089251E-002  0.83350152767656127     
   5.5056809371101592E-002  0.93209526540770316     
   6.5848341545415051E-002  0.98942615689754776     
   7.9166690278415927E-002  0.98741794842365493     
   9.6964567215568481E-002   1.0476315368413398     
  0.11842995645747310       0.82620823062649906     
  0.14416104292042672        1.0836257470205146     
  0.17483851006932644       0.71381460751409032     
  0.21159335649904049       0.87423791754927904     
  0.25709616209838343       0.93934269717518826     
  0.31264156338248622       0.47775690041602198     
  0.37951482899164635        1.3730344071736993     
  0.46065736128088758       0.75442971402545700     
  0.55924736126635322       0.44961012804496131     
  0.67897524277408394       0.60685312802096114     
  0.82441551550693815       -9.2102313071943498E-002
   1.0009764843865627      -0.69789059701427159     
   1.2153763263333666       0.24511905716369262     
   1.4765846423066622       -1.5408642590797730     
   1.2566370614360001E-002  -2.2719715506034199     
   1.7771531752634635E-002  0.45327565353384458     
   2.1765592370812048E-002   3.9896054862717585     
   2.5132741228720001E-002  0.36152988060949515     
   2.9562133651285849E-002  0.72610844358998350     
   3.8019517526813901E-002   1.6224113326798661     
   4.5116083860089251E-002  0.26971340505514119     
   5.5056809371101592E-002   1.1292305731818737     
   6.5848341545415051E-002   1.0462413318762263     
   7.9166690278415927E-002  0.97629623418491562     
   9.6964567215568481E-002   1.1108489440903415     
  0.11842995645747310        1.2922940042715854     
  0.14416104292042672       0.69464372283745957     
  0.17483851006932644       0.88075762364122323     
  0.21159335649904049       0.74493284217621392     
  0.25709616209838343        1.2851142909969193     
  0.31264156338248622       0.44449777604163315     
  0.37951482899164635        1.0097223089418110     
  0.46065736128088758       0.74632527738803522     
  0.55924736126635322       0.55027153529482975     
  0.67897524277408394        1.5009832854458480     
  0.82441551550693815       0.98512206795663571     
   1.0009764843865627      -0.86009483815337162     
   1.2153763263333666       0.69196498617135305     
   1.4765846423066622       -2.1912655361627329     
   1.2566370614360001E-002   1.2877175216740737     
   1.7771531752634635E-002 -0.17179312464749474     
   2.1765592370812048E-002   2.3209280320829864     
   2.5132741228720001E-002   2.9587641468042172     
   2.9562133651285849E-002  0.72967280206523222     
   3.8019517526813901E-002   1.0171022757010044     
   4.5116083860089251E-002   1.5347294829880176     
   5.5056809371101592E-002  0.75805488480046468     
   6.5848341545415051E-002  0.94213590063445463     
   7.9166690278415927E-002  0.25704748479307726     
   9.6964567215568481E-002  0.28093478904305208     
  0.11842995645747310       0.71245705321228248     
  0.14416104292042672       0.16690238014403727     
  0.17483851006932644       0.62665022473448662     
  0.21159335649904049       0.78093461129928099     
  0.25709616209838343       0.17323122170989899     
  0.31264156338248622       0.79976092137238564     
  0.37951482899164635       0.68475812428291649     
  0.46065736128088758       0.57918824139580827     
  0.55924736126635322       0.25236595582821270     
  0.67897524277408394       -5.5804361868663985E-002
  0.82441551550693815      -0.50727698293158729     
   1.0009764843865627      -0.88231930969413030     
   1.2153763263333666       -1.8283289629653783     
   1.4765846423066622      -0.56142125564664780     
   1.2566370614360001E-002  0.62785262201127057     
   1.7771531752634635E-002   1.7347351861304094     
   2.1765592370812048E-002   1.8918762294966573     
   2.5132741228720001E-002   1.0849092660082793     
   2.9562133651285849E-002  0.87743588597692324     
   3.8019517526813901E-002  0.74189539896575973     
   4.5116083860089251E-002  0.77991948867036920     
   5.5056809371101592E-002   1.0385398915428021     
   6.5848341545415051E-002   1.1772785669704404     
   7.9166690278415927E-002   1.0994217976619436     
   9.6964567215568481E-002   1.2245647432666897     
  0.11842995645747310       0.98850385865037893     
  0.14416104292042672        1.1171670822470037     
  0.17483851006932644        1.1964477378730409     
  0.21159335649904049        1.1417066620411114     
  0.25709616209838343        1.1970658407481802     
  0.31264156338248622        1.3411690532729901     
  0.37951482899164635        1.4866672889980777     
  0.46065736128088758        1.5008043036163710     
  0.55924736126635322        1.5921531138763809     
  0.67897524277408394        1.7611871553348510     
  0.82441551550693815        1.6606376400327281     
   1.0009764843865627        1.4220108275293404     
   1.2153763263333666       0.92129081959168191     
   1.4765846423066622      -0.16956128081546865     
   1.2566370614360001E-002  0.72339069776963971     
   1.7771531752634635E-002   1.3522147638133120     
   2.1765592370812048E-002   1.4891028014111074     
   2.5132741228720001E-002  0.97656561462864289     
   2.9562133651285849E-002  0.92310290879420032     
   3.8019517526813901E-002  0.77172077478991385     
   4.5116083860089251E-002  0.73997662306644940     
   5.5056809371101592E-002   1.0295319561960719     
   6.5848341545415051E-002   1.1815106093226839     
   7.9166690278415927E-002   1.1007712249320480     
   9.6964567215568481E-002   1.2916455151616684     
  0.11842995645747310        1.0109273623598436     
  0.14416104292042672        1.1647221172017124     
  0.17483851006932644        1.1748666697049055     
  0.21159335649904049        1.1433409264040095     
  0.25709616209838343        1.1376230535454070     
  0.31264156338248622        1.2638756583958282     
  0.37951482899164635        1.2766058064675503     
  0.46065736128088758        1.3369726652840723     
  0.55924736126635322        1.2699962176069330     
  0.67897524277408394        1.2859145224091921     
  0.82441551550693815       0.98795371055235903     
   1.0009764843865627       0.63036616497976627     
   1.2153763263333666        5.1178319082445828E-002
   1.4765846423066622      -0.77426139663732385     
   1.2566370614360001E-002   1.0007955903799084     
   1.7771531752634635E-002  0.86607180541097184     
   2.1765592370812048E-002   1.6144133064082329     
   2.5132741228720001E-002   1.2117458028412131     
   2.9562133651285849E-002  0.94508002101244715     
   3.8019517526813901E-002  0.79805028153383228     
   4.5116083860089251E-002  0.65765285783794603     
   5.5056809371101592E-002   1.0211080670605588     
   6.5848341545415051E-002   1.1969340709482714     
   7.9166690278415927E-002   1.0533430102316188     
   9.6964567215568481E-002   1.2170318612202482     
  0.11842995645747310       0.91700036824167730     
  0.14416104292042672        1.0580326265269870     
  0.17483851006932644        1.1595731813140941     
  0.21159335649904049        1.2921684677517542     
  0.25709616209838343        1.2660442496134767     
  0.31264156338248622        1.4024862770401654     
  0.37951482899164635        1.4990930656421615     
  0.46065736128088758        1.3688923023567736     
  0.55924736126635322        1.2799789242590682     
  0.67897524277408394        1.5667409408837765     
  0.82441551550693815       0.98246466700234369     
   1.0009764843865627       0.30244557111349801     
   1.2153763263333666       0.30633741052541430     
   1.4765846423066622       -1.0415370232538572     
   1.2566370614360001E-002  -6.7148534300649404E-002
   1.7771531752634635E-002   2.0569122645559568     
   2.1765592370812048E-002   2.5410403622678146     
   2.5132741228720001E-002   1.7410046199787550     
   2.9562133651285849E-002  0.83099340336705863     
   3.8019517526813901E-002  0.84432867806461920     
   4.5116083860089251E-002  0.64527482211612497     
   5.5056809371101592E-002  0.82774746946006550     
   6.5848341545415051E-002   1.0677309209141264     
   7.9166690278415927E-002   1.0323506782322724     
   9.6964567215568481E-002   1.3749912753600553     
  0.11842995645747310        1.0126714413349935     
  0.14416104292042672        1.2528741242862806     
  0.17483851006932644        1.2913773337111432     
  0.21159335649904049        1.3388771671125623     
  0.25709616209838343        1.2629812573341359     
  0.31264156338248622        1.2951218038726950     
  0.37951482899164635        1.2217288617356719     
  0.46065736128088758        1.2320513024047040     
  0.55924736126635322        1.4493060755477036     
  0.67897524277408394        1.0175503474913103     
  0.82441551550693815       0.60048899622366958     
   1.0009764843865627       0.91614208974926381     
   1.2153763263333666        9.9270689564786393E-002
   1.4765846423066622       -1.5414562680584387     
   1.2566370614360001E-002   9.2216151177625397E-002
   1.7771531752634635E-002   2.7889173529862408     
   2.1765592370812048E-002   3.1485063648034806     
   2.5132741228720001E-002   2.0653503126098127     
   2.9562133651285849E-002  0.44254343176367145     
   3.8019517526813901E-002  0.27917239367193813     
   4.5116083860089251E-002  0.62786091546978173     
   5.5056809371101592E-002  0.61143063712924184     
   6.5848341545415051E-002   1.4836664324378865     
   7.9166690278415927E-002   1.2773290964070518     
   9.6964567215568481E-002   1.4233142082656529     
  0.11842995645747310        1.0922326257728248     
  0.14416104292042672        1.7724114445959820     
  0.17483851006932644        1.4564616439695144     
  0.21159335649904049        1.8176373366860386     
  0.25709616209838343        1.4875041756914036     
  0.31264156338248622        1.8763482284482216     
  0.37951482899164635        1.9723979136947529     
  0.46065736128088758        2.1768250009480075     
  0.55924736126635322       0.90193536162752974     
  0.67897524277408394       0.62026567816536082     
  0.82441551550693815       0.73048026309531278     
   1.0009764843865627       -2.6822387541391129E-002
   1.2153763263333666        2.4800402116389124     
   1.4765846423066622        9.4159834831889544     
   1.2566370614360001E-002   1.8485859599458758     
   1.7771531752634635E-002  0.72787683492904065     
   2.1765592370812048E-002   1.7383520342927361     
   2.5132741228720001E-002  0.66721971156597348     
   2.9562133651285849E-002   1.6660174436082849     
   3.8019517526813901E-002  0.69914103889901869     
   4.5116083860089251E-002  0.71728413571997962     
   5.5056809371101592E-002   1.0324221007861083     
   6.5848341545415051E-002   1.1586697334240306     
   7.9166690278415927E-002  0.90577633278617520     
   9.6964567215568481E-002   1.7628058572588852     
  0.11842995645747310        1.2038527719588046     
  0.14416104292042672        1.3183038417027704     
  0.17483851006932644        1.1507048658545544     
  0.21159335649904049        1.2831011804315311     
  0.25709616209838343        1.8548162012890363     
  0.31264156338248622        2.4491590825721734     
  0.37951482899164635        2.1694025605130487     
  0.46065736128088758        1.4663064829950243     
  0.55924736126635322       -7.5949294678953991E-002
  0.67897524277408394      -0.69284964977449892     
  0.82441551550693815       -1.8828085860401921E-002
   1.0009764843865627      -0.10558213009814293     
   1.2153763263333666       -1.5119298420248852     
   1.4765846423066622       -3.7433563163654755     
   1.2566370614360001E-002   1.2432195367501997     
   1.7771531752634635E-002  -1.0724912289974418     
   2.1765592370812048E-002   6.1143008885206589     
   2.5132741228720001E-002 -0.11996367220138852     
   2.9562133651285849E-002  -1.0175455534279227     
   3.8019517526813901E-002   1.0688937537538645     
   4.5116083860089251E-002  0.21259102653370002     
   5.5056809371101592E-002   1.8900196025602960     
   6.5848341545415051E-002  0.75679074158965598     
   7.9166690278415927E-002  0.46116456787992821     
   9.6964567215568481E-002   1.4026279453300299     
  0.11842995645747310       0.75663174894850171     
  0.14416104292042672        1.0518488234147840     
  0.17483851006932644        2.1311518287253284     
  0.21159335649904049      -0.19994911777501401     
  0.25709616209838343        1.6686975378653099     
  0.31264156338248622       0.62901110911132518     
  0.37951482899164635      -0.24195052817439594     
  0.46065736128088758       -1.5221743537850071E-002
  0.55924736126635322        2.8427285246990612     
  0.67897524277408394       0.99416834926846476     
  0.82441551550693815      -0.43300884396101103     
   1.0009764843865627       -2.4185496686318979     
   1.2153763263333666       -1.3525452095358879     
   1.4765846423066622       0.29663705083154157     
   1.2566370614360001E-002  -1.8629155842806167     
   1.7771531752634635E-002   1.1785182546379203     
   2.1765592370812048E-002   3.0661277406403782     
   2.5132741228720001E-002   2.5725082694260126     
   2.9562133651285849E-002  0.98097548815985669     
   3.8019517526813901E-002   1.1377628011924861     
   4.5116083860089251E-002   1.2768627500937582     
   5.5056809371101592E-002  0.57699532566185863     
   6.5848341545415051E-002  0.72944597602812267     
   7.9166690278415927E-002  0.39297226919275563     
   9.6964567215568481E-002  0.82199184356677690     
  0.11842995645747310       0.85402215726254105     
  0.14416104292042672        6.1720038158890125E-004
  0.17483851006932644       0.41791100781501783     
  0.21159335649904049       0.58654563350260336     
  0.25709616209838343        1.3869580822255063     
  0.31264156338248622       0.58333163021771794     
  0.37951482899164635       0.65731479682392568     
  0.46065736128088758       0.71625572616025746     
  0.55924736126635322       0.42919555805334497     
  0.67897524277408394       -1.0299154003044568     
  0.82441551550693815      -0.14638706556316325     
   1.0009764843865627      -0.32505846890023216     
   1.2153763263333666       -3.8804915737092842     
   1.4765846423066622       -1.1571166601836340     
   1.2566370614360001E-002   2.2410063983597244     
   1.7771531752634635E-002   1.1926764510925252     
   2.1765592370812048E-002   1.0391992216693944     
   2.5132741228720001E-002  0.82177366073913038     
   2.9562133651285849E-002  0.88977168546228702     
   3.8019517526813901E-002   1.1273341523827507     
   4.5116083860089251E-002  0.84147754205310621     
   5.5056809371101592E-002   1.0131605982576284     
   6.5848341545415051E-002  0.89169493034844283     
   7.9166690278415927E-002   1.0100542931088798     
   9.6964567215568481E-002   1.0550130973801251     
  0.11842995645747310       0.94188166589673272     
  0.14416104292042672        1.0144855974141513     
  0.17483851006932644       0.84611537796821379     
  0.21159335649904049       0.98493332584863558     
  0.25709616209838343        1.0375425920798729     
  0.31264156338248622        1.0310025862044399     
  0.37951482899164635        1.1983054437101479     
  0.46065736128088758        1.2480590830198373     
  0.55924736126635322        1.3304528626334700     
  0.67897524277408394        1.1734243899577401     
  0.82441551550693815        1.1010432482490813     
   1.0009764843865627       0.47023965100022158     
   1.2153763263333666      -0.12380765163773216     
   1.4765846423066622       -1.5934870824129166     
   1.2566370614360001E-002   2.6543978643423261     
   1.7771531752634635E-002   1.4705470207385902     
   2.1765592370812048E-002  0.57611674056966555     
   2.5132741228720001E-002  0.99951901940344812     
   2.9562133651285849E-002  0.99055550265310488     
   3.8019517526813901E-002   1.4454081303620572     
   4.5116083860089251E-002  0.95094631925518369     
   5.5056809371101592E-002   1.2605157060610730     
   6.5848341545415051E-002   1.0697247280640807     
   7.9166690278415927E-002   1.2222053722118325     
   9.6964567215568481E-002   1.2277957558994950     
  0.11842995645747310        1.1368548211075735     
  0.14416104292042672        1.2160694442696913     
  0.17483851006932644        1.0579866224159744     
  0.21159335649904049        1.0685462985435408     
  0.25709616209838343        1.0631622353055186     
  0.31264156338248622       0.92462653614567192     
  0.37951482899164635        1.2747233495507715     
  0.46065736128088758        1.2600596877006145     
  0.55924736126635322        1.0049666312244370     
  0.67897524277408394       0.96212319000466195     
  0.82441551550693815        1.0371346432560424     
   1.0009764843865627        6.3861991354293060E-002
   1.2153763263333666      -0.56297073371207151     
   1.4765846423066622       -2.4581886325603959     
   1.2566370614360001E-002   2.3383110318240834     
   1.7771531752634635E-002  0.99082809355818446     
   2.1765592370812048E-002   1.3359287753572688     
   2.5132741228720001E-002  0.75298347584957515     
   2.9562133651285849E-002  0.96302178137007910     
   3.8019517526813901E-002   1.0395964016724000     
   4.5116083860089251E-002  0.65580388345489793     
   5.5056809371101592E-002   1.0516762345845492     
   6.5848341545415051E-002  0.96335166352697044     
   7.9166690278415927E-002   1.0219757148024438     
   9.6964567215568481E-002  0.94215479384067413     
  0.11842995645747310       0.73952088262333815     
  0.14416104292042672        1.0395827022013495     
  0.17483851006932644       0.84761345630463325     
  0.21159335649904049       0.91189208805431576     
  0.25709616209838343        1.0325955151474029     
  0.31264156338248622        1.0300862422381143     
  0.37951482899164635        1.0271832523820357     
  0.46065736128088758       0.80455135005136191     
  0.55924736126635322       0.71050540460303135     
  0.67897524277408394       0.84278576622795298     
  0.82441551550693815       0.13259380112649091     
   1.0009764843865627      -0.31460053487597267     
   1.2153763263333666      -0.53507154420557057     
   1.4765846423066622       -1.5063022250328009     
   1.2566370614360001E-002  0.78953586958537958     
   1.7771531752634635E-002   1.3579420393511599     
   2.1765592370812048E-002  0.92670979396234632     
   2.5132741228720001E-002  0.82353546228887486     
   2.9562133651285849E-002  0.95900954075970668     
   3.8019517526813901E-002   1.4561422343874284     
   4.5116083860089251E-002  0.83350152767656127     
   5.5056809371101592E-002  0.93209526540770316     
   6.5848341545415051E-002  0.98942615689754776     
   7.9166690278415927E-002  0.98741794842365493     
   9.6964567215568481E-002   1.0476315368413398     
  0.11842995645747310       0.82620823062649906     
  0.14416104292042672        1.0836257470205146     
  0.17483851006932644       0.71381460751409032     
  0.21159335649904049       0.87423791754927904     
  0.25709616209838343       0.93934269717518826     
  0.31264156338248622       0.47775690041602198     
  0.37951482899164635        1.3730344071736993     
  0.46065736128088758       0.75442971402545700     
  0.55924736126635322       0.44961012804496131     
  0.67897524277408394       0.60685312802096114     
  0.82441551550693815       -9.2102313071943498E-002
   1.0009764843865627      -0.69789059701427159     
   1.2153763263333666       0.24511905716369262     
   1.4765846423066622       -1.5408642590797730     
   1.2566370614360001E-002   1.8485859599458758     
   1.7771531752634635E-002  0.72787683492904065     
   2.1765592370812048E-002   1.7383520342927361     
   2.5132741228720001E-002  0.66721971156597348     
   2.9562133651285849E-002   1.6660174436082849     
   3.8019517526813901E-002  0.69914103889901869     
   4.5116083860089251E-002  0.71728413571997962     
   5.5056809371101592E-002   1.0324221007861083     
   6.5848341545415051E-002   1.1586697334240306     
   7.9166690278415927E-002  0.90577633278617520     
   9.6964567215568481E-002   1.7628058572588852     
  0.11842995645747310        1.2038527719588046     
  0.14416104292042672        1.3183038417027704     
  0.17483851006932644        1.1507048658545544     
  0.21159335649904049        1.2831011804315311     
  0.25709616209838343        1.8548162012890363     
  0.31264156338248622        2.4491590825721734     
  0.37951482899164635        2.1694025605130487     
  0.46065736128088758        1.4663064829950243     
  0.55924736126635322       -7.5949294678953991E-002
  0.67897524277408394      -0.69284964977449892     
  0.82441551550693815       -1.8828085860401921E-002
   1.0009764843865627      -0.10558213009814293     
   1.2153763263333666       -1.5119298420248852     
   1.4765846423066622       -3.7433563163654755     
   1.2566370614360001E-002 -0.10738600554760176     
   1.7771531752634635E-002  -2.8284357560621967     
   2.1765592370812048E-002   1.9961976708729530     
   2.5132741228720001E-002 -0.67837588232733348     
   2.9562133651285849E-002   1.1595879281349324     
   3.8019517526813901E-002   8.0242414239146631E-002
   4.5116083860089251E-002 -0.28754904837807482     
   5.5056809371101592E-002  0.40146785281785780     
   6.5848341545415051E-002 -0.19310785742114689     
   7.9166690278415927E-002   1.8336794416914046     
   9.6964567215568481E-002  0.98454188936887410     
  0.11842995645747310       0.61914194101124254     
  0.14416104292042672        1.8129455726461872     
  0.17483851006932644        2.1828495509765284     
  0.21159335649904049        4.3749052685527365     
  0.25709616209838343        1.7098502930628741     
  0.31264156338248622        3.8942571938794948     
  0.37951482899164635        1.3171643706862770     
  0.46065736128088758        1.1343973309405868     
  0.55924736126635322       0.47149700766113478     
  0.67897524277408394        2.7316955414126989     
  0.82441551550693815      -0.46709090995945901     
   1.0009764843865627        2.3983225219462052     
   1.2153763263333666        14.947592732934158     
   1.4765846423066622        26.064661484326308     
   1.2566370614360001E-002 -0.55918273659550743     
   1.7771531752634635E-002  0.49572650575107685     
   2.1765592370812048E-002   1.6399539877859695     
   2.5132741228720001E-002 -0.42570645043748301     
   2.9562133651285849E-002 -0.95318808596211801     
   3.8019517526813901E-002   1.1438771526509388     
   4.5116083860089251E-002  0.73898816351167396     
   5.5056809371101592E-002   1.8130150929742013     
   6.5848341545415051E-002  0.65770276670770045     
   7.9166690278415927E-002  0.94483998146221293     
   9.6964567215568481E-002 -0.78169727462651073     
  0.11842995645747310       0.54438624190180351     
  0.14416104292042672        1.2787274310690548     
  0.17483851006932644       0.69087513208083073     
  0.21159335649904049      -0.34623163035127913     
  0.25709616209838343       -1.3398274250450450     
  0.31264156338248622      -0.21539630716655414     
  0.37951482899164635      -0.27548138537605321     
  0.46065736128088758       -1.6799069871609701E-002
  0.55924736126635322      -0.57990668719749461     
  0.67897524277408394       0.80071264366929529     
  0.82441551550693815       -3.0373959230639009     
   1.0009764843865627        1.8455785447583044     
   1.2153763263333666        1.5652877127752216     
   1.4765846423066622       -5.9421044355997890E-002
   1.2566370614360001E-002   4.0197015439576189     
   1.7771531752634635E-002  -1.6922921007643412     
   2.1765592370812048E-002  0.48623166586581551     
   2.5132741228720001E-002  -1.2720680140259850     
   2.9562133651285849E-002   1.0949499104487947     
   3.8019517526813901E-002 -0.23318452180254506     
   4.5116083860089251E-002  0.31336095308593231     
   5.5056809371101592E-002  0.79771021859359570     
   6.5848341545415051E-002   1.2799588975017409     
   7.9166690278415927E-002 -0.10158450994662829     
   9.6964567215568481E-002   1.3887317073734948     
  0.11842995645747310        1.0511545959986952     
  0.14416104292042672        1.2986516225131093     
  0.17483851006932644        1.2874389616457869     
  0.21159335649904049        1.1139616098743508     
  0.25709616209838343        2.4722017679023187     
  0.31264156338248622      -0.12186747684699521     
  0.37951482899164635      -0.89876965929666153     
  0.46065736128088758       -1.6124618204893284     
  0.55924736126635322       -3.6414859327377536     
  0.67897524277408394       -2.6445839256642163     
  0.82441551550693815      -0.23245563203164843     
   1.0009764843865627        4.2289737916249823     
   1.2153763263333666        2.8010894839880454     
   1.4765846423066622       -4.4002827870548602     
   1.2566370614360001E-002  0.11402148121640986     
   1.7771531752634635E-002 -0.37475170651658185     
   2.1765592370812048E-002   3.8996259305606609     
   2.5132741228720001E-002  0.29678680216439474     
   2.9562133651285849E-002   1.1107555572606833     
   3.8019517526813901E-002   1.9155690176947118     
   4.5116083860089251E-002  0.59698866431757125     
   5.5056809371101592E-002   1.3086072163348892     
   6.5848341545415051E-002  0.79590888309329622     
   7.9166690278415927E-002  0.56012394030052748     
   9.6964567215568481E-002  0.84188217953254829     
  0.11842995645747310       0.93591028983747604     
  0.14416104292042672        1.1737450854146834     
  0.17483851006932644       0.87999620460107908     
  0.21159335649904049       0.70353856923600255     
  0.25709616209838343       0.94496593291142505     
  0.31264156338248622       0.85320708004443635     
  0.37951482899164635        1.0378638775934408     
  0.46065736128088758        1.0684313864603023     
  0.55924736126635322        1.3742493497784640     
  0.67897524277408394        1.3620884888657754     
  0.82441551550693815       0.49788891921066192     
   1.0009764843865627       -6.6744541388038106E-002
   1.2153763263333666      -0.79838357981588803     
   1.4765846423066622       -2.3332039936711735     
   1.2566370614360001E-002  0.35316986434335418     
   1.7771531752634635E-002 -0.59538631447823331     
   2.1765592370812048E-002   3.4231300419100039     
   2.5132741228720001E-002  0.43954075745129639     
   2.9562133651285849E-002   1.2182135161479870     
   3.8019517526813901E-002   1.8002685473239795     
   4.5116083860089251E-002  0.50210730520208569     
   5.5056809371101592E-002   1.2743674259657494     
   6.5848341545415051E-002  0.78381033052680615     
   7.9166690278415927E-002  0.51622865123444850     
   9.6964567215568481E-002  0.98671300504863690     
  0.11842995645747310       0.89770439225413157     
  0.14416104292042672        1.1866723394562977     
  0.17483851006932644       0.94386500082476188     
  0.21159335649904049       0.88664342263118068     
  0.25709616209838343       0.81575377470655686     
  0.31264156338248622       0.65860383888353469     
  0.37951482899164635       0.91422432551852295     
  0.46065736128088758       0.74714091047091447     
  0.55924736126635322       0.92982279174226190     
  0.67897524277408394        1.2403890497856647     
  0.82441551550693815       0.44329211332296914     
   1.0009764843865627        1.3325206569256176E-002
   1.2153763263333666       -1.1860258714821801     
   1.4765846423066622       -1.5787916730669671     
   1.2566370614360001E-002  0.46950756865965187     
   1.7771531752634635E-002 -0.15009945486148443     
   2.1765592370812048E-002   2.7574916439827479     
   2.5132741228720001E-002  0.70787021988786303     
   2.9562133651285849E-002   1.0243816982017706     
   3.8019517526813901E-002   1.8976664343420497     
   4.5116083860089251E-002  0.47433546544217980     
   5.5056809371101592E-002   1.6356771644366968     
   6.5848341545415051E-002  0.22870547679144113     
   7.9166690278415927E-002  0.72875534075027804     
   9.6964567215568481E-002  0.85054525087228838     
  0.11842995645747310       0.84249527293465920     
  0.14416104292042672        1.3832562035463620     
  0.17483851006932644       0.86212576929046802     
  0.21159335649904049       0.67201676681288436     
  0.25709616209838343        1.2552575997525783     
  0.31264156338248622       0.62517975705274798     
  0.37951482899164635        1.2808746113552043     
  0.46065736128088758       0.72905167291478423     
  0.55924736126635322       0.93798866850153806     
  0.67897524277408394       0.93628093937534496     
  0.82441551550693815      -0.56161398193881640     
   1.0009764843865627       0.24571067864083967     
   1.2153763263333666       0.54372638723027500     
   1.4765846423066622       -1.7289170707050252     
   1.2566370614360001E-002  -2.2719715506034199     
   1.7771531752634635E-002  0.45327565353384458     
   2.1765592370812048E-002   3.9896054862717585     
   2.5132741228720001E-002  0.36152988060949515     
   2.9562133651285849E-002  0.72610844358998350     
   3.8019517526813901E-002   1.6224113326798661     
   4.5116083860089251E-002  0.26971340505514119     
   5.5056809371101592E-002   1.1292305731818737     
   6.5848341545415051E-002   1.0462413318762263     
   7.9166690278415927E-002  0.97629623418491562     
   9.6964567215568481E-002   1.1108489440903415     
  0.11842995645747310        1.2922940042715854     
  0.14416104292042672       0.69464372283745957     
  0.17483851006932644       0.88075762364122323     
  0.21159335649904049       0.74493284217621392     
  0.25709616209838343        1.2851142909969193     
  0.31264156338248622       0.44449777604163315     
  0.37951482899164635        1.0097223089418110     
  0.46065736128088758       0.74632527738803522     
  0.55924736126635322       0.55027153529482975     
  0.67897524277408394        1.5009832854458480     
  0.82441551550693815       0.98512206795663571     
   1.0009764843865627      -0.86009483815337162     
   1.2153763263333666       0.69196498617135305     
   1.4765846423066622       -2.1912655361627329     
   1.2566370614360001E-002   1.2432195367501997     
   1.7771531752634635E-002  -1.0724912289974418     
   2.1765592370812048E-002   6.1143008885206589     
   2.5132741228720001E-002 -0.11996367220138852     
   2.9562133651285849E-002  -1.0175455534279227     
   3.8019517526813901E-002   1.0688937537538645     
   4.5116083860089251E-002  0.21259102653370002     
   5.5056809371101592E-002   1.8900196025602960     
   6.5848341545415051E-002  0.75679074158965598     
   7.9166690278415927E-002  0.46116456787992821     
   9.6964567215568481E-002   1.4026279453300299     
  0.11842995645747310       0.75663174894850171     
  0.14416104292042672        1.0518488234147840     
  0.17483851006932644        2.1311518287253284     
  0.21159335649904049      -0.19994911777501401     
  0.25709616209838343        1.6686975378653099     
  0.31264156338248622       0.62901110911132518     
  0.37951482899164635      -0.24195052817439594     
  0.46065736128088758       -1.5221743537850071E-002
  0.55924736126635322        2.8427285246990612     
  0.67897524277408394       0.99416834926846476     
  0.82441551550693815      -0.43300884396101103     
   1.0009764843865627       -2.4185496686318979     
   1.2153763263333666       -1.3525452095358879     
   1.4765846423066622       0.29663705083154157     
   1.2566370614360001E-002 -0.55918273659550743     
   1.7771531752634635E-002  0.49572650575107685     
   2.1765592370812048E-002   1.6399539877859695     
   2.5132741228720001E-002 -0.42570645043748301     
   2.9562133651285849E-002 -0.95318808596211801     
   3.8019517526813901E-002   1.1438771526509388     
   4.5116083860089251E-002  0.73898816351167396     
   5.5056809371101592E-002   1.8130150929742013     
   6.5848341545415051E-002  0.65770276670770045     
   7.9166690278415927E-002  0.94483998146221293     
   9.6964567215568481E-002 -0.78169727462651073     
  0.11842995645747310       0.54438624190180351     
  0.14416104292042672        1.2787274310690548     
  0.17483851006932644       0.69087513208083073     
  0.21159335649904049      -0.34623163035127913     
  0.25709616209838343       -1.3398274250450450     
  0.31264156338248622      -0.21539630716655414     
  0.37951482899164635      -0.27548138537605321     
  0.46065736128088758       -1.6799069871609701E-002
  0.55924736126635322      -0.57990668719749461     
  0.67897524277408394       0.80071264366929529     
  0.82441551550693815       -3.0373959230639009     
   1.0009764843865627        1.8455785447583044     
   1.2153763263333666        1.5652877127752216     
   1.4765846423066622       -5.9421044355997890E-002
   1.2566370614360001E-002   3.4658477547716169     
   1.7771531752634635E-002 -0.42560393968756116     
   2.1765592370812048E-002   2.4851510003795143     
   2.5132741228720001E-002  -1.1505613384505795     
   2.9562133651285849E-002   1.0274481430380484     
   3.8019517526813901E-002  -1.5617510780068247     
   4.5116083860089251E-002  0.68262508986350701     
   5.5056809371101592E-002   1.2327390300150245     
   6.5848341545415051E-002  0.14114828222246056     
   7.9166690278415927E-002 -0.35221206891595191     
   9.6964567215568481E-002   4.6336306786983528E-002
  0.11842995645747310        3.8365297619736199E-002
  0.14416104292042672      -0.69988693069879926     
  0.17483851006932644       0.67404047972860937     
  0.21159335649904049        4.8670486911797282E-002
  0.25709616209838343      -0.77511026078339151     
  0.31264156338248622      -0.38296695591722824     
  0.37951482899164635       -4.3242506861941810E-002
  0.46065736128088758       0.69465448483318859     
  0.55924736126635322       0.90993313335235981     
  0.67897524277408394       0.91613112331012714     
  0.82441551550693815       0.81025283783176616     
   1.0009764843865627        7.6917430206949211     
   1.2153763263333666        12.639554658222128     
   1.4765846423066622        42.646480082972424     
   1.2566370614360001E-002  -5.1403424234046833     
   1.7771531752634635E-002  -3.9224622713610016     
   2.1765592370812048E-002 -0.63727759485573165     
   2.5132741228720001E-002   1.4425431821507921     
   2.9562133651285849E-002   1.2300533877238919     
   3.8019517526813901E-002   1.4363738325384974     
   4.5116083860089251E-002   1.6590141876307594     
   5.5056809371101592E-002  0.74130623855266620     
   6.5848341545415051E-002   1.0509848710651035     
   7.9166690278415927E-002  0.18564494979492829     
   9.6964567215568481E-002 -0.37710997437442983     
  0.11842995645747310      -0.56193947176668813     
  0.14416104292042672      -0.59881934599417030     
  0.17483851006932644       0.19860543930803673     
  0.21159335649904049       0.88588186133431279     
  0.25709616209838343       0.42013351353681933     
  0.31264156338248622      -0.62697128564931870     
  0.37951482899164635      -0.39880809562672620     
  0.46065736128088758       -1.3250707417590761     
  0.55924736126635322        1.1450891123733504     
  0.67897524277408394        2.2512564324641482     
  0.82441551550693815       -1.0065599915900103     
   1.0009764843865627       -1.3580442053933155     
   1.2153763263333666       0.67435174671611953     
   1.4765846423066622       -1.9069182452501825     
   1.2566370614360001E-002   2.7154497193272573     
   1.7771531752634635E-002  0.17937490813229337     
   2.1765592370812048E-002  0.87828319895100537     
   2.5132741228720001E-002   1.9356809905414332     
   2.9562133651285849E-002  0.41236353707787515     
   3.8019517526813901E-002   1.1321973809863941     
   4.5116083860089251E-002   1.0888412854774887     
   5.5056809371101592E-002  0.44138129797022502     
   6.5848341545415051E-002  0.91594624537752090     
   7.9166690278415927E-002  0.53687644056847106     
   9.6964567215568481E-002  0.93340059283399601     
  0.11842995645747310       0.90396568301725400     
  0.14416104292042672       0.42643114582938946     
  0.17483851006932644       0.49939367614410968     
  0.21159335649904049       0.31520833566950618     
  0.25709616209838343       0.35298052494025994     
  0.31264156338248622       0.57549296084646628     
  0.37951482899164635       0.73297266950713069     
  0.46065736128088758       0.55254058071646184     
  0.55924736126635322       0.65274160675704007     
  0.67897524277408394       0.21997438214640341     
  0.82441551550693815       -6.5808457749172891E-002
   1.0009764843865627      -0.52130234598817293     
   1.2153763263333666       -1.0262814306408081     
   1.4765846423066622       -1.1149928559937328     
   1.2566370614360001E-002   2.0355338658778801     
   1.7771531752634635E-002 -0.21445504369711962     
   2.1765592370812048E-002  0.93314552461790945     
   2.5132741228720001E-002   2.5281735698860013     
   2.9562133651285849E-002  0.77240608775466391     
   3.8019517526813901E-002   1.3394798578366829     
   4.5116083860089251E-002   1.4330174657615662     
   5.5056809371101592E-002  0.50952431145640287     
   6.5848341545415051E-002   1.1756283921617521     
   7.9166690278415927E-002  0.50291700259644445     
   9.6964567215568481E-002   1.0223808977314346     
  0.11842995645747310       0.75983538433452513     
  0.14416104292042672       0.81101077531711452     
  0.17483851006932644       0.69431847130640223     
  0.21159335649904049       0.67915679535388140     
  0.25709616209838343       0.30841103539203762     
  0.31264156338248622       0.72315153857769909     
  0.37951482899164635       0.76775040654079207     
  0.46065736128088758       0.20157039408089827     
  0.55924736126635322       0.30234177137254176     
  0.67897524277408394      -0.72534677594085828     
  0.82441551550693815      -0.48258533612265414     
   1.0009764843865627       -1.0803042109205800     
   1.2153763263333666       -1.1517549165101031     
   1.4765846423066622      -0.59796391020718520     
   1.2566370614360001E-002   1.9198472137818408     
   1.7771531752634635E-002 -0.53062881984657184     
   2.1765592370812048E-002   1.4157824503612828     
   2.5132741228720001E-002   2.6120328756052342     
   2.9562133651285849E-002  0.86162595831218436     
   3.8019517526813901E-002   1.1967790174344917     
   4.5116083860089251E-002   1.1776791629503149     
   5.5056809371101592E-002  0.56659593144942644     
   6.5848341545415051E-002   1.0008701162862887     
   7.9166690278415927E-002  0.48404714142272626     
   9.6964567215568481E-002  0.60831315064013025     
  0.11842995645747310       0.70845199706025497     
  0.14416104292042672       0.66412896931746679     
  0.17483851006932644       0.25795121558656137     
  0.21159335649904049      -0.26671997184403556     
  0.25709616209838343      -0.17304947424653438     
  0.31264156338248622       0.34102679752243037     
  0.37951482899164635       -1.9494228167905827E-002
  0.46065736128088758      -0.18339983318592040     
  0.55924736126635322      -0.43186923302908808     
  0.67897524277408394      -0.63312749779215793     
  0.82441551550693815       -1.6323867405435611E-002
   1.0009764843865627       0.38690132647822018     
   1.2153763263333666      -0.61147250387474505     
   1.4765846423066622       -1.2606010104346557     
   1.2566370614360001E-002   1.2877175216740737     
   1.7771531752634635E-002 -0.17179312464749474     
   2.1765592370812048E-002   2.3209280320829864     
   2.5132741228720001E-002   2.9587641468042172     
   2.9562133651285849E-002  0.72967280206523222     
   3.8019517526813901E-002   1.0171022757010044     
   4.5116083860089251E-002   1.5347294829880176     
   5.5056809371101592E-002  0.75805488480046468     
   6.5848341545415051E-002  0.94213590063445463     
   7.9166690278415927E-002  0.25704748479307726     
   9.6964567215568481E-002  0.28093478904305208     
  0.11842995645747310       0.71245705321228248     
  0.14416104292042672       0.16690238014403727     
  0.17483851006932644       0.62665022473448662     
  0.21159335649904049       0.78093461129928099     
  0.25709616209838343       0.17323122170989899     
  0.31264156338248622       0.79976092137238564     
  0.37951482899164635       0.68475812428291649     
  0.46065736128088758       0.57918824139580827     
  0.55924736126635322       0.25236595582821270     
  0.67897524277408394       -5.5804361868663985E-002
  0.82441551550693815      -0.50727698293158729     
   1.0009764843865627      -0.88231930969413030     
   1.2153763263333666       -1.8283289629653783     
   1.4765846423066622      -0.56142125564664780     
   1.2566370614360001E-002  -1.8629155842806167     
   1.7771531752634635E-002   1.1785182546379203     
   2.1765592370812048E-002   3.0661277406403782     
   2.5132741228720001E-002   2.5725082694260126     
   2.9562133651285849E-002  0.98097548815985669     
   3.8019517526813901E-002   1.1377628011924861     
   4.5116083860089251E-002   1.2768627500937582     
   5.5056809371101592E-002  0.57699532566185863     
   6.5848341545415051E-002  0.72944597602812267     
   7.9166690278415927E-002  0.39297226919275563     
   9.6964567215568481E-002  0.82199184356677690     
  0.11842995645747310       0.85402215726254105     
  0.14416104292042672        6.1720038158890125E-004
  0.17483851006932644       0.41791100781501783     
  0.21159335649904049       0.58654563350260336     
  0.25709616209838343        1.3869580822255063     
  0.31264156338248622       0.58333163021771794     
  0.37951482899164635       0.65731479682392568     
  0.46065736128088758       0.71625572616025746     
  0.55924736126635322       0.42919555805334497     
  0.67897524277408394       -1.0299154003044568     
  0.82441551550693815      -0.14638706556316325     
   1.0009764843865627      -0.32505846890023216     
   1.2153763263333666       -3.8804915737092842     
   1.4765846423066622       -1.1571166601836340     
   1.2566370614360001E-002   4.0197015439576189     
   1.7771531752634635E-002  -1.6922921007643412     
   2.1765592370812048E-002  0.48623166586581551     
   2.5132741228720001E-002  -1.2720680140259850     
   2.9562133651285849E-002   1.0949499104487947     
   3.8019517526813901E-002 -0.23318452180254506     
   4.5116083860089251E-002  0.31336095308593231     
   5.5056809371101592E-002  0.79771021859359570     
   6.5848341545415051E-002   1.2799588975017409     
   7.9166690278415927E-002 -0.10158450994662829     
   9.6964567215568481E-002   1.3887317073734948     
  0.11842995645747310        1.0511545959986952     
  0.14416104292042672        1.2986516225131093     
  0.17483851006932644        1.2874389616457869     
  0.21159335649904049        1.1139616098743508     
  0.25709616209838343        2.4722017679023187     
  0.31264156338248622      -0.12186747684699521     
  0.37951482899164635      -0.89876965929666153     
  0.46065736128088758       -1.6124618204893284     
  0.55924736126635322       -3.6414859327377536     
  0.67897524277408394       -2.6445839256642163     
  0.82441551550693815      -0.23245563203164843     
   1.0009764843865627        4.2289737916249823     
   1.2153763263333666        2.8010894839880454     
   1.4765846423066622       -4.4002827870548602     
   1.2566370614360001E-002  -5.1403424234046833     
   1.7771531752634635E-002  -3.9224622713610016     
   2.1765592370812048E-002 -0.63727759485573165     
   2.5132741228720001E-002   1.4425431821507921     
   2.9562133651285849E-002   1.2300533877238919     
   3.8019517526813901E-002   1.4363738325384974     
   4.5116083860089251E-002   1.6590141876307594     
   5.5056809371101592E-002  0.74130623855266620     
   6.5848341545415051E-002   1.0509848710651035     
   7.9166690278415927E-002  0.18564494979492829     
   9.6964567215568481E-002 -0.37710997437442983     
  0.11842995645747310      -0.56193947176668813     
  0.14416104292042672      -0.59881934599417030     
  0.17483851006932644       0.19860543930803673     
  0.21159335649904049       0.88588186133431279     
  0.25709616209838343       0.42013351353681933     
  0.31264156338248622      -0.62697128564931870     
  0.37951482899164635      -0.39880809562672620     
  0.46065736128088758       -1.3250707417590761     
  0.55924736126635322        1.1450891123733504     
  0.67897524277408394        2.2512564324641482     
  0.82441551550693815       -1.0065599915900103     
   1.0009764843865627       -1.3580442053933155     
   1.2153763263333666       0.67435174671611953     
   1.4765846423066622       -1.9069182452501825     
   1.2566370614360001E-002   8.1454270737570909     
   1.7771531752634635E-002   1.3820312674285899     
   2.1765592370812048E-002 -0.28751571883613725     
   2.5132741228720001E-002   1.3882168776127026     
   2.9562133651285849E-002   9.5143155924691955E-002
   3.8019517526813901E-002 -0.18567172306408600     
   4.5116083860089251E-002   1.6474279085317753     
   5.5056809371101592E-002   1.3015081798356930E-002
   6.5848341545415051E-002 -0.10287849553941726     
   7.9166690278415927E-002  -1.2064625495326604     
   9.6964567215568481E-002 -0.43688755664157047     
  0.11842995645747310       0.16719572253952747     
  0.14416104292042672      -0.43790210285748254     
  0.17483851006932644        8.0770582226059144E-003
  0.21159335649904049        1.8521667336920240     
  0.25709616209838343       -1.6199498377585584     
  0.31264156338248622      -0.26082746473754292     
  0.37951482899164635       0.63068835494395858     
  0.46065736128088758       -1.7398659856359151     
  0.55924736126635322      -0.54699101672758355     
  0.67897524277408394       -3.6236099981492402     
  0.82441551550693815       -7.3598346915859283     
   1.0009764843865627       -18.864593719409235     
   1.2153763263333666       -41.819282037875290     
   1.4765846423066622       -96.076586760503346     
