   1.2566370614360001E-002   1.4976368654383308E-002   0.0000000000000000                3   4.2332864096983086E-002  0.20419674211792618       0.47498767044547080     
   1.7771531752634635E-002   2.4212516646512805E-002   0.0000000000000000                5  0.45246005774269349        9.5285475637891040E-002   1.7061685697048350     
   2.1765592370812048E-002   2.0369186700563624        0.0000000000000000                4   1.6256459732585937        3.0555461948643199        2.3919826643438409     
   2.5132741228720001E-002   3.2580922670951287        0.0000000000000000                3   1.8582251890480890        2.5131575214737243        1.3305356053861435     
   2.9562133651285849E-002  0.67486515527080315        0.0000000000000000               22  0.85424017852233858       0.53239534854956561       0.64227063206674040     
   3.8019517526813901E-002   2.1161993162201735        0.0000000000000000               30   1.0461691767742520        1.3178718170127777       0.63660801795379773     
   4.5116083860089251E-002   6.2356522813700552        0.0000000000000000               50   2.4529734297446804        1.8873908854432069       0.72480867923042203     
   5.5056809371101592E-002   4.2466988735171931        0.0000000000000000              100   2.8627576769256251       0.86949594737255886       0.57102305303004453     
   6.5848341545415051E-002   7.8419841309016496        0.0000000000000000              138   3.8911590522775077        1.1038539627612325       0.53367974236045890     
   7.9166690278415927E-002   5.3188818018290744        0.0000000000000000              297   4.6161103936465961       0.54346460929309759       0.46010438808716642     
   9.6964567215568481E-002   11.292706275671939        0.0000000000000000              559   5.9229618501310100        1.0147958027233628       0.53225477387579623     
  0.11842995645747310        16.312212087253037        0.0000000000000000              992   8.0134844913244585        1.0041496063404844       0.49329528419183860     
  0.14416104292042672        4.5520623107972620        0.0000000000000000             1795   10.524991419001982       0.21889591432045630       0.50611732937238452     
  0.17483851006932644        23.849200457984008        0.0000000000000000             3101   14.091987385863508       0.90448420851987210       0.53444056037139809     
  0.21159335649904049        59.828022557205692        0.0000000000000000             5565   19.209072659067235        1.8455509635995140       0.59255380740516983     
  0.25709616209838343        70.420829022967723        0.0000000000000000            10259   24.346707072334791        1.6988391890057153       0.58734241944574428     
  0.31264156338248622        37.974796888589509        0.0000000000000000            18325   32.706789390880232       0.75722374654540225       0.65217880355471824     
  0.37951482899164635        70.467592102886229        0.0000000000000000            32557   44.157911889502103        1.1777289199913978       0.73801372129712017     
  0.46065736128088758        33.691792339470133        0.0000000000000000            58572   57.653543833224525       0.47729944479895897       0.81675691767971059     
  0.55924736126635322       -91.209984731706882        0.0000000000000000           104783   77.173936421780056       -1.1012835696442020       0.93181013499860665     
  0.67897524277408394       -133.40725691610197        0.0000000000000000           187943   103.07542399015908       -1.3877700870537866        1.0722429456284233     
  0.82441551550693815        267.31406033944029        0.0000000000000000           336702   137.83115755457106        2.4177597947528384        1.2466333823837334     
   1.0009764843865627       -34.856293892974506        0.0000000000000000           602918   184.10283693310137      -0.27639262326063413        1.4598415484418654     
   1.2153763263333666       -918.26713802292818        0.0000000000000000          1080186   247.09534926833783       -6.4329659178639673        1.7310387081130860     
   1.4765846423066622       -73.413137703920455        0.0000000000000000          1946989   331.63695045235932      -0.45740399899115386        2.0662795801198883     
