   1.2566370614360001E-002   9.0209774195500969E-002   0.0000000000000000                3   4.0446518212148883E-002   2.8321912452530338        1.1845583853811383     
   1.7771531752634635E-002  0.13561615230274104        0.0000000000000000                5  0.13126650043405561        1.2289236037930076        1.1273958381429630     
   2.1765592370812048E-002  0.30619749817791442        0.0000000000000000                4  0.25537228483238611        1.0576537082758597       0.84319262603472755     
   2.5132741228720001E-002   5.9393228761659776E-002   0.0000000000000000                3  0.29077263559141686       0.10549210540855740       0.43065880365124592     
   2.9562133651285849E-002  0.37287849101111553        0.0000000000000000               22  0.25879911102167918       0.67734709591605569       0.44372211585725629     
   3.8019517526813901E-002  0.82232363521868013        0.0000000000000000               30  0.34202293774871961        1.1791961898428882       0.47802240085395686     
   4.5116083860089251E-002  0.46801694337824712        0.0000000000000000               50  0.45127410497044479       0.32618819019595457       0.29979019712705857     
   5.5056809371101592E-002   3.3566857392031988        0.0000000000000000              100  0.71715718092713066        1.5825355402821450       0.32549561292592655     
   6.5848341545415051E-002   3.1701583799683579        0.0000000000000000              138  0.96774746907522013        1.0275271723229216       0.30194864529463444     
   7.9166690278415927E-002   4.9981441070449808        0.0000000000000000              297   1.0933460812080580        1.1759433365147514       0.24759715908962882     
   9.6964567215568481E-002   5.0560066048693502        0.0000000000000000              559   1.3272625572538670        1.0462005791015354       0.27464023774839635     
  0.11842995645747310        3.6572855486500395        0.0000000000000000              992   1.8414510400908923       0.51840732131069511       0.26101918713201888     
  0.14416104292042672        8.8902608957809797        0.0000000000000000             1795   2.4699928089724157       0.98439785072715158       0.27349654199888029     
  0.17483851006932644        10.389583262431618        0.0000000000000000             3101   3.2798834101436789       0.90730224661057701       0.28642588556989357     
  0.21159335649904049        12.062272845771371        0.0000000000000000             5565   4.3804912545091801       0.85679561477950661       0.31115078770243421     
  0.25709616209838343        23.934649344955218        0.0000000000000000            10259   5.6416090032616966        1.3295506907694847       0.31338688272526966     
  0.31264156338248622        39.351720315778813        0.0000000000000000            18325   7.5260374379757655        1.8068378582477667       0.34555870128178701     
  0.37951482899164635        21.897391460690663        0.0000000000000000            32557   10.048452876923452       0.84270386076271586       0.38670679333092250     
  0.46065736128088758        43.648572848625648        0.0000000000000000            58572   13.301494444216951        1.4238477582147584       0.43390429077684506     
  0.55924736126635322        7.6218518166432938        0.0000000000000000           104783   17.803730870747412       0.21190635016140510       0.49498779546432425     
  0.67897524277408394       -9.8190108760422152        0.0000000000000000           187943   23.711172345898884      -0.23519739229746442       0.56796004958892898     
  0.82441551550693815       -9.4093465764679376        0.0000000000000000           336702   31.725336428400468      -0.19596454680017217       0.66073038385288507     
   1.0009764843865627        50.681575734900314        0.0000000000000000           602918   42.349104666525413       0.92538411790905950       0.77324329991351515     
   1.2153763263333666       -46.090122258131402        0.0000000000000000          1080186   56.586804617308545      -0.74349279039336580       0.91281774061565735     
   1.4765846423066622       -108.71563777185291        0.0000000000000000          1946989   75.814774845329993       -1.5597136834816552        1.0876939524054137     
