   1.2566370614360001E-002   1.2349234360334536     
   1.7771531752634635E-002   1.1984372657732865     
   2.1765592370812048E-002  0.95709642702639275     
   2.5132741228720001E-002  0.83003029164430531     
   2.9562133651285849E-002  0.94755203236775165     
   3.8019517526813901E-002  0.96289495721269913     
   4.5116083860089251E-002   1.0471952349106126     
   5.5056809371101592E-002  0.96891320139477100     
   6.5848341545415051E-002   1.0447648158884975     
   7.9166690278415927E-002   1.0000336788374102     
   9.6964567215568481E-002   1.0841256270524313     
  0.11842995645747310        1.0394017753035818     
  0.14416104292042672        1.0928297466702510     
  0.17483851006932644        1.0875539215465253     
  0.21159335649904049        1.1562190528954752     
  0.25709616209838343        1.1588118259418607     
  0.31264156338248622        1.2560041154069779     
  0.37951482899164635        1.3617881148392901     
  0.46065736128088758        1.4957640923564552     
  0.55924736126635322        1.6609959124963516     
  0.67897524277408394        1.8596413014451381     
  0.82441551550693815        2.0946339786491781     
   1.0009764843865627        2.3579978992603161     
   1.2153763263333666        2.6574285047353494     
   1.4765846423066622        2.9810622864120391     
   1.2566370614360001E-002   1.1688162863058265     
   1.7771531752634635E-002   1.2133352421204120     
   2.1765592370812048E-002  0.83186272296310704     
   2.5132741228720001E-002  0.92114322896110423     
   2.9562133651285849E-002  0.99897863697743339     
   3.8019517526813901E-002  0.95259667681604243     
   4.5116083860089251E-002   1.0893454221878605     
   5.5056809371101592E-002  0.98400104138999156     
   6.5848341545415051E-002   1.0516726403949070     
   7.9166690278415927E-002   1.0035345643711280     
   9.6964567215568481E-002   1.1010340699284917     
  0.11842995645747310        1.0572687535241205     
  0.14416104292042672        1.0968753436469230     
  0.17483851006932644        1.1121123628055667     
  0.21159335649904049        1.1496179035475573     
  0.25709616209838343        1.1780848531171977     
  0.31264156338248622        1.2695522615540711     
  0.37951482899164635        1.4017173864653167     
  0.46065736128088758        1.5222266314951585     
  0.55924736126635322        1.6994178697097311     
  0.67897524277408394        1.9057098633987879     
  0.82441551550693815        2.1168485826747752     
   1.0009764843865627        2.3118533094727263     
   1.2153763263333666        2.5230770282626516     
   1.4765846423066622        2.7049893745543065     
   1.2566370614360001E-002   1.2258595283220304     
   1.7771531752634635E-002  0.88797067870232682     
   2.1765592370812048E-002  0.90310730479896151     
   2.5132741228720001E-002  0.99224609110206186     
   2.9562133651285849E-002   1.0400178202104087     
   3.8019517526813901E-002  0.94553009531234733     
   4.5116083860089251E-002   1.0899486285285529     
   5.5056809371101592E-002  0.96759379107986931     
   6.5848341545415051E-002   1.0083973861210815     
   7.9166690278415927E-002   1.0146983443550015     
   9.6964567215568481E-002   1.0589100917152070     
  0.11842995645747310       0.97560555816198880     
  0.14416104292042672        1.0596555154343197     
  0.17483851006932644        1.0846307258572316     
  0.21159335649904049        1.1080382571439942     
  0.25709616209838343        1.1754870815501870     
  0.31264156338248622        1.2716946125315436     
  0.37951482899164635        1.3481884895609282     
  0.46065736128088758        1.4748864785378428     
  0.55924736126635322        1.6388383139868179     
  0.67897524277408394        1.8155326033679247     
  0.82441551550693815        1.9917697303302424     
   1.0009764843865627        2.1150862111915245     
   1.2153763263333666        2.2732618348045213     
   1.4765846423066622        2.1523555915409252     
   1.2566370614360001E-002  0.23618720258577325     
   1.7771531752634635E-002   1.3824740745268294     
   2.1765592370812048E-002   1.2199413519625835     
   2.5132741228720001E-002   1.1118109706701464     
   2.9562133651285849E-002  0.97111350254063222     
   3.8019517526813901E-002   1.0823945157528503     
   4.5116083860089251E-002   1.0005514927766535     
   5.5056809371101592E-002  0.99073413926234222     
   6.5848341545415051E-002   1.0293827136476883     
   7.9166690278415927E-002   1.0028405555257256     
   9.6964567215568481E-002   1.1065259166426886     
  0.11842995645747310       0.96362573243370020     
  0.14416104292042672        1.0516523153507251     
  0.17483851006932644        1.0625488107529213     
  0.21159335649904049        1.1492656677934803     
  0.25709616209838343        1.1668617170534288     
  0.31264156338248622        1.2628725605237150     
  0.37951482899164635        1.3848308285373157     
  0.46065736128088758        1.5410374113842626     
  0.55924736126635322        1.6758935441023552     
  0.67897524277408394        1.8802727459892272     
  0.82441551550693815        1.9782053311786629     
   1.0009764843865627        2.0101504564737334     
   1.2153763263333666        1.7875317184343580     
   1.4765846423066622        1.3336103805476160     
   1.2566370614360001E-002  0.74200947802230288     
   1.7771531752634635E-002   1.4110423096600577     
   2.1765592370812048E-002   1.0637764587343241     
   2.5132741228720001E-002  0.86665869959023911     
   2.9562133651285849E-002  0.83263004139607288     
   3.8019517526813901E-002  0.79832347192527953     
   4.5116083860089251E-002   1.1202526866918610     
   5.5056809371101592E-002  0.92041137153945507     
   6.5848341545415051E-002   1.2524272407460015     
   7.9166690278415927E-002   1.0922390720140889     
   9.6964567215568481E-002   1.2321680325650128     
  0.11842995645747310       0.94588376641348371     
  0.14416104292042672        1.1745402427860638     
  0.17483851006932644        1.2403275888754397     
  0.21159335649904049        1.1679089262781481     
  0.25709616209838343        1.2288467643529937     
  0.31264156338248622        1.3466835629612548     
  0.37951482899164635        1.4983637408713890     
  0.46065736128088758        1.6012005546251464     
  0.55924736126635322        1.7747907016696527     
  0.67897524277408394        1.8766749740346798     
  0.82441551550693815        1.9124099848496334     
   1.0009764843865627        1.5302657911637680     
   1.2153763263333666        1.0456228793078763     
   1.4765846423066622      -0.18214028174213867     
   1.2566370614360001E-002   1.9240463154040912     
   1.7771531752634635E-002   1.8939617763950798     
   2.1765592370812048E-002   1.5375849214302373     
   2.5132741228720001E-002  0.80156510625172439     
   2.9562133651285849E-002  0.87936468936029089     
   3.8019517526813901E-002   1.4687391154592282     
   4.5116083860089251E-002  0.41117701328787487     
   5.5056809371101592E-002   1.1398776242845567     
   6.5848341545415051E-002  0.89970263327183131     
   7.9166690278415927E-002  0.83272216637551622     
   9.6964567215568481E-002  0.90582449553204825     
  0.11842995645747310       0.85001121438010407     
  0.14416104292042672       0.89172091005193488     
  0.17483851006932644       0.79991826570981206     
  0.21159335649904049       0.90837849698688400     
  0.25709616209838343        1.0467206356469982     
  0.31264156338248622        1.0816490636961678     
  0.37951482899164635        1.1460074451072513     
  0.46065736128088758        1.2253326706519312     
  0.55924736126635322        1.4024386449446111     
  0.67897524277408394        1.2725955179549779     
  0.82441551550693815        1.0849946216789008     
   1.0009764843865627       0.60215030437237993     
   1.2153763263333666      -0.16747385590992397     
   1.4765846423066622       -1.4495639340239910     
   1.2566370614360001E-002   1.8800634414263482     
   1.7771531752634635E-002 -0.37329080049099456     
   2.1765592370812048E-002   3.0890662017122414     
   2.5132741228720001E-002  0.77268987228982844     
   2.9562133651285849E-002   1.2192554186109661     
   3.8019517526813901E-002   1.3405977623712222     
   4.5116083860089251E-002  0.56809668253853896     
   5.5056809371101592E-002  0.84571090246840164     
   6.5848341545415051E-002   1.0978379352581569     
   7.9166690278415927E-002  0.56007897230292236     
   9.6964567215568481E-002  0.64659593787199010     
  0.11842995645747310       0.89860253599553774     
  0.14416104292042672       0.80559883974555957     
  0.17483851006932644       0.64329550102044686     
  0.21159335649904049       0.63896456128147860     
  0.25709616209838343       0.74627178468633781     
  0.31264156338248622       0.63174458168857017     
  0.37951482899164635        1.0097872031065649     
  0.46065736128088758        1.0581323122079758     
  0.55924736126635322        1.0395245716818056     
  0.67897524277408394       0.98013271642713451     
  0.82441551550693815       0.72846598553626063     
   1.0009764843865627       -5.5928681975999164E-002
   1.2153763263333666      -0.79769584912055325     
   1.4765846423066622       -2.4909486644691876     
   1.2566370614360001E-002   2.6405482316825126     
   1.7771531752634635E-002  -1.3404861354095834     
   2.1765592370812048E-002  0.29095831368040459     
   2.5132741228720001E-002   5.2607255115800244     
   2.9562133651285849E-002  0.78480710289414368     
   3.8019517526813901E-002  0.79624175472820724     
   4.5116083860089251E-002   1.8118123184594921     
   5.5056809371101592E-002  0.61479592961783758     
   6.5848341545415051E-002  0.17399069197029926     
   7.9166690278415927E-002   1.1426874183378819     
   9.6964567215568481E-002   1.8504379221755485     
  0.11842995645747310       0.81041935370047391     
  0.14416104292042672        1.2461763132931105     
  0.17483851006932644        1.0284279786593284     
  0.21159335649904049       0.71179712631491387     
  0.25709616209838343       0.69945724643546958     
  0.31264156338248622       0.70946575250083821     
  0.37951482899164635        1.2320434780446163     
  0.46065736128088758        1.0817831752118250     
  0.55924736126635322        1.2184162517942514     
  0.67897524277408394        1.1438529554123040     
  0.82441551550693815        7.3917773026801852E-003
   1.0009764843865627      -0.96510717098858090     
   1.2153763263333666       -2.1848273563735821     
   1.4765846423066622       -3.7325056771484402     
   1.2566370614360001E-002   1.1688162863058265     
   1.7771531752634635E-002   1.2133352421204120     
   2.1765592370812048E-002  0.83186272296310704     
   2.5132741228720001E-002  0.92114322896110423     
   2.9562133651285849E-002  0.99897863697743339     
   3.8019517526813901E-002  0.95259667681604243     
   4.5116083860089251E-002   1.0893454221878605     
   5.5056809371101592E-002  0.98400104138999156     
   6.5848341545415051E-002   1.0516726403949070     
   7.9166690278415927E-002   1.0035345643711280     
   9.6964567215568481E-002   1.1010340699284917     
  0.11842995645747310        1.0572687535241205     
  0.14416104292042672        1.0968753436469230     
  0.17483851006932644        1.1121123628055667     
  0.21159335649904049        1.1496179035475573     
  0.25709616209838343        1.1780848531171977     
  0.31264156338248622        1.2695522615540711     
  0.37951482899164635        1.4017173864653167     
  0.46065736128088758        1.5222266314951585     
  0.55924736126635322        1.6994178697097311     
  0.67897524277408394        1.9057098633987879     
  0.82441551550693815        2.1168485826747752     
   1.0009764843865627        2.3118533094727263     
   1.2153763263333666        2.5230770282626516     
   1.4765846423066622        2.7049893745543065     
   1.2566370614360001E-002   1.1812532281772929     
   1.7771531752634635E-002   1.1982721113858248     
   2.1765592370812048E-002  0.71938614689814739     
   2.5132741228720001E-002   1.0189114432516471     
   2.9562133651285849E-002   1.0317770597859310     
   3.8019517526813901E-002  0.96289883891241279     
   4.5116083860089251E-002   1.1511932663175881     
   5.5056809371101592E-002   1.0029636891960696     
   6.5848341545415051E-002   1.0463135626693776     
   7.9166690278415927E-002   1.0044859581734671     
   9.6964567215568481E-002   1.1249670345457874     
  0.11842995645747310        1.0917926166983576     
  0.14416104292042672        1.1264053849306292     
  0.17483851006932644        1.1682919201817059     
  0.21159335649904049        1.1890844496747397     
  0.25709616209838343        1.2627404819044996     
  0.31264156338248622        1.3584126917999750     
  0.37951482899164635        1.5005596263246412     
  0.46065736128088758        1.6193084424975928     
  0.55924736126635322        1.8106967281341810     
  0.67897524277408394        1.9561292728332018     
  0.82441551550693815        2.0772055376322758     
   1.0009764843865627        2.2016003443631873     
   1.2153763263333666        2.2004098209649836     
   1.4765846423066622        2.3286679350326307     
   1.2566370614360001E-002   1.1771272659511220     
   1.7771531752634635E-002  0.94973773260642491     
   2.1765592370812048E-002  0.69911357161953114     
   2.5132741228720001E-002   1.0628355042188979     
   2.9562133651285849E-002   1.0850442538779308     
   3.8019517526813901E-002  0.93541091582867020     
   4.5116083860089251E-002   1.1851664704292080     
   5.5056809371101592E-002  0.98331681477049593     
   6.5848341545415051E-002   1.0194984269908700     
   7.9166690278415927E-002   1.0469108061478292     
   9.6964567215568481E-002   1.0451187157284647     
  0.11842995645747310       0.97494020207245413     
  0.14416104292042672        1.0776402795218505     
  0.17483851006932644        1.1133528149805927     
  0.21159335649904049        1.1217648964654348     
  0.25709616209838343        1.2177776040931527     
  0.31264156338248622        1.2701578665246096     
  0.37951482899164635        1.4055404312476230     
  0.46065736128088758        1.5155111374103249     
  0.55924736126635322        1.5861696066789999     
  0.67897524277408394        1.7228681472881084     
  0.82441551550693815        1.7835138211101798     
   1.0009764843865627        1.6890606330632358     
   1.2153763263333666        1.5878968992558997     
   1.4765846423066622        1.2109005195648916     
   1.2566370614360001E-002   9.7440026211477009E-003
   1.7771531752634635E-002   1.2067303116075714     
   2.1765592370812048E-002   1.1069239607581343     
   2.5132741228720001E-002   1.1449965846428176     
   2.9562133651285849E-002   1.0782164942911978     
   3.8019517526813901E-002   1.0288655024134385     
   4.5116083860089251E-002   1.0279362014976279     
   5.5056809371101592E-002   1.0107913925861454     
   6.5848341545415051E-002   1.0537592603994383     
   7.9166690278415927E-002   1.0140494831154869     
   9.6964567215568481E-002   1.1227735134889434     
  0.11842995645747310       0.92777773838684285     
  0.14416104292042672        1.0639936106061212     
  0.17483851006932644        1.0897654463462436     
  0.21159335649904049        1.1420144216193182     
  0.25709616209838343        1.1063786037555490     
  0.31264156338248622        1.1311332018117517     
  0.37951482899164635        1.3084114435668057     
  0.46065736128088758        1.3864201348965193     
  0.55924736126635322        1.4091310232612813     
  0.67897524277408394        1.4341917303451190     
  0.82441551550693815        1.4609122601917135     
   1.0009764843865627        1.1562365303206783     
   1.2153763263333666       0.88849451754936104     
   1.4765846423066622        9.6201187096250057E-002
   1.2566370614360001E-002  0.32572452446383665     
   1.7771531752634635E-002   1.2468879931067152     
   2.1765592370812048E-002   1.0586050236760829     
   2.5132741228720001E-002  0.79680665522615957     
   2.9562133651285849E-002  0.82685504395438159     
   3.8019517526813901E-002  0.92908688403201023     
   4.5116083860089251E-002   1.1116026402554580     
   5.5056809371101592E-002  0.92202912434046669     
   6.5848341545415051E-002   1.2425378904516919     
   7.9166690278415927E-002   1.1622917620961428     
   9.6964567215568481E-002   1.3721041334646533     
  0.11842995645747310        1.0535125277754918     
  0.14416104292042672        1.1852716954557385     
  0.17483851006932644        1.2263974343118011     
  0.21159335649904049        1.1304177209749007     
  0.25709616209838343        1.1488323827470766     
  0.31264156338248622        1.2399370322437608     
  0.37951482899164635        1.2575113257904977     
  0.46065736128088758        1.2017409869680946     
  0.55924736126635322        1.2454718671742575     
  0.67897524277408394        1.3600334184502436     
  0.82441551550693815        1.1500399919273436     
   1.0009764843865627       0.69385105922292289     
   1.2153763263333666       0.19069095147971807     
   1.4765846423066622      -0.98129733598863000     
   1.2566370614360001E-002   1.8323546569670954     
   1.7771531752634635E-002   2.3285378801418140     
   2.1765592370812048E-002  0.94164716342745469     
   2.5132741228720001E-002  0.98809863670364528     
   2.9562133651285849E-002  0.84897305111488941     
   3.8019517526813901E-002   1.4344818648190520     
   4.5116083860089251E-002  0.50484637054478243     
   5.5056809371101592E-002   1.3536178912196419     
   6.5848341545415051E-002  0.92143173912423659     
   7.9166690278415927E-002  0.86688249044470911     
   9.6964567215568481E-002  0.93108319622807467     
  0.11842995645747310       0.85684151558133526     
  0.14416104292042672        1.0539580790255663     
  0.17483851006932644       0.89797866984687280     
  0.21159335649904049       0.95821988112576728     
  0.25709616209838343        1.0036680964788578     
  0.31264156338248622       0.81002110113363357     
  0.37951482899164635        1.0046974665880810     
  0.46065736128088758       0.99456921172058033     
  0.55924736126635322       0.90002814199388503     
  0.67897524277408394       0.92143428370822233     
  0.82441551550693815       0.57440750828999865     
   1.0009764843865627      -0.14095598120005889     
   1.2153763263333666      -0.45140767983846114     
   1.4765846423066622       -1.5825718271030293     
   1.2566370614360001E-002   1.4388635934662337     
   1.7771531752634635E-002 -0.56077670312646921     
   2.1765592370812048E-002   2.7894502029200536     
   2.5132741228720001E-002  0.69205075169208941     
   2.9562133651285849E-002   1.4070310113777962     
   3.8019517526813901E-002   1.3151474192985264     
   4.5116083860089251E-002  0.63936149612423976     
   5.5056809371101592E-002  0.82386931363412141     
   6.5848341545415051E-002   1.3660095874261966     
   7.9166690278415927E-002  0.53261926579032137     
   9.6964567215568481E-002  0.85697769660051981     
  0.11842995645747310       0.83353052961599361     
  0.14416104292042672       0.71903014987391134     
  0.17483851006932644       0.57960212773341002     
  0.21159335649904049       0.56361184084655180     
  0.25709616209838343       0.47689737971286722     
  0.31264156338248622       0.52156750234166838     
  0.37951482899164635       0.74021893463617727     
  0.46065736128088758       0.61968988401241021     
  0.55924736126635322       0.63644415836184842     
  0.67897524277408394       0.45293202665861121     
  0.82441551550693815        1.0306043862420868E-002
   1.0009764843865627      -0.52079788357915957     
   1.2153763263333666      -0.83830538420508804     
   1.4765846423066622      -0.98700845025732409     
   1.2566370614360001E-002   3.4266422151058977     
   1.7771531752634635E-002 -0.79035805778223678     
   2.1765592370812048E-002  0.40272213292683495     
   2.5132741228720001E-002   5.2634416587625497     
   2.9562133651285849E-002  0.59934663956133349     
   3.8019517526813901E-002  0.22761719558963331     
   4.5116083860089251E-002   1.5296418491417669     
   5.5056809371101592E-002  0.54103614709657177     
   6.5848341545415051E-002  0.56234244409334389     
   7.9166690278415927E-002   1.2184080221955622     
   9.6964567215568481E-002   1.6005376318481526     
  0.11842995645747310       0.63733812872668283     
  0.14416104292042672        1.2840817553231629     
  0.17483851006932644       0.95767397827424627     
  0.21159335649904049       0.31876646905539685     
  0.25709616209838343       0.34226097161908470     
  0.31264156338248622       0.35470614919257015     
  0.37951482899164635       0.75766269475788495     
  0.46065736128088758       0.37504000405971039     
  0.55924736126635322       0.75659094618226153     
  0.67897524277408394       0.19119032448006409     
  0.82441551550693815      -0.62164164919333109     
   1.0009764843865627      -0.77267914672977789     
   1.2153763263333666      -0.30551898088180440     
   1.4765846423066622       -2.3282417803389812     
   1.2566370614360001E-002   1.2258595283220304     
   1.7771531752634635E-002  0.88797067870232682     
   2.1765592370812048E-002  0.90310730479896151     
   2.5132741228720001E-002  0.99224609110206186     
   2.9562133651285849E-002   1.0400178202104087     
   3.8019517526813901E-002  0.94553009531234733     
   4.5116083860089251E-002   1.0899486285285529     
   5.5056809371101592E-002  0.96759379107986931     
   6.5848341545415051E-002   1.0083973861210815     
   7.9166690278415927E-002   1.0146983443550015     
   9.6964567215568481E-002   1.0589100917152070     
  0.11842995645747310       0.97560555816198880     
  0.14416104292042672        1.0596555154343197     
  0.17483851006932644        1.0846307258572316     
  0.21159335649904049        1.1080382571439942     
  0.25709616209838343        1.1754870815501870     
  0.31264156338248622        1.2716946125315436     
  0.37951482899164635        1.3481884895609282     
  0.46065736128088758        1.4748864785378428     
  0.55924736126635322        1.6388383139868179     
  0.67897524277408394        1.8155326033679247     
  0.82441551550693815        1.9917697303302424     
   1.0009764843865627        2.1150862111915245     
   1.2153763263333666        2.2732618348045213     
   1.4765846423066622        2.1523555915409252     
   1.2566370614360001E-002   1.1771272659511220     
   1.7771531752634635E-002  0.94973773260642491     
   2.1765592370812048E-002  0.69911357161953114     
   2.5132741228720001E-002   1.0628355042188979     
   2.9562133651285849E-002   1.0850442538779308     
   3.8019517526813901E-002  0.93541091582867020     
   4.5116083860089251E-002   1.1851664704292080     
   5.5056809371101592E-002  0.98331681477049593     
   6.5848341545415051E-002   1.0194984269908700     
   7.9166690278415927E-002   1.0469108061478292     
   9.6964567215568481E-002   1.0451187157284647     
  0.11842995645747310       0.97494020207245413     
  0.14416104292042672        1.0776402795218505     
  0.17483851006932644        1.1133528149805927     
  0.21159335649904049        1.1217648964654348     
  0.25709616209838343        1.2177776040931527     
  0.31264156338248622        1.2701578665246096     
  0.37951482899164635        1.4055404312476230     
  0.46065736128088758        1.5155111374103249     
  0.55924736126635322        1.5861696066789999     
  0.67897524277408394        1.7228681472881084     
  0.82441551550693815        1.7835138211101798     
   1.0009764843865627        1.6890606330632358     
   1.2153763263333666        1.5878968992558997     
   1.4765846423066622        1.2109005195648916     
   1.2566370614360001E-002   1.1714051188671932     
   1.7771531752634635E-002  0.70645500678281170     
   2.1765592370812048E-002  0.93651326632455267     
   2.5132741228720001E-002   1.1377605153220105     
   2.9562133651285849E-002   1.0851430830536624     
   3.8019517526813901E-002  0.82758383824511628     
   4.5116083860089251E-002   1.2232146659507461     
   5.5056809371101592E-002  0.94448909054144004     
   6.5848341545415051E-002  0.99718048794057379     
   7.9166690278415927E-002   1.0417792236279302     
   9.6964567215568481E-002   1.1156893906434808     
  0.11842995645747310       0.98916047943096963     
  0.14416104292042672        1.0902969238816376     
  0.17483851006932644        1.1042463738949220     
  0.21159335649904049        1.2816835683953611     
  0.25709616209838343        1.2543231010039075     
  0.31264156338248622        1.3445802357270666     
  0.37951482899164635        1.4087196697230511     
  0.46065736128088758        1.4890388397169285     
  0.55924736126635322        1.6263214982824541     
  0.67897524277408394        1.6046393838182706     
  0.82441551550693815        1.4506130076020574     
   1.0009764843865627        1.3251659219966443     
   1.2153763263333666        1.2476978821264904     
   1.4765846423066622        1.4727512563720981     
   1.2566370614360001E-002   1.1070146629436166E-002
   1.7771531752634635E-002  0.62059445212468212     
   2.1765592370812048E-002   1.0623920674551868     
   2.5132741228720001E-002   1.2417382159891484     
   2.9562133651285849E-002   1.0955107227534318     
   3.8019517526813901E-002   1.0094498176012150     
   4.5116083860089251E-002   1.0371038246947117     
   5.5056809371101592E-002   1.0084304098484942     
   6.5848341545415051E-002   1.0504839125126375     
   7.9166690278415927E-002   1.1172602048571361     
   9.6964567215568481E-002   1.0803727636558156     
  0.11842995645747310        1.0310367583781497     
  0.14416104292042672        1.0890823158529337     
  0.17483851006932644        1.1774567703261205     
  0.21159335649904049        1.3192798839657587     
  0.25709616209838343        1.3269778247119417     
  0.31264156338248622        1.4119140843686935     
  0.37951482899164635        1.5047901089184286     
  0.46065736128088758        1.5369770400411571     
  0.55924736126635322        1.4826817743615970     
  0.67897524277408394        1.5819832460996970     
  0.82441551550693815        1.1553501493484122     
   1.0009764843865627       0.83125892053624650     
   1.2153763263333666       0.62405776300925409     
   1.4765846423066622        7.1337326452503335E-003
   1.2566370614360001E-002  0.93850653627512015     
   1.7771531752634635E-002  0.65815649678017119     
   2.1765592370812048E-002  0.66421516396158953     
   2.5132741228720001E-002   1.1585070207735686     
   2.9562133651285849E-002  0.90765083200997565     
   3.8019517526813901E-002  0.82724149211061060     
   4.5116083860089251E-002   1.0876974688719259     
   5.5056809371101592E-002  0.98007256100936102     
   6.5848341545415051E-002   1.2619229531691918     
   7.9166690278415927E-002   1.0593818770215659     
   9.6964567215568481E-002   1.1686993999188147     
  0.11842995645747310       0.91219265419250317     
  0.14416104292042672        1.1734947521006869     
  0.17483851006932644        1.2801120049200536     
  0.21159335649904049        1.1856160766651747     
  0.25709616209838343        1.1015319990111339     
  0.31264156338248622        1.3170989270206868     
  0.37951482899164635        1.3545728008166547     
  0.46065736128088758        1.3026423545943133     
  0.55924736126635322        1.4123030460683856     
  0.67897524277408394        1.2882791892095427     
  0.82441551550693815        1.1094719948083873     
   1.0009764843865627       0.60787624813997621     
   1.2153763263333666      -0.16023012799090938     
   1.4765846423066622      -0.93965810318668941     
   1.2566370614360001E-002   2.3294227013058997     
   1.7771531752634635E-002   1.7109291015329475     
   2.1765592370812048E-002   1.7308490437943513     
   2.5132741228720001E-002  0.93281467770532223     
   2.9562133651285849E-002  0.88097440698952878     
   3.8019517526813901E-002   1.1437036664221039     
   4.5116083860089251E-002  0.35569979504019478     
   5.5056809371101592E-002   1.1939629586264209     
   6.5848341545415051E-002  0.95831657535229409     
   7.9166690278415927E-002  0.98823716695693931     
   9.6964567215568481E-002  0.76217542180562570     
  0.11842995645747310       0.68205666439457080     
  0.14416104292042672       0.81449049306520727     
  0.17483851006932644       0.78068948387192438     
  0.21159335649904049       0.79090102998915535     
  0.25709616209838343        1.2171217528181182     
  0.31264156338248622        1.1140861945504297     
  0.37951482899164635       0.97404413731665274     
  0.46065736128088758       0.74455113884725643     
  0.55924736126635322       0.63098868190795976     
  0.67897524277408394       0.23472824718806859     
  0.82441551550693815       -7.4476771789348375E-002
   1.0009764843865627      -0.52649252251949963     
   1.2153763263333666      -0.84059767369814586     
   1.4765846423066622       -1.3848143882002315     
   1.2566370614360001E-002   1.3844431985043286     
   1.7771531752634635E-002 -0.67062257362489497     
   2.1765592370812048E-002   2.7497244077025149     
   2.5132741228720001E-002   1.0436715504574199     
   2.9562133651285849E-002  0.99643806432526771     
   3.8019517526813901E-002   1.3421814571872863     
   4.5116083860089251E-002  0.71120817717693663     
   5.5056809371101592E-002  0.85131044453788285     
   6.5848341545415051E-002  0.66763117173148667     
   7.9166690278415927E-002  0.61587479933949962     
   9.6964567215568481E-002  0.39792006222427356     
  0.11842995645747310       0.53256116954037780     
  0.14416104292042672       0.51398142201304253     
  0.17483851006932644       0.33832874730232892     
  0.21159335649904049       0.57627808499289068     
  0.25709616209838343       0.55503741421877484     
  0.31264156338248622       0.24257919853213916     
  0.37951482899164635       0.53377265799037710     
  0.46065736128088758       0.44441027451202153     
  0.55924736126635322        8.4303636391849290E-002
  0.67897524277408394        2.3264885983525184E-002
  0.82441551550693815        7.4394198413603951E-002
   1.0009764843865627       0.23229474780798606     
   1.2153763263333666       0.45627982886626367     
   1.4765846423066622       -7.8989383260922669E-002
   1.2566370614360001E-002   2.6684503331894613     
   1.7771531752634635E-002  0.44044250031044885     
   2.1765592370812048E-002  0.43597636851227245     
   2.5132741228720001E-002   5.4988797397431526     
   2.9562133651285849E-002  0.93244986008711805     
   3.8019517526813901E-002  0.65647491947185310     
   4.5116083860089251E-002   1.3512913432063884     
   5.5056809371101592E-002  0.62285101862987347     
   6.5848341545415051E-002   7.7192507628235665E-002
   7.9166690278415927E-002   1.2694057259831890     
   9.6964567215568481E-002   1.4094411443678900     
  0.11842995645747310       0.74580612540653723     
  0.14416104292042672        1.1828056588439337     
  0.17483851006932644       0.52027425550325879     
  0.21159335649904049       -2.5115496307193935E-002
  0.25709616209838343       0.44411900291505652     
  0.31264156338248622       0.42778552258606040     
  0.37951482899164635       0.16934629133832724     
  0.46065736128088758      -0.43574713446231073     
  0.55924736126635322        5.8313161109964554E-002
  0.67897524277408394      -0.81787789771336905     
  0.82441551550693815       -5.0930970294582843E-002
   1.0009764843865627        1.6857705778668342E-002
   1.2153763263333666      -0.88900573797982763     
   1.4765846423066622       -3.0989064449551016     
   1.2566370614360001E-002  0.23618720258577325     
   1.7771531752634635E-002   1.3824740745268294     
   2.1765592370812048E-002   1.2199413519625835     
   2.5132741228720001E-002   1.1118109706701464     
   2.9562133651285849E-002  0.97111350254063222     
   3.8019517526813901E-002   1.0823945157528503     
   4.5116083860089251E-002   1.0005514927766535     
   5.5056809371101592E-002  0.99073413926234222     
   6.5848341545415051E-002   1.0293827136476883     
   7.9166690278415927E-002   1.0028405555257256     
   9.6964567215568481E-002   1.1065259166426886     
  0.11842995645747310       0.96362573243370020     
  0.14416104292042672        1.0516523153507251     
  0.17483851006932644        1.0625488107529213     
  0.21159335649904049        1.1492656677934803     
  0.25709616209838343        1.1668617170534288     
  0.31264156338248622        1.2628725605237150     
  0.37951482899164635        1.3848308285373157     
  0.46065736128088758        1.5410374113842626     
  0.55924736126635322        1.6758935441023552     
  0.67897524277408394        1.8802727459892272     
  0.82441551550693815        1.9782053311786629     
   1.0009764843865627        2.0101504564737334     
   1.2153763263333666        1.7875317184343580     
   1.4765846423066622        1.3336103805476160     
   1.2566370614360001E-002   9.7440026211477009E-003
   1.7771531752634635E-002   1.2067303116075714     
   2.1765592370812048E-002   1.1069239607581343     
   2.5132741228720001E-002   1.1449965846428176     
   2.9562133651285849E-002   1.0782164942911978     
   3.8019517526813901E-002   1.0288655024134385     
   4.5116083860089251E-002   1.0279362014976279     
   5.5056809371101592E-002   1.0107913925861454     
   6.5848341545415051E-002   1.0537592603994383     
   7.9166690278415927E-002   1.0140494831154869     
   9.6964567215568481E-002   1.1227735134889434     
  0.11842995645747310       0.92777773838684285     
  0.14416104292042672        1.0639936106061212     
  0.17483851006932644        1.0897654463462436     
  0.21159335649904049        1.1420144216193182     
  0.25709616209838343        1.1063786037555490     
  0.31264156338248622        1.1311332018117517     
  0.37951482899164635        1.3084114435668057     
  0.46065736128088758        1.3864201348965193     
  0.55924736126635322        1.4091310232612813     
  0.67897524277408394        1.4341917303451190     
  0.82441551550693815        1.4609122601917135     
   1.0009764843865627        1.1562365303206783     
   1.2153763263333666       0.88849451754936104     
   1.4765846423066622        9.6201187096250057E-002
   1.2566370614360001E-002   1.1070146629436166E-002
   1.7771531752634635E-002  0.62059445212468212     
   2.1765592370812048E-002   1.0623920674551868     
   2.5132741228720001E-002   1.2417382159891484     
   2.9562133651285849E-002   1.0955107227534318     
   3.8019517526813901E-002   1.0094498176012150     
   4.5116083860089251E-002   1.0371038246947117     
   5.5056809371101592E-002   1.0084304098484942     
   6.5848341545415051E-002   1.0504839125126375     
   7.9166690278415927E-002   1.1172602048571361     
   9.6964567215568481E-002   1.0803727636558156     
  0.11842995645747310        1.0310367583781497     
  0.14416104292042672        1.0890823158529337     
  0.17483851006932644        1.1774567703261205     
  0.21159335649904049        1.3192798839657587     
  0.25709616209838343        1.3269778247119417     
  0.31264156338248622        1.4119140843686935     
  0.37951482899164635        1.5047901089184286     
  0.46065736128088758        1.5369770400411571     
  0.55924736126635322        1.4826817743615970     
  0.67897524277408394        1.5819832460996970     
  0.82441551550693815        1.1553501493484122     
   1.0009764843865627       0.83125892053624650     
   1.2153763263333666       0.62405776300925409     
   1.4765846423066622        7.1337326452503335E-003
   1.2566370614360001E-002  -4.4976862937666104E-002
   1.7771531752634635E-002   1.8165551634010642     
   2.1765592370812048E-002   1.2427178298105286     
   2.5132741228720001E-002   1.3325456766339441     
   2.9562133651285849E-002  0.80771701358674586     
   3.8019517526813901E-002   1.2595862956894572     
   4.5116083860089251E-002  0.88667591324675477     
   5.5056809371101592E-002  0.81479938068297741     
   6.5848341545415051E-002  0.95510246294350953     
   7.9166690278415927E-002   1.0675525060835955     
   9.6964567215568481E-002   1.2358372732952418     
  0.11842995645747310       0.98402767823233050     
  0.14416104292042672        1.2367988868133923     
  0.17483851006932644        1.2814624817502978     
  0.21159335649904049        1.5508193683661278     
  0.25709616209838343        1.2800897693178863     
  0.31264156338248622        1.3877726974718054     
  0.37951482899164635        1.3525861425271939     
  0.46065736128088758        1.4854628466563722     
  0.55924736126635322        1.6975101700469468     
  0.67897524277408394        1.0865427963165977     
  0.82441551550693815       0.80413582636512537     
   1.0009764843865627       0.53854060426525752     
   1.2153763263333666       0.14778102210639654     
   1.4765846423066622        2.0200132624693481     
   1.2566370614360001E-002  0.60234012338712917     
   1.7771531752634635E-002   2.3319655323040873     
   2.1765592370812048E-002   1.8418058230169851     
   2.5132741228720001E-002   1.3076927380817238     
   2.9562133651285849E-002  0.72676248013748135     
   3.8019517526813901E-002  0.88043225675207160     
   4.5116083860089251E-002  0.80746425890327034     
   5.5056809371101592E-002  0.86921563494849874     
   6.5848341545415051E-002   1.2776941740308412     
   7.9166690278415927E-002   1.0194395392934064     
   9.6964567215568481E-002   1.4777451991546364     
  0.11842995645747310        1.3390282315385571     
  0.14416104292042672        1.4163869127859157     
  0.17483851006932644        1.3694077012533930     
  0.21159335649904049        1.4226026201780582     
  0.25709616209838343        1.3943049058082184     
  0.31264156338248622        1.3976505774317127     
  0.37951482899164635        1.3161368402698481     
  0.46065736128088758        1.1553151687958310     
  0.55924736126635322        1.1894030944775824     
  0.67897524277408394        1.0058051665229431     
  0.82441551550693815       0.87452580830294890     
   1.0009764843865627        1.2816422918056987     
   1.2153763263333666       0.16030486666789798     
   1.4765846423066622      -0.47890800883862128     
   1.2566370614360001E-002  0.65264681093195565     
   1.7771531752634635E-002   1.5144543608831944     
   2.1765592370812048E-002   1.2967568023681300     
   2.5132741228720001E-002  0.93062503381088879     
   2.9562133651285849E-002   1.0788975666418976     
   3.8019517526813901E-002   1.5710707031247875     
   4.5116083860089251E-002  0.40917104703146329     
   5.5056809371101592E-002   1.0906660598802638     
   6.5848341545415051E-002  0.96612251231565460     
   7.9166690278415927E-002  0.74401667374431701     
   9.6964567215568481E-002   1.1394134233564790     
  0.11842995645747310       0.51338250238109351     
  0.14416104292042672       0.94867432568386023     
  0.17483851006932644       0.60993844738196334     
  0.21159335649904049       0.87279495667778961     
  0.25709616209838343        1.1428070682878035     
  0.31264156338248622       0.84216445275963014     
  0.37951482899164635        1.2818619443766981     
  0.46065736128088758       0.59593940167197001     
  0.55924736126635322       0.91639268051176148     
  0.67897524277408394       0.62880473481810839     
  0.82441551550693815       0.75002048032894353     
   1.0009764843865627      -0.39116769501673931     
   1.2153763263333666       -1.1033244475552715     
   1.4765846423066622       -1.0155091491350354     
   1.2566370614360001E-002  -5.1242696646649460E-002
   1.7771531752634635E-002   6.1383513080613038E-002
   2.1765592370812048E-002   3.1378799816356406     
   2.5132741228720001E-002  0.96440116814350541     
   2.9562133651285849E-002   1.0039102563330362     
   3.8019517526813901E-002   2.3135068099649345     
   4.5116083860089251E-002  0.90980351126676551     
   5.5056809371101592E-002  0.89841473909553582     
   6.5848341545415051E-002   1.1743577011700681     
   7.9166690278415927E-002  0.64867928053097745     
   9.6964567215568481E-002  0.55390562249861353     
  0.11842995645747310        1.2364375303378932     
  0.14416104292042672       0.45177319305021030     
  0.17483851006932644       0.36137207638796542     
  0.21159335649904049       0.30371242856206015     
  0.25709616209838343       0.37948171923738633     
  0.31264156338248622      -0.17464624701888948     
  0.37951482899164635       0.53525975552996252     
  0.46065736128088758       0.16751786816209824     
  0.55924736126635322      -0.24485278001474417     
  0.67897524277408394       0.18096317154635994     
  0.82441551550693815      -0.64068269178852810     
   1.0009764843865627       -1.4900889665347026     
   1.2153763263333666      -0.36882071401482686     
   1.4765846423066622       0.53126358805089480     
   1.2566370614360001E-002  -3.4086242628716881     
   1.7771531752634635E-002  -4.1279046797357974     
   2.1765592370812048E-002  0.39836199273806938     
   2.5132741228720001E-002   6.7389403849547840     
   2.9562133651285849E-002  0.87143177157357465     
   3.8019517526813901E-002  0.50866156179720490     
   4.5116083860089251E-002   1.5834791591011799     
   5.5056809371101592E-002   1.1458117170830588     
   6.5848341545415051E-002   2.1830458082389179E-002
   7.9166690278415927E-002   1.1578741815090354     
   9.6964567215568481E-002   2.1071214408623580     
  0.11842995645747310       0.86769031573390176     
  0.14416104292042672        1.3344003905554147     
  0.17483851006932644       0.40375867592900633     
  0.21159335649904049        1.6420423134297470     
  0.25709616209838343       0.10288957757071726     
  0.31264156338248622       0.35830343766286737     
  0.37951482899164635        1.3180931890862249     
  0.46065736128088758      -0.34600041898257322     
  0.55924736126635322        2.1119960225896723     
  0.67897524277408394      -0.40776999022326432     
  0.82441551550693815       -1.8888635381463077     
   1.0009764843865627       -3.6639579715228723     
   1.2153763263333666       -9.2261305900135107E-002
   1.4765846423066622        2.1482687602142625     
   1.2566370614360001E-002  0.74200947802230288     
   1.7771531752634635E-002   1.4110423096600577     
   2.1765592370812048E-002   1.0637764587343241     
   2.5132741228720001E-002  0.86665869959023911     
   2.9562133651285849E-002  0.83263004139607288     
   3.8019517526813901E-002  0.79832347192527953     
   4.5116083860089251E-002   1.1202526866918610     
   5.5056809371101592E-002  0.92041137153945507     
   6.5848341545415051E-002   1.2524272407460015     
   7.9166690278415927E-002   1.0922390720140889     
   9.6964567215568481E-002   1.2321680325650128     
  0.11842995645747310       0.94588376641348371     
  0.14416104292042672        1.1745402427860638     
  0.17483851006932644        1.2403275888754397     
  0.21159335649904049        1.1679089262781481     
  0.25709616209838343        1.2288467643529937     
  0.31264156338248622        1.3466835629612548     
  0.37951482899164635        1.4983637408713890     
  0.46065736128088758        1.6012005546251464     
  0.55924736126635322        1.7747907016696527     
  0.67897524277408394        1.8766749740346798     
  0.82441551550693815        1.9124099848496334     
   1.0009764843865627        1.5302657911637680     
   1.2153763263333666        1.0456228793078763     
   1.4765846423066622      -0.18214028174213867     
   1.2566370614360001E-002  0.32572452446383665     
   1.7771531752634635E-002   1.2468879931067152     
   2.1765592370812048E-002   1.0586050236760829     
   2.5132741228720001E-002  0.79680665522615957     
   2.9562133651285849E-002  0.82685504395438159     
   3.8019517526813901E-002  0.92908688403201023     
   4.5116083860089251E-002   1.1116026402554580     
   5.5056809371101592E-002  0.92202912434046669     
   6.5848341545415051E-002   1.2425378904516919     
   7.9166690278415927E-002   1.1622917620961428     
   9.6964567215568481E-002   1.3721041334646533     
  0.11842995645747310        1.0535125277754918     
  0.14416104292042672        1.1852716954557385     
  0.17483851006932644        1.2263974343118011     
  0.21159335649904049        1.1304177209749007     
  0.25709616209838343        1.1488323827470766     
  0.31264156338248622        1.2399370322437608     
  0.37951482899164635        1.2575113257904977     
  0.46065736128088758        1.2017409869680946     
  0.55924736126635322        1.2454718671742575     
  0.67897524277408394        1.3600334184502436     
  0.82441551550693815        1.1500399919273436     
   1.0009764843865627       0.69385105922292289     
   1.2153763263333666       0.19069095147971807     
   1.4765846423066622      -0.98129733598863000     
   1.2566370614360001E-002  0.93850653627512015     
   1.7771531752634635E-002  0.65815649678017119     
   2.1765592370812048E-002  0.66421516396158953     
   2.5132741228720001E-002   1.1585070207735686     
   2.9562133651285849E-002  0.90765083200997565     
   3.8019517526813901E-002  0.82724149211061060     
   4.5116083860089251E-002   1.0876974688719259     
   5.5056809371101592E-002  0.98007256100936102     
   6.5848341545415051E-002   1.2619229531691918     
   7.9166690278415927E-002   1.0593818770215659     
   9.6964567215568481E-002   1.1686993999188147     
  0.11842995645747310       0.91219265419250317     
  0.14416104292042672        1.1734947521006869     
  0.17483851006932644        1.2801120049200536     
  0.21159335649904049        1.1856160766651747     
  0.25709616209838343        1.1015319990111339     
  0.31264156338248622        1.3170989270206868     
  0.37951482899164635        1.3545728008166547     
  0.46065736128088758        1.3026423545943133     
  0.55924736126635322        1.4123030460683856     
  0.67897524277408394        1.2882791892095427     
  0.82441551550693815        1.1094719948083873     
   1.0009764843865627       0.60787624813997621     
   1.2153763263333666      -0.16023012799090938     
   1.4765846423066622      -0.93965810318668941     
   1.2566370614360001E-002  0.60234012338712917     
   1.7771531752634635E-002   2.3319655323040873     
   2.1765592370812048E-002   1.8418058230169851     
   2.5132741228720001E-002   1.3076927380817238     
   2.9562133651285849E-002  0.72676248013748135     
   3.8019517526813901E-002  0.88043225675207160     
   4.5116083860089251E-002  0.80746425890327034     
   5.5056809371101592E-002  0.86921563494849874     
   6.5848341545415051E-002   1.2776941740308412     
   7.9166690278415927E-002   1.0194395392934064     
   9.6964567215568481E-002   1.4777451991546364     
  0.11842995645747310        1.3390282315385571     
  0.14416104292042672        1.4163869127859157     
  0.17483851006932644        1.3694077012533930     
  0.21159335649904049        1.4226026201780582     
  0.25709616209838343        1.3943049058082184     
  0.31264156338248622        1.3976505774317127     
  0.37951482899164635        1.3161368402698481     
  0.46065736128088758        1.1553151687958310     
  0.55924736126635322        1.1894030944775824     
  0.67897524277408394        1.0058051665229431     
  0.82441551550693815       0.87452580830294890     
   1.0009764843865627        1.2816422918056987     
   1.2153763263333666       0.16030486666789798     
   1.4765846423066622      -0.47890800883862128     
   1.2566370614360001E-002  0.70362329873440133     
   1.7771531752634635E-002   1.3689963362165993     
   2.1765592370812048E-002   1.9415171293151205     
   2.5132741228720001E-002   1.5218076647739798     
   2.9562133651285849E-002  0.56713166806037307     
   3.8019517526813901E-002  0.31149509483828824     
   4.5116083860089251E-002   1.3349174513794784     
   5.5056809371101592E-002  0.57273503981396823     
   6.5848341545415051E-002   1.5161861628493698     
   7.9166690278415927E-002   1.1516948210788804     
   9.6964567215568481E-002   1.3886969679200845     
  0.11842995645747310       0.63178616104066909     
  0.14416104292042672        1.8880582029686195     
  0.17483851006932644        1.6041701722365089     
  0.21159335649904049        1.4544457574101017     
  0.25709616209838343        1.1532065022356992     
  0.31264156338248622        1.5211060182604190     
  0.37951482899164635        1.8807909113415191     
  0.46065736128088758        1.1975153118566386     
  0.55924736126635322       0.69087451302203751     
  0.67897524277408394        1.8389587541878036     
  0.82441551550693815       0.22116768916080512     
   1.0009764843865627      -0.79749634592946261     
   1.2153763263333666        2.3263787917561469     
   1.4765846423066622        9.6533221665361726     
   1.2566370614360001E-002   2.5269445737576262     
   1.7771531752634635E-002   1.6536821034353575     
   2.1765592370812048E-002  0.67916784494965010     
   2.5132741228720001E-002  0.80456057315794383     
   2.9562133651285849E-002   1.0242697161173928     
   3.8019517526813901E-002   1.3915273654106326     
   4.5116083860089251E-002  0.36430934471732029     
   5.5056809371101592E-002   1.2748580244615380     
   6.5848341545415051E-002  0.90442256388876952     
   7.9166690278415927E-002  0.96897728189790622     
   9.6964567215568481E-002   1.2962130044147591     
  0.11842995645747310       0.77190230101614088     
  0.14416104292042672        1.0407572706344341     
  0.17483851006932644       0.60256287385361862     
  0.21159335649904049        1.0992033408702206     
  0.25709616209838343        1.2363108785735304     
  0.31264156338248622        1.6969843295623523     
  0.37951482899164635       0.90218297115893686     
  0.46065736128088758        1.5324674234967901     
  0.55924736126635322        3.1308736430624241E-002
  0.67897524277408394       -1.2742469240248413     
  0.82441551550693815       -3.0398610503318421E-002
   1.0009764843865627       0.49851089995622083     
   1.2153763263333666        1.2027810553605978     
   1.4765846423066622       -2.3186653399678261     
   1.2566370614360001E-002  -2.7104951041524782E-002
   1.7771531752634635E-002 -0.74552550306385623     
   2.1765592370812048E-002   2.4102220495791098     
   2.5132741228720001E-002   2.0792963768695025     
   2.9562133651285849E-002  0.68930890783220300     
   3.8019517526813901E-002  0.29882669793080291     
   4.5116083860089251E-002  0.25747002000472424     
   5.5056809371101592E-002  0.99072955889731051     
   6.5848341545415051E-002   1.4811116135059166     
   7.9166690278415927E-002   1.2170291442522043     
   9.6964567215568481E-002  0.26652884670827404     
  0.11842995645747310       0.66064314206339059     
  0.14416104292042672       0.45892799234417458     
  0.17483851006932644        1.1063688759026946     
  0.21159335649904049       0.25539939855123500     
  0.25709616209838343        1.4926527704347803     
  0.31264156338248622        3.7442499951043831E-002
  0.37951482899164635      -0.18892882987247842     
  0.46065736128088758       0.98590359567944752     
  0.55924736126635322        1.3715143938402099     
  0.67897524277408394      -0.74759051719094161     
  0.82441551550693815       -7.2708705657124340E-002
   1.0009764843865627       -1.2793922524922332     
   1.2153763263333666       -4.2375660139341242     
   1.4765846423066622       -1.9387886195475226     
   1.2566370614360001E-002  -3.1787492476597348     
   1.7771531752634635E-002  -1.8760799163766930     
   2.1765592370812048E-002  0.16088235301702267     
   2.5132741228720001E-002   2.1778682675675687     
   2.9562133651285849E-002 -0.43073504718969002     
   3.8019517526813901E-002  0.81775626854254257     
   4.5116083860089251E-002  0.67453332996788173     
   5.5056809371101592E-002  0.28315054845440657     
   6.5848341545415051E-002 -0.56064243286190529     
   7.9166690278415927E-002   1.0453237379696672     
   9.6964567215568481E-002   1.0283630010947533     
  0.11842995645747310       0.24709114426059700     
  0.14416104292042672       0.43421436007142594     
  0.17483851006932644        1.0185950255647405     
  0.21159335649904049       0.54074313960517506     
  0.25709616209838343        1.2149494000494936     
  0.31264156338248622       0.42590146484251024     
  0.37951482899164635       0.75891164283075663     
  0.46065736128088758      -0.38933269783969660     
  0.55924736126635322       -2.2799263906340759     
  0.67897524277408394       -1.8050331481057573     
  0.82441551550693815      -0.19653274531134399     
   1.0009764843865627      -0.29636057175734215     
   1.2153763263333666        2.8617048893734616     
   1.4765846423066622       -1.2347151978830455     
   1.2566370614360001E-002   1.9240463154040912     
   1.7771531752634635E-002   1.8939617763950798     
   2.1765592370812048E-002   1.5375849214302373     
   2.5132741228720001E-002  0.80156510625172439     
   2.9562133651285849E-002  0.87936468936029089     
   3.8019517526813901E-002   1.4687391154592282     
   4.5116083860089251E-002  0.41117701328787487     
   5.5056809371101592E-002   1.1398776242845567     
   6.5848341545415051E-002  0.89970263327183131     
   7.9166690278415927E-002  0.83272216637551622     
   9.6964567215568481E-002  0.90582449553204825     
  0.11842995645747310       0.85001121438010407     
  0.14416104292042672       0.89172091005193488     
  0.17483851006932644       0.79991826570981206     
  0.21159335649904049       0.90837849698688400     
  0.25709616209838343        1.0467206356469982     
  0.31264156338248622        1.0816490636961678     
  0.37951482899164635        1.1460074451072513     
  0.46065736128088758        1.2253326706519312     
  0.55924736126635322        1.4024386449446111     
  0.67897524277408394        1.2725955179549779     
  0.82441551550693815        1.0849946216789008     
   1.0009764843865627       0.60215030437237993     
   1.2153763263333666      -0.16747385590992397     
   1.4765846423066622       -1.4495639340239910     
   1.2566370614360001E-002   1.8323546569670954     
   1.7771531752634635E-002   2.3285378801418140     
   2.1765592370812048E-002  0.94164716342745469     
   2.5132741228720001E-002  0.98809863670364528     
   2.9562133651285849E-002  0.84897305111488941     
   3.8019517526813901E-002   1.4344818648190520     
   4.5116083860089251E-002  0.50484637054478243     
   5.5056809371101592E-002   1.3536178912196419     
   6.5848341545415051E-002  0.92143173912423659     
   7.9166690278415927E-002  0.86688249044470911     
   9.6964567215568481E-002  0.93108319622807467     
  0.11842995645747310       0.85684151558133526     
  0.14416104292042672        1.0539580790255663     
  0.17483851006932644       0.89797866984687280     
  0.21159335649904049       0.95821988112576728     
  0.25709616209838343        1.0036680964788578     
  0.31264156338248622       0.81002110113363357     
  0.37951482899164635        1.0046974665880810     
  0.46065736128088758       0.99456921172058033     
  0.55924736126635322       0.90002814199388503     
  0.67897524277408394       0.92143428370822233     
  0.82441551550693815       0.57440750828999865     
   1.0009764843865627      -0.14095598120005889     
   1.2153763263333666      -0.45140767983846114     
   1.4765846423066622       -1.5825718271030293     
   1.2566370614360001E-002   2.3294227013058997     
   1.7771531752634635E-002   1.7109291015329475     
   2.1765592370812048E-002   1.7308490437943513     
   2.5132741228720001E-002  0.93281467770532223     
   2.9562133651285849E-002  0.88097440698952878     
   3.8019517526813901E-002   1.1437036664221039     
   4.5116083860089251E-002  0.35569979504019478     
   5.5056809371101592E-002   1.1939629586264209     
   6.5848341545415051E-002  0.95831657535229409     
   7.9166690278415927E-002  0.98823716695693931     
   9.6964567215568481E-002  0.76217542180562570     
  0.11842995645747310       0.68205666439457080     
  0.14416104292042672       0.81449049306520727     
  0.17483851006932644       0.78068948387192438     
  0.21159335649904049       0.79090102998915535     
  0.25709616209838343        1.2171217528181182     
  0.31264156338248622        1.1140861945504297     
  0.37951482899164635       0.97404413731665274     
  0.46065736128088758       0.74455113884725643     
  0.55924736126635322       0.63098868190795976     
  0.67897524277408394       0.23472824718806859     
  0.82441551550693815       -7.4476771789348375E-002
   1.0009764843865627      -0.52649252251949963     
   1.2153763263333666      -0.84059767369814586     
   1.4765846423066622       -1.3848143882002315     
   1.2566370614360001E-002  0.65264681093195565     
   1.7771531752634635E-002   1.5144543608831944     
   2.1765592370812048E-002   1.2967568023681300     
   2.5132741228720001E-002  0.93062503381088879     
   2.9562133651285849E-002   1.0788975666418976     
   3.8019517526813901E-002   1.5710707031247875     
   4.5116083860089251E-002  0.40917104703146329     
   5.5056809371101592E-002   1.0906660598802638     
   6.5848341545415051E-002  0.96612251231565460     
   7.9166690278415927E-002  0.74401667374431701     
   9.6964567215568481E-002   1.1394134233564790     
  0.11842995645747310       0.51338250238109351     
  0.14416104292042672       0.94867432568386023     
  0.17483851006932644       0.60993844738196334     
  0.21159335649904049       0.87279495667778961     
  0.25709616209838343        1.1428070682878035     
  0.31264156338248622       0.84216445275963014     
  0.37951482899164635        1.2818619443766981     
  0.46065736128088758       0.59593940167197001     
  0.55924736126635322       0.91639268051176148     
  0.67897524277408394       0.62880473481810839     
  0.82441551550693815       0.75002048032894353     
   1.0009764843865627      -0.39116769501673931     
   1.2153763263333666       -1.1033244475552715     
   1.4765846423066622       -1.0155091491350354     
   1.2566370614360001E-002   2.5269445737576262     
   1.7771531752634635E-002   1.6536821034353575     
   2.1765592370812048E-002  0.67916784494965010     
   2.5132741228720001E-002  0.80456057315794383     
   2.9562133651285849E-002   1.0242697161173928     
   3.8019517526813901E-002   1.3915273654106326     
   4.5116083860089251E-002  0.36430934471732029     
   5.5056809371101592E-002   1.2748580244615380     
   6.5848341545415051E-002  0.90442256388876952     
   7.9166690278415927E-002  0.96897728189790622     
   9.6964567215568481E-002   1.2962130044147591     
  0.11842995645747310       0.77190230101614088     
  0.14416104292042672        1.0407572706344341     
  0.17483851006932644       0.60256287385361862     
  0.21159335649904049        1.0992033408702206     
  0.25709616209838343        1.2363108785735304     
  0.31264156338248622        1.6969843295623523     
  0.37951482899164635       0.90218297115893686     
  0.46065736128088758        1.5324674234967901     
  0.55924736126635322        3.1308736430624241E-002
  0.67897524277408394       -1.2742469240248413     
  0.82441551550693815       -3.0398610503318421E-002
   1.0009764843865627       0.49851089995622083     
   1.2153763263333666        1.2027810553605978     
   1.4765846423066622       -2.3186653399678261     
   1.2566370614360001E-002   1.2582403410414595     
   1.7771531752634635E-002   2.4077713182619771     
   2.1765592370812048E-002   4.6639268949921213     
   2.5132741228720001E-002 -0.55460987359775815     
   2.9562133651285849E-002  0.52643262938248048     
   3.8019517526813901E-002   1.0914235601793194     
   4.5116083860089251E-002  -1.2823716380378867     
   5.5056809371101592E-002  0.82000023056551796     
   6.5848341545415051E-002   1.0560369532406455     
   7.9166690278415927E-002  0.59352836199299663     
   9.6964567215568481E-002  0.61740545334962293     
  0.11842995645747310      -0.34426349789504063     
  0.14416104292042672       0.24640535857745863     
  0.17483851006932644       0.84766654064421276     
  0.21159335649904049       0.50153097935671043     
  0.25709616209838343       0.57066182080346084     
  0.31264156338248622        2.0129755776253320     
  0.37951482899164635      -0.97688413716472344     
  0.46065736128088758       0.14850094180911991     
  0.55924736126635322        1.3283174636946300     
  0.67897524277408394        1.6684038302702107     
  0.82441551550693815       -3.4701518137358685     
   1.0009764843865627       -2.0639430723154897     
   1.2153763263333666       -8.2800136443800678     
   1.4765846423066622       -3.5814017440130681     
   1.2566370614360001E-002 -0.48199325639475643     
   1.7771531752634635E-002  -2.6454741467960257     
   2.1765592370812048E-002   5.8032214763130181     
   2.5132741228720001E-002  0.56931408570500908     
   2.9562133651285849E-002   2.1066245052310371     
   3.8019517526813901E-002   8.4054099805995847E-002
   4.5116083860089251E-002  -6.3470292851806373E-002
   5.5056809371101592E-002   1.3941016890373292     
   6.5848341545415051E-002   1.2947585781407127     
   7.9166690278415927E-002 -0.25762090475202887     
   9.6964567215568481E-002  -3.9485710709077013E-002
  0.11842995645747310        1.4054941764445359     
  0.14416104292042672        1.8240306160019397     
  0.17483851006932644        1.3337476331688867     
  0.21159335649904049        1.2618500076542472     
  0.25709616209838343       0.61040566240983440     
  0.31264156338248622        1.5424657670753694     
  0.37951482899164635        2.9189476000416286     
  0.46065736128088758        2.8089724543330057     
  0.55924736126635322        1.5329657710546618     
  0.67897524277408394        2.9594517662112918     
  0.82441551550693815        1.3782592912481462     
   1.0009764843865627        2.3350024891858929     
   1.2153763263333666       -7.8331342257122811     
   1.4765846423066622       -2.7514992538077148     
   1.2566370614360001E-002  0.50270479491410691     
   1.7771531752634635E-002  -1.1063670835265929     
   2.1765592370812048E-002  -7.5230789403935613E-002
   2.5132741228720001E-002   1.3298153716668484     
   2.9562133651285849E-002   1.3534744192804922     
   3.8019517526813901E-002   1.7496575759731332     
   4.5116083860089251E-002 -0.45662293043901298     
   5.5056809371101592E-002 -0.38046985483399659     
   6.5848341545415051E-002 -0.91357679884784704     
   7.9166690278415927E-002  0.61511500244925155     
   9.6964567215568481E-002 -0.23649016382234267     
  0.11842995645747310       0.55492783874284790     
  0.14416104292042672       0.67029843899897346     
  0.17483851006932644       0.58411877394365286     
  0.21159335649904049       0.16964090559157169     
  0.25709616209838343        1.5397988934140863     
  0.31264156338248622       0.75682451206497048     
  0.37951482899164635      -0.50610711959942356     
  0.46065736128088758       -1.8415240056370976     
  0.55924736126635322       -1.3621943764192221     
  0.67897524277408394      -0.75009570056079555     
  0.82441551550693815      -0.64800034917126315     
   1.0009764843865627        1.8012189874542790     
   1.2153763263333666        2.9553827567788828     
   1.4765846423066622       -2.9530763800427375     
   1.2566370614360001E-002   1.8800634414263482     
   1.7771531752634635E-002 -0.37329080049099456     
   2.1765592370812048E-002   3.0890662017122414     
   2.5132741228720001E-002  0.77268987228982844     
   2.9562133651285849E-002   1.2192554186109661     
   3.8019517526813901E-002   1.3405977623712222     
   4.5116083860089251E-002  0.56809668253853896     
   5.5056809371101592E-002  0.84571090246840164     
   6.5848341545415051E-002   1.0978379352581569     
   7.9166690278415927E-002  0.56007897230292236     
   9.6964567215568481E-002  0.64659593787199010     
  0.11842995645747310       0.89860253599553774     
  0.14416104292042672       0.80559883974555957     
  0.17483851006932644       0.64329550102044686     
  0.21159335649904049       0.63896456128147860     
  0.25709616209838343       0.74627178468633781     
  0.31264156338248622       0.63174458168857017     
  0.37951482899164635        1.0097872031065649     
  0.46065736128088758        1.0581323122079758     
  0.55924736126635322        1.0395245716818056     
  0.67897524277408394       0.98013271642713451     
  0.82441551550693815       0.72846598553626063     
   1.0009764843865627       -5.5928681975999164E-002
   1.2153763263333666      -0.79769584912055325     
   1.4765846423066622       -2.4909486644691876     
   1.2566370614360001E-002   1.4388635934662337     
   1.7771531752634635E-002 -0.56077670312646921     
   2.1765592370812048E-002   2.7894502029200536     
   2.5132741228720001E-002  0.69205075169208941     
   2.9562133651285849E-002   1.4070310113777962     
   3.8019517526813901E-002   1.3151474192985264     
   4.5116083860089251E-002  0.63936149612423976     
   5.5056809371101592E-002  0.82386931363412141     
   6.5848341545415051E-002   1.3660095874261966     
   7.9166690278415927E-002  0.53261926579032137     
   9.6964567215568481E-002  0.85697769660051981     
  0.11842995645747310       0.83353052961599361     
  0.14416104292042672       0.71903014987391134     
  0.17483851006932644       0.57960212773341002     
  0.21159335649904049       0.56361184084655180     
  0.25709616209838343       0.47689737971286722     
  0.31264156338248622       0.52156750234166838     
  0.37951482899164635       0.74021893463617727     
  0.46065736128088758       0.61968988401241021     
  0.55924736126635322       0.63644415836184842     
  0.67897524277408394       0.45293202665861121     
  0.82441551550693815        1.0306043862420868E-002
   1.0009764843865627      -0.52079788357915957     
   1.2153763263333666      -0.83830538420508804     
   1.4765846423066622      -0.98700845025732409     
   1.2566370614360001E-002   1.3844431985043286     
   1.7771531752634635E-002 -0.67062257362489497     
   2.1765592370812048E-002   2.7497244077025149     
   2.5132741228720001E-002   1.0436715504574199     
   2.9562133651285849E-002  0.99643806432526771     
   3.8019517526813901E-002   1.3421814571872863     
   4.5116083860089251E-002  0.71120817717693663     
   5.5056809371101592E-002  0.85131044453788285     
   6.5848341545415051E-002  0.66763117173148667     
   7.9166690278415927E-002  0.61587479933949962     
   9.6964567215568481E-002  0.39792006222427356     
  0.11842995645747310       0.53256116954037780     
  0.14416104292042672       0.51398142201304253     
  0.17483851006932644       0.33832874730232892     
  0.21159335649904049       0.57627808499289068     
  0.25709616209838343       0.55503741421877484     
  0.31264156338248622       0.24257919853213916     
  0.37951482899164635       0.53377265799037710     
  0.46065736128088758       0.44441027451202153     
  0.55924736126635322        8.4303636391849290E-002
  0.67897524277408394        2.3264885983525184E-002
  0.82441551550693815        7.4394198413603951E-002
   1.0009764843865627       0.23229474780798606     
   1.2153763263333666       0.45627982886626367     
   1.4765846423066622       -7.8989383260922669E-002
   1.2566370614360001E-002  -5.1242696646649460E-002
   1.7771531752634635E-002   6.1383513080613038E-002
   2.1765592370812048E-002   3.1378799816356406     
   2.5132741228720001E-002  0.96440116814350541     
   2.9562133651285849E-002   1.0039102563330362     
   3.8019517526813901E-002   2.3135068099649345     
   4.5116083860089251E-002  0.90980351126676551     
   5.5056809371101592E-002  0.89841473909553582     
   6.5848341545415051E-002   1.1743577011700681     
   7.9166690278415927E-002  0.64867928053097745     
   9.6964567215568481E-002  0.55390562249861353     
  0.11842995645747310        1.2364375303378932     
  0.14416104292042672       0.45177319305021030     
  0.17483851006932644       0.36137207638796542     
  0.21159335649904049       0.30371242856206015     
  0.25709616209838343       0.37948171923738633     
  0.31264156338248622      -0.17464624701888948     
  0.37951482899164635       0.53525975552996252     
  0.46065736128088758       0.16751786816209824     
  0.55924736126635322      -0.24485278001474417     
  0.67897524277408394       0.18096317154635994     
  0.82441551550693815      -0.64068269178852810     
   1.0009764843865627       -1.4900889665347026     
   1.2153763263333666      -0.36882071401482686     
   1.4765846423066622       0.53126358805089480     
   1.2566370614360001E-002  -2.7104951041524782E-002
   1.7771531752634635E-002 -0.74552550306385623     
   2.1765592370812048E-002   2.4102220495791098     
   2.5132741228720001E-002   2.0792963768695025     
   2.9562133651285849E-002  0.68930890783220300     
   3.8019517526813901E-002  0.29882669793080291     
   4.5116083860089251E-002  0.25747002000472424     
   5.5056809371101592E-002  0.99072955889731051     
   6.5848341545415051E-002   1.4811116135059166     
   7.9166690278415927E-002   1.2170291442522043     
   9.6964567215568481E-002  0.26652884670827404     
  0.11842995645747310       0.66064314206339059     
  0.14416104292042672       0.45892799234417458     
  0.17483851006932644        1.1063688759026946     
  0.21159335649904049       0.25539939855123500     
  0.25709616209838343        1.4926527704347803     
  0.31264156338248622        3.7442499951043831E-002
  0.37951482899164635      -0.18892882987247842     
  0.46065736128088758       0.98590359567944752     
  0.55924736126635322        1.3715143938402099     
  0.67897524277408394      -0.74759051719094161     
  0.82441551550693815       -7.2708705657124340E-002
   1.0009764843865627       -1.2793922524922332     
   1.2153763263333666       -4.2375660139341242     
   1.4765846423066622       -1.9387886195475226     
   1.2566370614360001E-002 -0.48199325639475643     
   1.7771531752634635E-002  -2.6454741467960257     
   2.1765592370812048E-002   5.8032214763130181     
   2.5132741228720001E-002  0.56931408570500908     
   2.9562133651285849E-002   2.1066245052310371     
   3.8019517526813901E-002   8.4054099805995847E-002
   4.5116083860089251E-002  -6.3470292851806373E-002
   5.5056809371101592E-002   1.3941016890373292     
   6.5848341545415051E-002   1.2947585781407127     
   7.9166690278415927E-002 -0.25762090475202887     
   9.6964567215568481E-002  -3.9485710709077013E-002
  0.11842995645747310        1.4054941764445359     
  0.14416104292042672        1.8240306160019397     
  0.17483851006932644        1.3337476331688867     
  0.21159335649904049        1.2618500076542472     
  0.25709616209838343       0.61040566240983440     
  0.31264156338248622        1.5424657670753694     
  0.37951482899164635        2.9189476000416286     
  0.46065736128088758        2.8089724543330057     
  0.55924736126635322        1.5329657710546618     
  0.67897524277408394        2.9594517662112918     
  0.82441551550693815        1.3782592912481462     
   1.0009764843865627        2.3350024891858929     
   1.2153763263333666       -7.8331342257122811     
   1.4765846423066622       -2.7514992538077148     
   1.2566370614360001E-002  -7.9686460681368892E-002
   1.7771531752634635E-002  -1.5859110022927463     
   2.1765592370812048E-002   2.9990638581605995     
   2.5132741228720001E-002  -1.0278927906137674     
   2.9562133651285849E-002  0.90656560846095058     
   3.8019517526813901E-002  -2.6417299315684335E-002
   4.5116083860089251E-002   2.1198474912923158     
   5.5056809371101592E-002  0.66394061607552923     
   6.5848341545415051E-002  0.74219283147321724     
   7.9166690278415927E-002  0.40650088928694939     
   9.6964567215568481E-002  0.28752448873974817     
  0.11842995645747310       0.64171651920690609     
  0.14416104292042672        1.2291798111758647     
  0.17483851006932644        1.8503682872225591     
  0.21159335649904049       0.98923438047319223     
  0.25709616209838343       -1.0089853528537731     
  0.31264156338248622      -0.50337818362549358     
  0.37951482899164635       -2.0401984561518600     
  0.46065736128088758       -2.1500786198533302     
  0.55924736126635322        1.2218039320850380     
  0.67897524277408394        2.5710499319865767     
  0.82441551550693815       -4.8292911164712669     
   1.0009764843865627        4.6361847455026917     
   1.2153763263333666       -4.1318368427250967     
   1.4765846423066622        14.486548154809247     
   1.2566370614360001E-002   1.8901403469088600     
   1.7771531752634635E-002  -1.7296217672013585     
   2.1765592370812048E-002   4.8403859862292044E-002
   2.5132741228720001E-002   1.5379298452209276     
   2.9562133651285849E-002   1.3064702170071014     
   3.8019517526813901E-002 -0.99565633027130063     
   4.5116083860089251E-002   1.1828828404742346     
   5.5056809371101592E-002  0.37970403795278906     
   6.5848341545415051E-002  0.44456330110541359     
   7.9166690278415927E-002 -0.84929563214187220     
   9.6964567215568481E-002 -0.31016141897251820     
  0.11842995645747310       0.36769870792126202     
  0.14416104292042672       0.59010882682336641     
  0.17483851006932644       0.94889338068844420     
  0.21159335649904049       0.70569711633280452     
  0.25709616209838343       0.86169319501734498     
  0.31264156338248622      -0.11214613821686106     
  0.37951482899164635      -0.85371587922431846     
  0.46065736128088758      -0.54042813119699407     
  0.55924736126635322       -2.0283955103043598     
  0.67897524277408394        1.1459302597219785     
  0.82441551550693815        4.1577819073080562     
   1.0009764843865627       -4.4047714836371687     
   1.2153763263333666       -7.9329085338450706E-002
   1.4765846423066622        3.5714897704081876     
   1.2566370614360001E-002   2.6405482316825126     
   1.7771531752634635E-002  -1.3404861354095834     
   2.1765592370812048E-002  0.29095831368040459     
   2.5132741228720001E-002   5.2607255115800244     
   2.9562133651285849E-002  0.78480710289414368     
   3.8019517526813901E-002  0.79624175472820724     
   4.5116083860089251E-002   1.8118123184594921     
   5.5056809371101592E-002  0.61479592961783758     
   6.5848341545415051E-002  0.17399069197029926     
   7.9166690278415927E-002   1.1426874183378819     
   9.6964567215568481E-002   1.8504379221755485     
  0.11842995645747310       0.81041935370047391     
  0.14416104292042672        1.2461763132931105     
  0.17483851006932644        1.0284279786593284     
  0.21159335649904049       0.71179712631491387     
  0.25709616209838343       0.69945724643546958     
  0.31264156338248622       0.70946575250083821     
  0.37951482899164635        1.2320434780446163     
  0.46065736128088758        1.0817831752118250     
  0.55924736126635322        1.2184162517942514     
  0.67897524277408394        1.1438529554123040     
  0.82441551550693815        7.3917773026801852E-003
   1.0009764843865627      -0.96510717098858090     
   1.2153763263333666       -2.1848273563735821     
   1.4765846423066622       -3.7325056771484402     
   1.2566370614360001E-002   3.4266422151058977     
   1.7771531752634635E-002 -0.79035805778223678     
   2.1765592370812048E-002  0.40272213292683495     
   2.5132741228720001E-002   5.2634416587625497     
   2.9562133651285849E-002  0.59934663956133349     
   3.8019517526813901E-002  0.22761719558963331     
   4.5116083860089251E-002   1.5296418491417669     
   5.5056809371101592E-002  0.54103614709657177     
   6.5848341545415051E-002  0.56234244409334389     
   7.9166690278415927E-002   1.2184080221955622     
   9.6964567215568481E-002   1.6005376318481526     
  0.11842995645747310       0.63733812872668283     
  0.14416104292042672        1.2840817553231629     
  0.17483851006932644       0.95767397827424627     
  0.21159335649904049       0.31876646905539685     
  0.25709616209838343       0.34226097161908470     
  0.31264156338248622       0.35470614919257015     
  0.37951482899164635       0.75766269475788495     
  0.46065736128088758       0.37504000405971039     
  0.55924736126635322       0.75659094618226153     
  0.67897524277408394       0.19119032448006409     
  0.82441551550693815      -0.62164164919333109     
   1.0009764843865627      -0.77267914672977789     
   1.2153763263333666      -0.30551898088180440     
   1.4765846423066622       -2.3282417803389812     
   1.2566370614360001E-002   2.6684503331894613     
   1.7771531752634635E-002  0.44044250031044885     
   2.1765592370812048E-002  0.43597636851227245     
   2.5132741228720001E-002   5.4988797397431526     
   2.9562133651285849E-002  0.93244986008711805     
   3.8019517526813901E-002  0.65647491947185310     
   4.5116083860089251E-002   1.3512913432063884     
   5.5056809371101592E-002  0.62285101862987347     
   6.5848341545415051E-002   7.7192507628235665E-002
   7.9166690278415927E-002   1.2694057259831890     
   9.6964567215568481E-002   1.4094411443678900     
  0.11842995645747310       0.74580612540653723     
  0.14416104292042672        1.1828056588439337     
  0.17483851006932644       0.52027425550325879     
  0.21159335649904049       -2.5115496307193935E-002
  0.25709616209838343       0.44411900291505652     
  0.31264156338248622       0.42778552258606040     
  0.37951482899164635       0.16934629133832724     
  0.46065736128088758      -0.43574713446231073     
  0.55924736126635322        5.8313161109964554E-002
  0.67897524277408394      -0.81787789771336905     
  0.82441551550693815       -5.0930970294582843E-002
   1.0009764843865627        1.6857705778668342E-002
   1.2153763263333666      -0.88900573797982763     
   1.4765846423066622       -3.0989064449551016     
   1.2566370614360001E-002  -3.4086242628716881     
   1.7771531752634635E-002  -4.1279046797357974     
   2.1765592370812048E-002  0.39836199273806938     
   2.5132741228720001E-002   6.7389403849547840     
   2.9562133651285849E-002  0.87143177157357465     
   3.8019517526813901E-002  0.50866156179720490     
   4.5116083860089251E-002   1.5834791591011799     
   5.5056809371101592E-002   1.1458117170830588     
   6.5848341545415051E-002   2.1830458082389179E-002
   7.9166690278415927E-002   1.1578741815090354     
   9.6964567215568481E-002   2.1071214408623580     
  0.11842995645747310       0.86769031573390176     
  0.14416104292042672        1.3344003905554147     
  0.17483851006932644       0.40375867592900633     
  0.21159335649904049        1.6420423134297470     
  0.25709616209838343       0.10288957757071726     
  0.31264156338248622       0.35830343766286737     
  0.37951482899164635        1.3180931890862249     
  0.46065736128088758      -0.34600041898257322     
  0.55924736126635322        2.1119960225896723     
  0.67897524277408394      -0.40776999022326432     
  0.82441551550693815       -1.8888635381463077     
   1.0009764843865627       -3.6639579715228723     
   1.2153763263333666       -9.2261305900135107E-002
   1.4765846423066622        2.1482687602142625     
   1.2566370614360001E-002  -3.1787492476597348     
   1.7771531752634635E-002  -1.8760799163766930     
   2.1765592370812048E-002  0.16088235301702267     
   2.5132741228720001E-002   2.1778682675675687     
   2.9562133651285849E-002 -0.43073504718969002     
   3.8019517526813901E-002  0.81775626854254257     
   4.5116083860089251E-002  0.67453332996788173     
   5.5056809371101592E-002  0.28315054845440657     
   6.5848341545415051E-002 -0.56064243286190529     
   7.9166690278415927E-002   1.0453237379696672     
   9.6964567215568481E-002   1.0283630010947533     
  0.11842995645747310       0.24709114426059700     
  0.14416104292042672       0.43421436007142594     
  0.17483851006932644        1.0185950255647405     
  0.21159335649904049       0.54074313960517506     
  0.25709616209838343        1.2149494000494936     
  0.31264156338248622       0.42590146484251024     
  0.37951482899164635       0.75891164283075663     
  0.46065736128088758      -0.38933269783969660     
  0.55924736126635322       -2.2799263906340759     
  0.67897524277408394       -1.8050331481057573     
  0.82441551550693815      -0.19653274531134399     
   1.0009764843865627      -0.29636057175734215     
   1.2153763263333666        2.8617048893734616     
   1.4765846423066622       -1.2347151978830455     
   1.2566370614360001E-002  0.50270479491410691     
   1.7771531752634635E-002  -1.1063670835265929     
   2.1765592370812048E-002  -7.5230789403935613E-002
   2.5132741228720001E-002   1.3298153716668484     
   2.9562133651285849E-002   1.3534744192804922     
   3.8019517526813901E-002   1.7496575759731332     
   4.5116083860089251E-002 -0.45662293043901298     
   5.5056809371101592E-002 -0.38046985483399659     
   6.5848341545415051E-002 -0.91357679884784704     
   7.9166690278415927E-002  0.61511500244925155     
   9.6964567215568481E-002 -0.23649016382234267     
  0.11842995645747310       0.55492783874284790     
  0.14416104292042672       0.67029843899897346     
  0.17483851006932644       0.58411877394365286     
  0.21159335649904049       0.16964090559157169     
  0.25709616209838343        1.5397988934140863     
  0.31264156338248622       0.75682451206497048     
  0.37951482899164635      -0.50610711959942356     
  0.46065736128088758       -1.8415240056370976     
  0.55924736126635322       -1.3621943764192221     
  0.67897524277408394      -0.75009570056079555     
  0.82441551550693815      -0.64800034917126315     
   1.0009764843865627        1.8012189874542790     
   1.2153763263333666        2.9553827567788828     
   1.4765846423066622       -2.9530763800427375     
   1.2566370614360001E-002   1.8901403469088600     
   1.7771531752634635E-002  -1.7296217672013585     
   2.1765592370812048E-002   4.8403859862292044E-002
   2.5132741228720001E-002   1.5379298452209276     
   2.9562133651285849E-002   1.3064702170071014     
   3.8019517526813901E-002 -0.99565633027130063     
   4.5116083860089251E-002   1.1828828404742346     
   5.5056809371101592E-002  0.37970403795278906     
   6.5848341545415051E-002  0.44456330110541359     
   7.9166690278415927E-002 -0.84929563214187220     
   9.6964567215568481E-002 -0.31016141897251820     
  0.11842995645747310       0.36769870792126202     
  0.14416104292042672       0.59010882682336641     
  0.17483851006932644       0.94889338068844420     
  0.21159335649904049       0.70569711633280452     
  0.25709616209838343       0.86169319501734498     
  0.31264156338248622      -0.11214613821686106     
  0.37951482899164635      -0.85371587922431846     
  0.46065736128088758      -0.54042813119699407     
  0.55924736126635322       -2.0283955103043598     
  0.67897524277408394        1.1459302597219785     
  0.82441551550693815        4.1577819073080562     
   1.0009764843865627       -4.4047714836371687     
   1.2153763263333666       -7.9329085338450706E-002
   1.4765846423066622        3.5714897704081876     
   1.2566370614360001E-002  0.61543953616663472     
   1.7771531752634635E-002 -0.76237406061353497     
   2.1765592370812048E-002  -2.1409982318913121     
   2.5132741228720001E-002   1.2914760251533124     
   2.9562133651285849E-002 -0.44891154793740473     
   3.8019517526813901E-002  -1.2912895419884811     
   4.5116083860089251E-002   2.2486784017731480     
   5.5056809371101592E-002  0.15711262644796489     
   6.5848341545415051E-002 -0.53792944625369454     
   7.9166690278415927E-002 -0.12445529081856982     
   9.6964567215568481E-002  -1.3272658002004034E-002
  0.11842995645747310       0.16039296813336248     
  0.14416104292042672       -1.7123063399596861     
  0.17483851006932644       0.78617190617764510     
  0.21159335649904049       0.92316944430763215     
  0.25709616209838343      -0.31580419566651213     
  0.31264156338248622       -1.4519804017186839     
  0.37951482899164635        2.3643980257114858     
  0.46065736128088758       -1.8280646534797114     
  0.55924736126635322        1.8547163958510695     
  0.67897524277408394       -2.3469673631570953     
  0.82441551550693815        6.1186004827344730E-002
   1.0009764843865627       -5.2794517210999432E-002
   1.2153763263333666       0.99378902831686722     
   1.4765846423066622        13.386392190921832     
