   455308184216.96210        1.0262780422988856E-013   1.6623760476631079E-014
   503431722320.36792        9.1910210144631648E-014   1.3693952859208886E-014
   556641650257.88843        7.8963232213939580E-014   1.1277098837103350E-014
   615475571093.72388        5.8614809705735515E-014   9.2842879119364520E-015
   680527909540.44580        5.0001521433795785E-014   7.6410839922386673E-015
   752455917690.62463        3.7591792782920315E-014   6.2867051581268411E-015
   831986315520.81787        3.5310838074093695E-014   5.1704197938530508E-015
   919922633259.83630        2.6458187736310576E-014   4.2507838587166686E-015
   1017153329804.4224        2.3811730691775525E-014   3.4933940104083150E-015
   1124660769206.2258        1.9237439631141132E-014   2.8696558966876181E-015
   1243531145923.4409        1.5397659005166112E-014   2.3562958236795368E-015
   1374965459116.2439        1.3085932615867373E-014   1.9338064729794196E-015
   1520291646864.0950        1.0922026395133857E-014   1.5863096539671288E-015
   1680978002902.2117        8.5634340421951164E-015   1.3005240846965033E-015
   1858648011432.3140        7.3738016360804449E-015   1.0656496654389878E-015
   2055096749890.2207        5.7049581588911975E-015   8.7264625136666383E-016
   2272309025394.5869        4.7983594457565320E-015   7.1414385400292567E-016
   2512479428117.1997        3.9477636314536263E-015   5.8404951924226940E-016
   2778034504182.7896        3.2411809970375344E-015   4.7729899634821917E-016
   3071657272120.8115        2.6875834285507867E-015   3.8977148788496077E-016
   3396314330569.5435        2.1504970137452819E-015   3.1802590440995059E-016
   3755285831113.4990        1.7417634070887403E-015   2.5927315491694053E-016
   4152198619082.7471        1.4385601697429087E-015   2.1117524484482002E-016
   4591062877150.0273        1.1659147349048998E-015   1.7184387630635925E-016
   5076312641951.9277        9.4598360138066197E-016   1.3969343313313950E-016
   5612850603091.1680        7.7603542966206157E-016   1.1343622754972734E-016
   6206097637143.7676        6.2915194320459461E-016   9.2011152199074320E-017
   6862047577134.8047        5.0964957464326367E-016   7.4539423948963655E-017
   7587327770842.6162        4.1200730616348080E-016   6.0309430787564700E-017
   8389266039778.2578        3.3532949959691876E-016   4.8727257257504847E-017
   9275964715355.9961        2.6729832776386291E-016   3.9314545947181769E-017
   10256382500274.547        2.1557256392438264E-016   3.1670691483599066E-017
   11340424982190.203        1.7401642299643292E-016   2.5472488320079644E-017
   12539044714180.770        1.3943812153842519E-016   2.0451348186627551E-017
   13864351873156.953        1.1081618412093916E-016   1.6390050389475288E-017
   15329736614251.266        8.9320304592194444E-017   1.3110124346089925E-017
   16950004357384.064        7.0996580484371869E-017   1.0464393954777604E-017
   18741525372865.723        5.7627577983412968E-017   8.3349001412486869E-018
   20722400177363.582        4.5797035424154384E-017   6.6232272211084945E-018
   22912642411301.066        3.5653069087395920E-017   5.2504000911352232E-018
   25334381045378.711        2.7925313831967404E-017   4.1511373705643648E-018
   28012083959197.953        2.2519777915320787E-017   3.2730560829749325E-018
   30972805150899.453        1.7319478491406655E-017   2.5730142394690810E-018
   34246458075482.980        1.3439805557028574E-017   2.0164454191048310E-018
   37866117873464.703        1.0612312811382559E-017   1.5749558030441645E-018
   41868355543419.266        8.2139833361731474E-018   1.2258046475839117E-018
   46293607434697.734        6.4539960964744995E-018   9.5052680126224940E-019
   51186583793467.156        4.8761309822469597E-018   7.3409542289895205E-019
   56596720489789.625        3.7097016161775474E-018   5.6457901357337523E-019
   62578678489737.062        2.9175780339063431E-018   4.3223254721472973E-019
   69192896118925.578        2.2360947736828388E-018   3.2934596974445571E-019
   76506199697227.750        1.6509569608088332E-018   2.4966128323503013E-019
   84592478714171.516        1.2635711938629489E-018   1.8823801274973678E-019
   93533432366617.016        9.5132823456379897E-019   1.4110077530844241E-019
   103419395001306.55        7.2263510281019102E-019   1.0511504836827364E-019
   114350248802091.66        5.2479499760644322E-019   7.7799020181131429E-020
   126436432943115.47        3.8839030792333434E-019   5.7176864638272632E-020
   139800059403863.05        2.8351591414486593E-019   4.1711877362236884E-020
   154576146719645.50        2.0698507485309525E-019   3.0187351610891467E-020
   170913984132635.69        1.2805913101778746E-019   2.1663833599071342E-020
   188978639926067.34        9.3917732498884916E-020   1.5406103434449092E-020
   208952629180955.53        7.6560308010191584E-020   1.0851370211086002E-020
   231037757805406.66        4.6161221443029036E-020   7.5644627373572486E-021
   255457161467555.31        3.0844132996653143E-020   5.2154565723707101E-021
   282457560032351.88        2.1978439524293948E-020   3.5540821321346008E-021
   312311750279752.94        1.7838780859242612E-020   2.3915427366902919E-021
   345321362089338.19        8.7582150763379024E-021   1.5879162690545227E-021
   381819905938283.00        8.5463513871607956E-021   1.0392295585271872E-021
   422176142502886.50        4.1474814103998983E-021   6.6982569718457954E-022
   466797808408205.12        2.5575133261987611E-021   4.2466716028874020E-022
   516135735768663.31        1.2336203138413183E-021   2.6456116078431845E-022
   570688407141152.38        8.3677299255113856E-022   1.6173228672968784E-022
   631006991911294.25        8.8291587009701734E-022   9.6897488758528826E-023
   697700914997662.00        3.4222159953691872E-022   5.6816697958455953E-023
   771444014137016.88        1.0316943236897219E-022   3.2549574974897560E-023
   852981347960290.50        0.0000000000000000        1.8190128797119319E-023
   943136723644249.75        8.4388020366152533E-023   9.8967787168004096E-024
   1042821020194007.4        7.6321285725665997E-023   5.2329427828460128E-024
   1153041391450117.2        0.0000000000000000        2.6828709139786353E-024
   1274911441802237.8        0.0000000000000000        1.3308664741271619E-024
   1409662477419032.8        0.0000000000000000        6.3710055369765501E-025
   1558655946670379.0        0.0000000000000000        2.9354964522606324E-025
   1723397195432886.2        0.0000000000000000        1.2982706089543464E-025
   1905550676254563.8        0.0000000000000000        5.4930466385731887E-026
   2106956765043448.2        0.0000000000000000        2.2163220117528042E-026
   2329650355186525.0        0.0000000000000000        8.4945349460559369E-027
   2575881416963383.0        0.0000000000000000        3.0807684806096970E-027
   2848137729975369.0        0.0000000000000000        1.0525313791563414E-027
   3149170018265853.5        0.0000000000000000        3.3721606938400585E-028
   3482019742082599.5        0.0000000000000000        1.0078123003363950E-028
   3850049827074603.0        0.0000000000000000        2.7943961893459163E-029
   4256978641393801.0        0.0000000000000000        7.1458335921883223E-030
   4706917563987135.0        0.0000000000000000        1.6739112818115952E-030
   5204412523647679.0        0.0000000000000000        3.5671059415573625E-031
   5754489928512107.0        0.0000000000000000        6.8599817278900824E-032
   6362707450050128.0        0.0000000000000000        1.1807815532096161E-032
   7035210174638544.0        0.0000000000000000        1.8019166953352136E-033
   7778792690043883.0        0.0000000000000000        2.4140002648308838E-034
   8600967734100285.0        0.0000000000000000        2.8073148463955889E-035
   9510042099170130.0        0.0000000000000000        2.8003604366068195E-036
