   1.2566370614360001E-002   1.2750355574674088     
   1.7771531752634635E-002   1.1866733752436700     
   2.1765592370812048E-002  0.95326819162151721     
   2.5132741228720001E-002  0.83126383245921776     
   2.9562133651285849E-002  0.94463056006616397     
   3.8019517526813901E-002  0.96451491931002942     
   4.5116083860089251E-002   1.0545074203558569     
   5.5056809371101592E-002  0.96476145865082297     
   6.5848341545415051E-002   1.0500727708448594     
   7.9166690278415927E-002  0.98777272254488035     
   9.6964567215568481E-002   1.0764000917919478     
  0.11842995645747310        1.0301476461709789     
  0.14416104292042672        1.0708706523491729     
  0.17483851006932644        1.0750012013383745     
  0.21159335649904049        1.1390952164358568     
  0.25709616209838343        1.1463221375998924     
  0.31264156338248622        1.2380199772745761     
  0.37951482899164635        1.3422079108961522     
  0.46065736128088758        1.4780503617214003     
  0.55924736126635322        1.6365452592388152     
  0.67897524277408394        1.8269536988162736     
  0.82441551550693815        2.0409141608871701     
   1.0009764843865627        2.2941275811094028     
   1.2153763263333666        2.5714438563414359     
   1.4765846423066622        2.8765800238792902     
   1.2566370614360001E-002   1.2233831071480037     
   1.7771531752634635E-002   1.1980098150910232     
   2.1765592370812048E-002  0.80763306523573086     
   2.5132741228720001E-002  0.91772977056329264     
   2.9562133651285849E-002   1.0026697763672927     
   3.8019517526813901E-002  0.97539765449952298     
   4.5116083860089251E-002   1.0990929113480838     
   5.5056809371101592E-002  0.98212604543400739     
   6.5848341545415051E-002   1.0355398622619054     
   7.9166690278415927E-002   1.0035912001416882     
   9.6964567215568481E-002   1.1065326110506699     
  0.11842995645747310        1.0535427226401730     
  0.14416104292042672        1.0838606470010268     
  0.17483851006932644        1.1116992066291735     
  0.21159335649904049        1.1467605980016145     
  0.25709616209838343        1.1790312240538701     
  0.31264156338248622        1.2705272057607619     
  0.37951482899164635        1.3921829296899191     
  0.46065736128088758        1.5122620625529670     
  0.55924736126635322        1.6983389870558696     
  0.67897524277408394        1.9019619227535844     
  0.82441551550693815        2.1251435624344288     
   1.0009764843865627        2.3267625399738079     
   1.2153763263333666        2.5573912740511626     
   1.4765846423066622        2.7631371239155920     
   1.2566370614360001E-002   1.2348743052714937     
   1.7771531752634635E-002  0.97193627824931317     
   2.1765592370812048E-002  0.90071142678435212     
   2.5132741228720001E-002   1.1041460754968717     
   2.9562133651285849E-002   1.0900668192252212     
   3.8019517526813901E-002  0.93499148511653518     
   4.5116083860089251E-002   1.0849690593537533     
   5.5056809371101592E-002  0.95807261370394281     
   6.5848341545415051E-002   1.0217475898523289     
   7.9166690278415927E-002  0.98831804958056624     
   9.6964567215568481E-002   1.1058845302875959     
  0.11842995645747310        1.0209845523134793     
  0.14416104292042672        1.0875425256984286     
  0.17483851006932644        1.1054804323432694     
  0.21159335649904049        1.1363251202988258     
  0.25709616209838343        1.2087301973017093     
  0.31264156338248622        1.3215530868378791     
  0.37951482899164635        1.4049321689799865     
  0.46065736128088758        1.5436375820833075     
  0.55924736126635322        1.7428676098627072     
  0.67897524277408394        1.9346509744618257     
  0.82441551550693815        2.1435691254561284     
   1.0009764843865627        2.3482957899748280     
   1.2153763263333666        2.5335077410407183     
   1.4765846423066622        2.5476456911769061     
   1.2566370614360001E-002  0.58510948628130055     
   1.7771531752634635E-002   1.3011932190346069     
   2.1765592370812048E-002   1.1314611299354804     
   2.5132741228720001E-002   1.1611728794462595     
   2.9562133651285849E-002  0.98727526173886304     
   3.8019517526813901E-002  0.93883022981513431     
   4.5116083860089251E-002   1.0597420727499902     
   5.5056809371101592E-002  0.95854633461848071     
   6.5848341545415051E-002   1.0959907092162260     
   7.9166690278415927E-002   1.0272268034011041     
   9.6964567215568481E-002   1.0851137836321789     
  0.11842995645747310       0.94271265140121041     
  0.14416104292042672        1.0639335239656988     
  0.17483851006932644        1.0570341010756188     
  0.21159335649904049        1.1010872339708686     
  0.25709616209838343        1.1849881745886908     
  0.31264156338248622        1.3102210880657696     
  0.37951482899164635        1.4268697841890783     
  0.46065736128088758        1.5839124146773746     
  0.55924736126635322        1.7915903379279661     
  0.67897524277408394        2.0131977746570984     
  0.82441551550693815        2.1575227441247171     
   1.0009764843865627        2.2325326567403563     
   1.2153763263333666        2.1385259861382715     
   1.4765846423066622        1.6441128937427369     
   1.2566370614360001E-002  0.19478459722411812     
   1.7771531752634635E-002   1.3301129838521575     
   2.1765592370812048E-002   1.1805526992049118     
   2.5132741228720001E-002   1.0328139719033156     
   2.9562133651285849E-002  0.85964706067966223     
   3.8019517526813901E-002   1.0002110792480019     
   4.5116083860089251E-002   1.0332404147610537     
   5.5056809371101592E-002  0.98502680905548123     
   6.5848341545415051E-002   1.1376278897221195     
   7.9166690278415927E-002   1.0210309696766913     
   9.6964567215568481E-002   1.1310278651742778     
  0.11842995645747310       0.91605984925024486     
  0.14416104292042672        1.1291726631988124     
  0.17483851006932644        1.1575736280185205     
  0.21159335649904049        1.1547647044106788     
  0.25709616209838343        1.2707645239180922     
  0.31264156338248622        1.3056186672097871     
  0.37951482899164635        1.5650001690451443     
  0.46065736128088758        1.6559797859546503     
  0.55924736126635322        1.8505447415499969     
  0.67897524277408394        2.0191329829224038     
  0.82441551550693815        2.1231345642012367     
   1.0009764843865627        1.7463309482900391     
   1.2153763263333666        1.2024608929774196     
   1.4765846423066622      -0.14340676697384910     
   1.2566370614360001E-002   3.0760076775152161     
   1.7771531752634635E-002   1.3049116028667807     
   2.1765592370812048E-002   1.3380159995402605     
   2.5132741228720001E-002  0.70418036744886403     
   2.9562133651285849E-002  0.91363459745454767     
   3.8019517526813901E-002   1.6918941620400365     
   4.5116083860089251E-002  0.37755132060172741     
   5.5056809371101592E-002   1.1985836956721294     
   6.5848341545415051E-002  0.72299791137645653     
   7.9166690278415927E-002  0.96979077961896409     
   9.6964567215568481E-002  0.85777698644160039     
  0.11842995645747310       0.91734214608083064     
  0.14416104292042672       0.85150218013505397     
  0.17483851006932644       0.80279423827156671     
  0.21159335649904049       0.94795445606176365     
  0.25709616209838343        1.0502190577945494     
  0.31264156338248622        1.2017520056771616     
  0.37951482899164635        1.2011404604036495     
  0.46065736128088758        1.3080196770441235     
  0.55924736126635322        1.5291477493167285     
  0.67897524277408394        1.6227162398077561     
  0.82441551550693815        1.2744666739690549     
   1.0009764843865627       0.82761284082400310     
   1.2153763263333666      -0.13121867811304469     
   1.4765846423066622       -2.0281965350001125     
   1.2566370614360001E-002   4.0668695301857163     
   1.7771531752634635E-002   1.0949723984291047     
   2.1765592370812048E-002   3.0210445182680861     
   2.5132741228720001E-002 -0.10004771306226155     
   2.9562133651285849E-002  0.94930213698813615     
   3.8019517526813901E-002  0.81763389029579148     
   4.5116083860089251E-002  0.68162406142010745     
   5.5056809371101592E-002  0.67539291496598275     
   6.5848341545415051E-002   1.3776503778057430     
   7.9166690278415927E-002  0.68140816316909802     
   9.6964567215568481E-002   1.0158354514118297     
  0.11842995645747310       0.98286969239529709     
  0.14416104292042672       0.84037444142765727     
  0.17483851006932644       0.67069493951411485     
  0.21159335649904049       0.79680645217580603     
  0.25709616209838343       0.92116685684011401     
  0.31264156338248622       0.76752964376124888     
  0.37951482899164635        1.2653985237423779     
  0.46065736128088758        1.3083678725371213     
  0.55924736126635322        1.1794897547619299     
  0.67897524277408394        1.1131601018649149     
  0.82441551550693815       0.88964786079314928     
   1.0009764843865627      -0.27514669883242593     
   1.2153763263333666       -1.2463641860543999     
   1.4765846423066622       -2.9395177744090679     
   1.2566370614360001E-002  -2.9218860009054808     
   1.7771531752634635E-002  -1.8626780691974907     
   2.1765592370812048E-002 -0.31478872817713049     
   2.5132741228720001E-002   3.5461708095918341     
   2.9562133651285849E-002 -0.38963511551631047     
   3.8019517526813901E-002 -0.27252018889220930     
   4.5116083860089251E-002   1.4451043479583610     
   5.5056809371101592E-002  0.40614887926687487     
   6.5848341545415051E-002  0.66245077851547163     
   7.9166690278415927E-002   1.1807129372838356     
   9.6964567215568481E-002   1.2306161050632909     
  0.11842995645747310       0.65965864785627393     
  0.14416104292042672       0.93492169209336984     
  0.17483851006932644       0.85200999001599542     
  0.21159335649904049       0.65966037731799609     
  0.25709616209838343       0.61820546668827381     
  0.31264156338248622       0.57655767768312460     
  0.37951482899164635       0.92194913499600673     
  0.46065736128088758       0.75081099529973905     
  0.55924736126635322       0.77117253716852774     
  0.67897524277408394       0.72887085838788113     
  0.82441551550693815        4.3018514648991542E-002
   1.0009764843865627      -0.75506746635652111     
   1.2153763263333666       -1.8491229458681337     
   1.4765846423066622       -3.0388133740343877     
   1.2566370614360001E-002   1.2233831071480037     
   1.7771531752634635E-002   1.1980098150910232     
   2.1765592370812048E-002  0.80763306523573086     
   2.5132741228720001E-002  0.91772977056329264     
   2.9562133651285849E-002   1.0026697763672927     
   3.8019517526813901E-002  0.97539765449952298     
   4.5116083860089251E-002   1.0990929113480838     
   5.5056809371101592E-002  0.98212604543400739     
   6.5848341545415051E-002   1.0355398622619054     
   7.9166690278415927E-002   1.0035912001416882     
   9.6964567215568481E-002   1.1065326110506699     
  0.11842995645747310        1.0535427226401730     
  0.14416104292042672        1.0838606470010268     
  0.17483851006932644        1.1116992066291735     
  0.21159335649904049        1.1467605980016145     
  0.25709616209838343        1.1790312240538701     
  0.31264156338248622        1.2705272057607619     
  0.37951482899164635        1.3921829296899191     
  0.46065736128088758        1.5122620625529670     
  0.55924736126635322        1.6983389870558696     
  0.67897524277408394        1.9019619227535844     
  0.82441551550693815        2.1251435624344288     
   1.0009764843865627        2.3267625399738079     
   1.2153763263333666        2.5573912740511626     
   1.4765846423066622        2.7631371239155920     
   1.2566370614360001E-002   1.1999998562879899     
   1.7771531752634635E-002   1.1988986459665840     
   2.1765592370812048E-002  0.67570245779138793     
   2.5132741228720001E-002   1.0138309648581201     
   2.9562133651285849E-002   1.0545129269792999     
   3.8019517526813901E-002   1.0036072969970919     
   4.5116083860089251E-002   1.1850020422965730     
   5.5056809371101592E-002   1.0037393252184250     
   6.5848341545415051E-002   1.0229596158610725     
   7.9166690278415927E-002   1.0198174948573271     
   9.6964567215568481E-002   1.1489779409011096     
  0.11842995645747310        1.1013993972707288     
  0.14416104292042672        1.1219841324042648     
  0.17483851006932644        1.1821511901389674     
  0.21159335649904049        1.2317115306727768     
  0.25709616209838343        1.2864924457746423     
  0.31264156338248622        1.3705840205826303     
  0.37951482899164635        1.4954027826064216     
  0.46065736128088758        1.6076578044413994     
  0.55924736126635322        1.8125590952999571     
  0.67897524277408394        1.9504065860910402     
  0.82441551550693815        2.0429553153586109     
   1.0009764843865627        2.1435172861260194     
   1.2153763263333666        2.1953548012247062     
   1.4765846423066622        2.3718598244424367     
   1.2566370614360001E-002   1.2109582379351098     
   1.7771531752634635E-002   1.0022752725230606     
   2.1765592370812048E-002  0.71659882761871252     
   2.5132741228720001E-002   1.1926385527159262     
   2.9562133651285849E-002   1.1566462554148431     
   3.8019517526813901E-002  0.96928684742775018     
   4.5116083860089251E-002   1.2129951342344865     
   5.5056809371101592E-002  0.97599637049227461     
   6.5848341545415051E-002   1.0169772963245136     
   7.9166690278415927E-002   1.0316096006393756     
   9.6964567215568481E-002   1.1319442009862379     
  0.11842995645747310        1.0244456469679317     
  0.14416104292042672        1.1310686099030101     
  0.17483851006932644        1.1574932824291304     
  0.21159335649904049        1.1598503317905688     
  0.25709616209838343        1.2603806096663379     
  0.31264156338248622        1.3319993107934174     
  0.37951482899164635        1.4210580402085504     
  0.46065736128088758        1.5405755694997298     
  0.55924736126635322        1.6549659972526638     
  0.67897524277408394        1.7590230632368360     
  0.82441551550693815        1.8120086801472719     
   1.0009764843865627        1.7335018590429405     
   1.2153763263333666        1.6175097784653909     
   1.4765846423066622        1.3612805331892956     
   1.2566370614360001E-002  0.33146522052110189     
   1.7771531752634635E-002   1.1964943855998218     
   2.1765592370812048E-002  0.98028014932233587     
   2.5132741228720001E-002   1.2058007586337796     
   2.9562133651285849E-002   1.0765282977517536     
   3.8019517526813901E-002  0.87192889942232510     
   4.5116083860089251E-002   1.1668441112956167     
   5.5056809371101592E-002  0.99191534028266648     
   6.5848341545415051E-002   1.0522912607882569     
   7.9166690278415927E-002   1.0506271861138372     
   9.6964567215568481E-002   1.0879852860267358     
  0.11842995645747310       0.93764603471185892     
  0.14416104292042672        1.0378136556527024     
  0.17483851006932644        1.0581356246781892     
  0.21159335649904049        1.0707009233699794     
  0.25709616209838343        1.0857203143666760     
  0.31264156338248622        1.1260623672254586     
  0.37951482899164635        1.2999113859901597     
  0.46065736128088758        1.3368212762341454     
  0.55924736126635322        1.3465035947578212     
  0.67897524277408394        1.3738941544962484     
  0.82441551550693815        1.3451506803279334     
   1.0009764843865627        1.1163050065432047     
   1.2153763263333666       0.86595378123207001     
   1.4765846423066622       0.18432355088317559     
   1.2566370614360001E-002  -7.5747109429940243E-002
   1.7771531752634635E-002   1.1567545454912034     
   2.1765592370812048E-002   1.0161254331155465     
   2.5132741228720001E-002   1.0535531680461430     
   2.9562133651285849E-002  0.85297541039250224     
   3.8019517526813901E-002   1.0258954249494669     
   4.5116083860089251E-002  0.95849156328631546     
   5.5056809371101592E-002  0.94318770860703915     
   6.5848341545415051E-002   1.0464571962630342     
   7.9166690278415927E-002   1.0220856869317869     
   9.6964567215568481E-002   1.1307430498213824     
  0.11842995645747310       0.94271336695808017     
  0.14416104292042672        1.0235604482019176     
  0.17483851006932644        1.0961402107818941     
  0.21159335649904049        1.0193212523109354     
  0.25709616209838343        1.0073303993948908     
  0.31264156338248622        1.0784558555418018     
  0.37951482899164635        1.1115986455444213     
  0.46065736128088758        1.1515313573673807     
  0.55924736126635322        1.1429474404322961     
  0.67897524277408394        1.1357948478090438     
  0.82441551550693815       0.93595226473092819     
   1.0009764843865627       0.44012972845605808     
   1.2153763263333666       0.14122167864357690     
   1.4765846423066622      -0.94721484441649140     
   1.2566370614360001E-002   3.0663127235713987     
   1.7771531752634635E-002   1.1574164113683723     
   2.1765592370812048E-002  0.86624985703357316     
   2.5132741228720001E-002  0.73949019648374159     
   2.9562133651285849E-002  0.95866805270926647     
   3.8019517526813901E-002   1.7438657954857373     
   4.5116083860089251E-002  0.33300989134991837     
   5.5056809371101592E-002   1.3929371678876465     
   6.5848341545415051E-002  0.77513269856792510     
   7.9166690278415927E-002  0.90951775014015745     
   9.6964567215568481E-002  0.81701063678990382     
  0.11842995645747310       0.87418140342774231     
  0.14416104292042672       0.78871253454205514     
  0.17483851006932644       0.72196621347956325     
  0.21159335649904049       0.88997068596672646     
  0.25709616209838343       0.85306775479405550     
  0.31264156338248622       0.95305773161709773     
  0.37951482899164635       0.93705094589265414     
  0.46065736128088758       0.73560068694481640     
  0.55924736126635322       0.96969239082480441     
  0.67897524277408394       0.93127928273134841     
  0.82441551550693815       0.72259492094069844     
   1.0009764843865627       -2.3104825131443695E-002
   1.2153763263333666      -0.27504826844681018     
   1.4765846423066622       -1.2712780346494630     
   1.2566370614360001E-002   3.6797610686961124     
   1.7771531752634635E-002   1.1938238943396817     
   2.1765592370812048E-002   2.4070649665597874     
   2.5132741228720001E-002 -0.41860799633669454     
   2.9562133651285849E-002   1.0497134208749193     
   3.8019517526813901E-002  0.83468987229058222     
   4.5116083860089251E-002  0.53101539028544820     
   5.5056809371101592E-002  0.74835028256025271     
   6.5848341545415051E-002   1.3792258200115475     
   7.9166690278415927E-002  0.65895040542861572     
   9.6964567215568481E-002   1.1315845121363166     
  0.11842995645747310       0.81024713046917729     
  0.14416104292042672       0.82602735509831160     
  0.17483851006932644       0.53881107670373207     
  0.21159335649904049       0.56038818284830327     
  0.25709616209838343       0.74270698963453108     
  0.31264156338248622       0.36217684312516074     
  0.37951482899164635        1.1033048016596951     
  0.46065736128088758       0.96877323986411756     
  0.55924736126635322       0.51800574597697568     
  0.67897524277408394       0.55469255042883103     
  0.82441551550693815       0.15492040167008750     
   1.0009764843865627      -0.43677021220335294     
   1.2153763263333666       -1.4369883360195101     
   1.4765846423066622       -1.4494122982012270     
   1.2566370614360001E-002  -2.0421979629460698     
   1.7771531752634635E-002 -0.73245307692864237     
   2.1765592370812048E-002  0.33197259293458675     
   2.5132741228720001E-002   3.6410784709114186     
   2.9562133651285849E-002 -0.36306788383241423     
   3.8019517526813901E-002  -9.3958768763387671E-002
   4.5116083860089251E-002   1.3399318500083746     
   5.5056809371101592E-002  0.34451098746859032     
   6.5848341545415051E-002  0.86102659639289247     
   7.9166690278415927E-002   1.3098289103774936     
   9.6964567215568481E-002   1.0422520872543943     
  0.11842995645747310       0.55980833539463704     
  0.14416104292042672       0.89723391632072158     
  0.17483851006932644       0.67313697847733922     
  0.21159335649904049       0.51038987834648231     
  0.25709616209838343       0.30960796157852227     
  0.31264156338248622       -2.6078732780125884E-002
  0.37951482899164635       0.43174875640243848     
  0.46065736128088758       -5.5328402840142094E-002
  0.55924736126635322       0.20132737492459626     
  0.67897524277408394       0.26365075644190306     
  0.82441551550693815      -0.96870921134617305     
   1.0009764843865627      -0.44112297326108540     
   1.2153763263333666       -1.2742933546514976     
   1.4765846423066622       -1.4244344568851297     
   1.2566370614360001E-002   1.2348743052714937     
   1.7771531752634635E-002  0.97193627824931317     
   2.1765592370812048E-002  0.90071142678435212     
   2.5132741228720001E-002   1.1041460754968717     
   2.9562133651285849E-002   1.0900668192252212     
   3.8019517526813901E-002  0.93499148511653518     
   4.5116083860089251E-002   1.0849690593537533     
   5.5056809371101592E-002  0.95807261370394281     
   6.5848341545415051E-002   1.0217475898523289     
   7.9166690278415927E-002  0.98831804958056624     
   9.6964567215568481E-002   1.1058845302875959     
  0.11842995645747310        1.0209845523134793     
  0.14416104292042672        1.0875425256984286     
  0.17483851006932644        1.1054804323432694     
  0.21159335649904049        1.1363251202988258     
  0.25709616209838343        1.2087301973017093     
  0.31264156338248622        1.3215530868378791     
  0.37951482899164635        1.4049321689799865     
  0.46065736128088758        1.5436375820833075     
  0.55924736126635322        1.7428676098627072     
  0.67897524277408394        1.9346509744618257     
  0.82441551550693815        2.1435691254561284     
   1.0009764843865627        2.3482957899748280     
   1.2153763263333666        2.5335077410407183     
   1.4765846423066622        2.5476456911769061     
   1.2566370614360001E-002   1.2109582379351098     
   1.7771531752634635E-002   1.0022752725230606     
   2.1765592370812048E-002  0.71659882761871252     
   2.5132741228720001E-002   1.1926385527159262     
   2.9562133651285849E-002   1.1566462554148431     
   3.8019517526813901E-002  0.96928684742775018     
   4.5116083860089251E-002   1.2129951342344865     
   5.5056809371101592E-002  0.97599637049227461     
   6.5848341545415051E-002   1.0169772963245136     
   7.9166690278415927E-002   1.0316096006393756     
   9.6964567215568481E-002   1.1319442009862379     
  0.11842995645747310        1.0244456469679317     
  0.14416104292042672        1.1310686099030101     
  0.17483851006932644        1.1574932824291304     
  0.21159335649904049        1.1598503317905688     
  0.25709616209838343        1.2603806096663379     
  0.31264156338248622        1.3319993107934174     
  0.37951482899164635        1.4210580402085504     
  0.46065736128088758        1.5405755694997298     
  0.55924736126635322        1.6549659972526638     
  0.67897524277408394        1.7590230632368360     
  0.82441551550693815        1.8120086801472719     
   1.0009764843865627        1.7335018590429405     
   1.2153763263333666        1.6175097784653909     
   1.4765846423066622        1.3612805331892956     
   1.2566370614360001E-002   1.0476620326001740     
   1.7771531752634635E-002  0.85050272545189554     
   2.1765592370812048E-002  0.91634957866412137     
   2.5132741228720001E-002   1.3642034589673033     
   2.9562133651285849E-002   1.2749406867040465     
   3.8019517526813901E-002  0.78565324848956308     
   4.5116083860089251E-002   1.1748384006505554     
   5.5056809371101592E-002  0.92272701923873079     
   6.5848341545415051E-002  0.98959684690105665     
   7.9166690278415927E-002   1.0517389935475456     
   9.6964567215568481E-002   1.1613871379753644     
  0.11842995645747310        1.0563184194197055     
  0.14416104292042672        1.1942793841813726     
  0.17483851006932644        1.1458052909680601     
  0.21159335649904049        1.2576778007809151     
  0.25709616209838343        1.2656583950137206     
  0.31264156338248622        1.4095417997158870     
  0.37951482899164635        1.4077917228457650     
  0.46065736128088758        1.5298270336912161     
  0.55924736126635322        1.5814743553410586     
  0.67897524277408394        1.5800558784637313     
  0.82441551550693815        1.5333251936854457     
   1.0009764843865627        1.1815295409485085     
   1.2153763263333666        1.4145990746077854     
   1.4765846423066622        1.4606870593611776     
   1.2566370614360001E-002  0.46738917390904389     
   1.7771531752634635E-002  0.78704020065934255     
   2.1765592370812048E-002  0.94328040638405342     
   2.5132741228720001E-002   1.5634120898483665     
   2.9562133651285849E-002   1.1347831496264633     
   3.8019517526813901E-002  0.91121662524263691     
   4.5116083860089251E-002   1.1044804788667362     
   5.5056809371101592E-002  0.96671286387813948     
   6.5848341545415051E-002   1.0762411036657813     
   7.9166690278415927E-002   1.0861482437841727     
   9.6964567215568481E-002   1.0915038509865611     
  0.11842995645747310        1.0336483805128125     
  0.14416104292042672        1.0992621937091880     
  0.17483851006932644        1.0810179377940223     
  0.21159335649904049        1.1964463097747424     
  0.25709616209838343        1.2709068142717517     
  0.31264156338248622        1.2883109229641909     
  0.37951482899164635        1.4041676083239814     
  0.46065736128088758        1.3828689724739667     
  0.55924736126635322        1.4269650577788431     
  0.67897524277408394        1.4652297558154510     
  0.82441551550693815        1.1365305872695783     
   1.0009764843865627       0.83174955687509999     
   1.2153763263333666       0.37958114228973455     
   1.4765846423066622        8.6374208935937839E-003
   1.2566370614360001E-002  0.32808105783853792     
   1.7771531752634635E-002  0.89333262724448126     
   2.1765592370812048E-002  0.94124950782137240     
   2.5132741228720001E-002   1.3395646203738907     
   2.9562133651285849E-002  0.95863576722310673     
   3.8019517526813901E-002   1.0098609360002349     
   4.5116083860089251E-002   1.0123390445213039     
   5.5056809371101592E-002   1.0119326185638511     
   6.5848341545415051E-002   1.1188108286046701     
   7.9166690278415927E-002   1.0273560403259572     
   9.6964567215568481E-002   1.1765861488445970     
  0.11842995645747310       0.92034279136192032     
  0.14416104292042672        1.0953981891796052     
  0.17483851006932644        1.1260817840070960     
  0.21159335649904049        1.2201510382197795     
  0.25709616209838343        1.1605632530064993     
  0.31264156338248622        1.3428416078000962     
  0.37951482899164635        1.4379596982310101     
  0.46065736128088758        1.2331944238077406     
  0.55924736126635322        1.1475324577053048     
  0.67897524277408394        1.0905456060961083     
  0.82441551550693815        1.0903443482090747     
   1.0009764843865627       0.35815650496700646     
   1.2153763263333666      -0.67900363702010580     
   1.4765846423066622      -0.91536225516286773     
   1.2566370614360001E-002   3.5182930985510295     
   1.7771531752634635E-002   1.0766036982375156     
   2.1765592370812048E-002   1.6029233783254122     
   2.5132741228720001E-002  0.90658209050364980     
   2.9562133651285849E-002   1.0322563062644652     
   3.8019517526813901E-002   1.5436391528254358     
   4.5116083860089251E-002  0.29810783617812237     
   5.5056809371101592E-002   1.1388836246437670     
   6.5848341545415051E-002  0.62266685481897710     
   7.9166690278415927E-002   1.0683220615269866     
   9.6964567215568481E-002  0.75087821721622672     
  0.11842995645747310       0.81725627756792307     
  0.14416104292042672        1.0618750149166745     
  0.17483851006932644       0.96003437360563104     
  0.21159335649904049       0.86274208172884415     
  0.25709616209838343        1.2627607560595129     
  0.31264156338248622        1.2126464948883626     
  0.37951482899164635       0.86045921244127899     
  0.46065736128088758       0.79388104748629962     
  0.55924736126635322       0.78584852585710385     
  0.67897524277408394       0.45902244438175899     
  0.82441551550693815      -0.29992147732032154     
   1.0009764843865627      -0.58494237100970115     
   1.2153763263333666      -0.35200676625871075     
   1.4765846423066622      -0.90582287394724004     
   1.2566370614360001E-002   3.9113922140550241     
   1.7771531752634635E-002  0.18761931021299091     
   2.1765592370812048E-002   3.1076912381098931     
   2.5132741228720001E-002   8.3031923365128723E-003
   2.9562133651285849E-002   1.5804092807936065     
   3.8019517526813901E-002  0.63065668775205275     
   4.5116083860089251E-002  0.80379393754269246     
   5.5056809371101592E-002  0.85356368348861533     
   6.5848341545415051E-002  0.92524801402427981     
   7.9166690278415927E-002  0.96986682855196604     
   9.6964567215568481E-002  0.79841774605954119     
  0.11842995645747310       0.52880784919737944     
  0.14416104292042672       0.68225671306319524     
  0.17483851006932644       0.36511758969187230     
  0.21159335649904049       0.47644482866274679     
  0.25709616209838343       0.83447965685223136     
  0.31264156338248622       0.21645603067868463     
  0.37951482899164635       0.80853577767514329     
  0.46065736128088758       0.81179645436325787     
  0.55924736126635322       0.36842147889180882     
  0.67897524277408394       0.50897187398456645     
  0.82441551550693815       0.99574388489359134     
   1.0009764843865627        7.3102422719882348E-002
   1.2153763263333666      -0.45325374823453973     
   1.4765846423066622      -0.37804860928751405     
   1.2566370614360001E-002  -3.4795230979042233     
   1.7771531752634635E-002 -0.27970955494237421     
   2.1765592370812048E-002 -0.20496099524307354     
   2.5132741228720001E-002   4.5769933042060780     
   2.9562133651285849E-002 -0.22835223601564150     
   3.8019517526813901E-002 -0.33801573576246169     
   4.5116083860089251E-002   1.2067324498036289     
   5.5056809371101592E-002  0.40882930259096018     
   6.5848341545415051E-002  0.63706756395847230     
   7.9166690278415927E-002   1.2516301073911766     
   9.6964567215568481E-002   1.0769521447003565     
  0.11842995645747310       0.84973909071479981     
  0.14416104292042672       0.87861910994423043     
  0.17483851006932644       0.60847758983389455     
  0.21159335649904049       -9.5195124292026007E-002
  0.25709616209838343       0.52165158795229472     
  0.31264156338248622       0.15976988087959632     
  0.37951482899164635       0.47484602500528583     
  0.46065736128088758       -3.7577689465358423E-002
  0.55924736126635322       -4.1315394046027416E-002
  0.67897524277408394       -4.6284917653952436E-002
  0.82441551550693815        2.2761770552387537     
   1.0009764843865627       0.42303542981438258     
   1.2153763263333666       -2.6283213007443877     
   1.4765846423066622       -2.1949632288415346     
   1.2566370614360001E-002  0.58510948628130055     
   1.7771531752634635E-002   1.3011932190346069     
   2.1765592370812048E-002   1.1314611299354804     
   2.5132741228720001E-002   1.1611728794462595     
   2.9562133651285849E-002  0.98727526173886304     
   3.8019517526813901E-002  0.93883022981513431     
   4.5116083860089251E-002   1.0597420727499902     
   5.5056809371101592E-002  0.95854633461848071     
   6.5848341545415051E-002   1.0959907092162260     
   7.9166690278415927E-002   1.0272268034011041     
   9.6964567215568481E-002   1.0851137836321789     
  0.11842995645747310       0.94271265140121041     
  0.14416104292042672        1.0639335239656988     
  0.17483851006932644        1.0570341010756188     
  0.21159335649904049        1.1010872339708686     
  0.25709616209838343        1.1849881745886908     
  0.31264156338248622        1.3102210880657696     
  0.37951482899164635        1.4268697841890783     
  0.46065736128088758        1.5839124146773746     
  0.55924736126635322        1.7915903379279661     
  0.67897524277408394        2.0131977746570984     
  0.82441551550693815        2.1575227441247171     
   1.0009764843865627        2.2325326567403563     
   1.2153763263333666        2.1385259861382715     
   1.4765846423066622        1.6441128937427369     
   1.2566370614360001E-002  0.33146522052110189     
   1.7771531752634635E-002   1.1964943855998218     
   2.1765592370812048E-002  0.98028014932233587     
   2.5132741228720001E-002   1.2058007586337796     
   2.9562133651285849E-002   1.0765282977517536     
   3.8019517526813901E-002  0.87192889942232510     
   4.5116083860089251E-002   1.1668441112956167     
   5.5056809371101592E-002  0.99191534028266648     
   6.5848341545415051E-002   1.0522912607882569     
   7.9166690278415927E-002   1.0506271861138372     
   9.6964567215568481E-002   1.0879852860267358     
  0.11842995645747310       0.93764603471185892     
  0.14416104292042672        1.0378136556527024     
  0.17483851006932644        1.0581356246781892     
  0.21159335649904049        1.0707009233699794     
  0.25709616209838343        1.0857203143666760     
  0.31264156338248622        1.1260623672254586     
  0.37951482899164635        1.2999113859901597     
  0.46065736128088758        1.3368212762341454     
  0.55924736126635322        1.3465035947578212     
  0.67897524277408394        1.3738941544962484     
  0.82441551550693815        1.3451506803279334     
   1.0009764843865627        1.1163050065432047     
   1.2153763263333666       0.86595378123207001     
   1.4765846423066622       0.18432355088317559     
   1.2566370614360001E-002  0.46738917390904389     
   1.7771531752634635E-002  0.78704020065934255     
   2.1765592370812048E-002  0.94328040638405342     
   2.5132741228720001E-002   1.5634120898483665     
   2.9562133651285849E-002   1.1347831496264633     
   3.8019517526813901E-002  0.91121662524263691     
   4.5116083860089251E-002   1.1044804788667362     
   5.5056809371101592E-002  0.96671286387813948     
   6.5848341545415051E-002   1.0762411036657813     
   7.9166690278415927E-002   1.0861482437841727     
   9.6964567215568481E-002   1.0915038509865611     
  0.11842995645747310        1.0336483805128125     
  0.14416104292042672        1.0992621937091880     
  0.17483851006932644        1.0810179377940223     
  0.21159335649904049        1.1964463097747424     
  0.25709616209838343        1.2709068142717517     
  0.31264156338248622        1.2883109229641909     
  0.37951482899164635        1.4041676083239814     
  0.46065736128088758        1.3828689724739667     
  0.55924736126635322        1.4269650577788431     
  0.67897524277408394        1.4652297558154510     
  0.82441551550693815        1.1365305872695783     
   1.0009764843865627       0.83174955687509999     
   1.2153763263333666       0.37958114228973455     
   1.4765846423066622        8.6374208935937839E-003
   1.2566370614360001E-002   2.6384978002673237E-002
   1.7771531752634635E-002   1.4239168287387107     
   2.1765592370812048E-002   1.2424323118914640     
   2.5132741228720001E-002   1.3739677274673825     
   2.9562133651285849E-002  0.91646641773874560     
   3.8019517526813901E-002   1.2969748846138671     
   4.5116083860089251E-002   1.0631810576783993     
   5.5056809371101592E-002  0.83707096929437064     
   6.5848341545415051E-002   1.1082452734790949     
   7.9166690278415927E-002   1.0381571924192476     
   9.6964567215568481E-002   1.0990487717461126     
  0.11842995645747310       0.93024803181462656     
  0.14416104292042672       0.96233701729111432     
  0.17483851006932644        1.3784642810994236     
  0.21159335649904049        1.4932331331444009     
  0.25709616209838343        1.2636124340417265     
  0.31264156338248622        1.3061983517311049     
  0.37951482899164635        1.2362562140470850     
  0.46065736128088758        1.4064694173316967     
  0.55924736126635322        1.3124314572568037     
  0.67897524277408394       0.91500078153804576     
  0.82441551550693815       0.82694446656135590     
   1.0009764843865627        1.1528094415054293     
   1.2153763263333666        1.3363876299347517     
   1.4765846423066622        2.6474906374050247     
   1.2566370614360001E-002  0.86408461001795489     
   1.7771531752634635E-002   1.6449215680530420     
   2.1765592370812048E-002   1.7202204206933873     
   2.5132741228720001E-002   1.6255858510979846     
   2.9562133651285849E-002  0.86001244700152968     
   3.8019517526813901E-002  0.75828242609180330     
   4.5116083860089251E-002  0.71816036120418481     
   5.5056809371101592E-002  0.75422033693238311     
   6.5848341545415051E-002   1.2778395585521272     
   7.9166690278415927E-002   1.0176346439291479     
   9.6964567215568481E-002   1.3318366660983587     
  0.11842995645747310       0.83096407904124603     
  0.14416104292042672        1.3989790663684434     
  0.17483851006932644        1.2878118755100647     
  0.21159335649904049        1.3125818929940212     
  0.25709616209838343        1.2397864052027383     
  0.31264156338248622        1.0680985983701217     
  0.37951482899164635        1.1386011030244181     
  0.46065736128088758        1.1055337707746562     
  0.55924736126635322       0.94625445424941823     
  0.67897524277408394       0.93896778907755774     
  0.82441551550693815       0.56754984428115729     
   1.0009764843865627        9.9820049129680885E-002
   1.2153763263333666      -0.18568617746871799     
   1.4765846423066622       -6.0378336874880222E-002
   1.2566370614360001E-002   1.2309100830048214     
   1.7771531752634635E-002  0.88510989059504919     
   2.1765592370812048E-002  0.69231058461980322     
   2.5132741228720001E-002  0.81652039809084920     
   2.9562133651285849E-002   1.4993379630664108     
   3.8019517526813901E-002   1.6981138786904018     
   4.5116083860089251E-002  0.32859290511530059     
   5.5056809371101592E-002   1.4718979400403311     
   6.5848341545415051E-002  0.87985670402921334     
   7.9166690278415927E-002  0.90270965526488400     
   9.6964567215568481E-002   1.4713352631427452     
  0.11842995645747310       0.97051570200791815     
  0.14416104292042672       0.92705858413338038     
  0.17483851006932644       0.56584057548737909     
  0.21159335649904049        1.1901086788548343     
  0.25709616209838343        1.0365425041820526     
  0.31264156338248622       0.78475684626859477     
  0.37951482899164635        1.1670926224733600     
  0.46065736128088758        1.3567874204247052     
  0.55924736126635322        1.7843625743152927     
  0.67897524277408394       0.69536031496800421     
  0.82441551550693815       0.18127517385742009     
   1.0009764843865627      -0.74981228862466187     
   1.2153763263333666      -0.13105220034735005     
   1.4765846423066622       -1.0679209497741005     
   1.2566370614360001E-002   1.3324858206446346     
   1.7771531752634635E-002   1.3150671195604229     
   2.1765592370812048E-002   3.4441699912868802     
   2.5132741228720001E-002  0.34865018026423406     
   2.9562133651285849E-002  0.52863683889436086     
   3.8019517526813901E-002   1.8494026175047800     
   4.5116083860089251E-002  0.92308827138763483     
   5.5056809371101592E-002  0.74641283953782323     
   6.5848341545415051E-002  0.96476070434663563     
   7.9166690278415927E-002  0.67960510747305602     
   9.6964567215568481E-002  0.69415742870996477     
  0.11842995645747310       0.94939271715099294     
  0.14416104292042672       0.37390940837122288     
  0.17483851006932644       0.24432003677733827     
  0.21159335649904049      -0.15841747578643611     
  0.25709616209838343       0.11829039939480959     
  0.31264156338248622        7.9303977789608279E-002
  0.37951482899164635       0.58339617460829252     
  0.46065736128088758       -8.8228951267679726E-002
  0.55924736126635322      -0.40959827321552400     
  0.67897524277408394      -0.46136657276197107     
  0.82441551550693815      -0.59029580834549700     
   1.0009764843865627      -0.33993699713575587     
   1.2153763263333666      -0.74550484815367546     
   1.4765846423066622       0.39298494921375565     
   1.2566370614360001E-002  -2.3331059397200935     
   1.7771531752634635E-002  -1.9757779943259499     
   2.1765592370812048E-002 -0.38987804693137224     
   2.5132741228720001E-002   3.6508131033607634     
   2.9562133651285849E-002 -0.25013575751287415     
   3.8019517526813901E-002   1.1682358223580287     
   4.5116083860089251E-002  0.94162251624232263     
   5.5056809371101592E-002  0.71890363199820140     
   6.5848341545415051E-002  0.88844820103508626     
   7.9166690278415927E-002  0.75825740202658043     
   9.6964567215568481E-002   1.0113509593396097     
  0.11842995645747310       0.48186516670986457     
  0.14416104292042672       0.96941752721513819     
  0.17483851006932644        1.3243428572886322     
  0.21159335649904049        1.6140563060259372     
  0.25709616209838343       0.91031406654067404     
  0.31264156338248622        1.3423995120495531     
  0.37951482899164635       0.92356932145348103     
  0.46065736128088758        6.4126173695594826E-002
  0.55924736126635322      -0.56895968508395400     
  0.67897524277408394       0.64022775102312679     
  0.82441551550693815       -1.6828309013157428     
   1.0009764843865627        2.1308830023500378     
   1.2153763263333666       0.67568581486756019     
   1.4765846423066622       -2.0753634606601303     
   1.2566370614360001E-002  0.19478459722411812     
   1.7771531752634635E-002   1.3301129838521575     
   2.1765592370812048E-002   1.1805526992049118     
   2.5132741228720001E-002   1.0328139719033156     
   2.9562133651285849E-002  0.85964706067966223     
   3.8019517526813901E-002   1.0002110792480019     
   4.5116083860089251E-002   1.0332404147610537     
   5.5056809371101592E-002  0.98502680905548123     
   6.5848341545415051E-002   1.1376278897221195     
   7.9166690278415927E-002   1.0210309696766913     
   9.6964567215568481E-002   1.1310278651742778     
  0.11842995645747310       0.91605984925024486     
  0.14416104292042672        1.1291726631988124     
  0.17483851006932644        1.1575736280185205     
  0.21159335649904049        1.1547647044106788     
  0.25709616209838343        1.2707645239180922     
  0.31264156338248622        1.3056186672097871     
  0.37951482899164635        1.5650001690451443     
  0.46065736128088758        1.6559797859546503     
  0.55924736126635322        1.8505447415499969     
  0.67897524277408394        2.0191329829224038     
  0.82441551550693815        2.1231345642012367     
   1.0009764843865627        1.7463309482900391     
   1.2153763263333666        1.2024608929774196     
   1.4765846423066622      -0.14340676697384910     
   1.2566370614360001E-002  -7.5747109429940243E-002
   1.7771531752634635E-002   1.1567545454912034     
   2.1765592370812048E-002   1.0161254331155465     
   2.5132741228720001E-002   1.0535531680461430     
   2.9562133651285849E-002  0.85297541039250224     
   3.8019517526813901E-002   1.0258954249494669     
   4.5116083860089251E-002  0.95849156328631546     
   5.5056809371101592E-002  0.94318770860703915     
   6.5848341545415051E-002   1.0464571962630342     
   7.9166690278415927E-002   1.0220856869317869     
   9.6964567215568481E-002   1.1307430498213824     
  0.11842995645747310       0.94271336695808017     
  0.14416104292042672        1.0235604482019176     
  0.17483851006932644        1.0961402107818941     
  0.21159335649904049        1.0193212523109354     
  0.25709616209838343        1.0073303993948908     
  0.31264156338248622        1.0784558555418018     
  0.37951482899164635        1.1115986455444213     
  0.46065736128088758        1.1515313573673807     
  0.55924736126635322        1.1429474404322961     
  0.67897524277408394        1.1357948478090438     
  0.82441551550693815       0.93595226473092819     
   1.0009764843865627       0.44012972845605808     
   1.2153763263333666       0.14122167864357690     
   1.4765846423066622      -0.94721484441649140     
   1.2566370614360001E-002  0.32808105783853792     
   1.7771531752634635E-002  0.89333262724448126     
   2.1765592370812048E-002  0.94124950782137240     
   2.5132741228720001E-002   1.3395646203738907     
   2.9562133651285849E-002  0.95863576722310673     
   3.8019517526813901E-002   1.0098609360002349     
   4.5116083860089251E-002   1.0123390445213039     
   5.5056809371101592E-002   1.0119326185638511     
   6.5848341545415051E-002   1.1188108286046701     
   7.9166690278415927E-002   1.0273560403259572     
   9.6964567215568481E-002   1.1765861488445970     
  0.11842995645747310       0.92034279136192032     
  0.14416104292042672        1.0953981891796052     
  0.17483851006932644        1.1260817840070960     
  0.21159335649904049        1.2201510382197795     
  0.25709616209838343        1.1605632530064993     
  0.31264156338248622        1.3428416078000962     
  0.37951482899164635        1.4379596982310101     
  0.46065736128088758        1.2331944238077406     
  0.55924736126635322        1.1475324577053048     
  0.67897524277408394        1.0905456060961083     
  0.82441551550693815        1.0903443482090747     
   1.0009764843865627       0.35815650496700646     
   1.2153763263333666      -0.67900363702010580     
   1.4765846423066622      -0.91536225516286773     
   1.2566370614360001E-002  0.86408461001795489     
   1.7771531752634635E-002   1.6449215680530420     
   2.1765592370812048E-002   1.7202204206933873     
   2.5132741228720001E-002   1.6255858510979846     
   2.9562133651285849E-002  0.86001244700152968     
   3.8019517526813901E-002  0.75828242609180330     
   4.5116083860089251E-002  0.71816036120418481     
   5.5056809371101592E-002  0.75422033693238311     
   6.5848341545415051E-002   1.2778395585521272     
   7.9166690278415927E-002   1.0176346439291479     
   9.6964567215568481E-002   1.3318366660983587     
  0.11842995645747310       0.83096407904124603     
  0.14416104292042672        1.3989790663684434     
  0.17483851006932644        1.2878118755100647     
  0.21159335649904049        1.3125818929940212     
  0.25709616209838343        1.2397864052027383     
  0.31264156338248622        1.0680985983701217     
  0.37951482899164635        1.1386011030244181     
  0.46065736128088758        1.1055337707746562     
  0.55924736126635322       0.94625445424941823     
  0.67897524277408394       0.93896778907755774     
  0.82441551550693815       0.56754984428115729     
   1.0009764843865627        9.9820049129680885E-002
   1.2153763263333666      -0.18568617746871799     
   1.4765846423066622       -6.0378336874880222E-002
   1.2566370614360001E-002  0.88177702147411130     
   1.7771531752634635E-002   2.2150794795119091     
   2.1765592370812048E-002   1.1492259218987586     
   2.5132741228720001E-002   1.4877488418602236     
   2.9562133651285849E-002  0.47982257829325475     
   3.8019517526813901E-002  0.68981016360874525     
   4.5116083860089251E-002   1.3570851239547956     
   5.5056809371101592E-002  0.56455669191235625     
   6.5848341545415051E-002   1.0375700782647537     
   7.9166690278415927E-002   1.1804195638154280     
   9.6964567215568481E-002   1.5800865386634331     
  0.11842995645747310       0.83253954038990419     
  0.14416104292042672        1.5835625111119782     
  0.17483851006932644       0.94481945324750150     
  0.21159335649904049        1.4301857733551802     
  0.25709616209838343        1.2269350022324168     
  0.31264156338248622        1.0898246427340121     
  0.37951482899164635        1.3960041949394428     
  0.46065736128088758        1.4060140647663035     
  0.55924736126635322        1.4177256884188609     
  0.67897524277408394       0.85392853432492843     
  0.82441551550693815       0.79316988129511690     
   1.0009764843865627       0.44001016262997561     
   1.2153763263333666      -0.58651159808821640     
   1.4765846423066622        7.2647552925006460     
   1.2566370614360001E-002  0.93075293253146218     
   1.7771531752634635E-002   2.2491936761402100     
   2.1765592370812048E-002  0.44671258421120946     
   2.5132741228720001E-002  0.56993410789620247     
   2.9562133651285849E-002  0.95532494828023273     
   3.8019517526813901E-002   1.5889739353143417     
   4.5116083860089251E-002  0.38087144098528769     
   5.5056809371101592E-002   1.4490382383317502     
   6.5848341545415051E-002   1.1620316205154682     
   7.9166690278415927E-002   1.1110006366280696     
   9.6964567215568481E-002  0.43498352716809630     
  0.11842995645747310       0.45591775873445844     
  0.14416104292042672       0.88776588685126268     
  0.17483851006932644       0.38115046978250050     
  0.21159335649904049       0.64868949180941737     
  0.25709616209838343        1.2494857997413393     
  0.31264156338248622        1.2416728786148699     
  0.37951482899164635       0.54432162544734364     
  0.46065736128088758       0.41945857535262193     
  0.55924736126635322      -0.32402319265976109     
  0.67897524277408394        1.5118842590670649     
  0.82441551550693815      -0.87601356949894149     
   1.0009764843865627      -0.54908485070079216     
   1.2153763263333666       -3.2710096844602479     
   1.4765846423066622      -0.70309025218236321     
   1.2566370614360001E-002 -0.17706644298753119     
   1.7771531752634635E-002 -0.76829551651906791     
   2.1765592370812048E-002   2.6751637269879196     
   2.5132741228720001E-002   1.1869810632675184     
   2.9562133651285849E-002   1.2690794013193920     
   3.8019517526813901E-002 -0.95984717806768582     
   4.5116083860089251E-002  0.72583403507340460     
   5.5056809371101592E-002  0.63955389913950644     
   6.5848341545415051E-002   1.3993734093718071     
   7.9166690278415927E-002  0.66125807067015530     
   9.6964567215568481E-002   1.0013176962201742     
  0.11842995645747310       0.42112271474914958     
  0.14416104292042672        6.2940479173036232E-002
  0.17483851006932644        1.4520680009142590     
  0.21159335649904049       0.98897925165535372     
  0.25709616209838343       0.73380064134067891     
  0.31264156338248622       0.54616400531631104     
  0.37951482899164635        1.8980252178575787     
  0.46065736128088758        1.3214340362603167     
  0.55924736126635322       0.80619942723284321     
  0.67897524277408394      -0.48180881698260725     
  0.82441551550693815      -0.67100052501050855     
   1.0009764843865627        1.3206830024965495     
   1.2153763263333666        1.2243134013428802     
   1.4765846423066622       -3.0520754424457652     
   1.2566370614360001E-002  -5.4375950989610375     
   1.7771531752634635E-002  -5.3631666734819836     
   2.1765592370812048E-002  -1.2828496654008135     
   2.5132741228720001E-002   1.4694894879084837     
   2.9562133651285849E-002  -7.9690237773138439E-002
   3.8019517526813901E-002  -1.3785364466369796     
   4.5116083860089251E-002   1.5362214785579491     
   5.5056809371101592E-002 -0.19367627389004965     
   6.5848341545415051E-002  0.26712655904939558     
   7.9166690278415927E-002   1.4250525827995106     
   9.6964567215568481E-002   2.2773877973973651     
  0.11842995645747310       0.86694372115097629     
  0.14416104292042672        1.6572665526869141     
  0.17483851006932644       0.91729916206888851     
  0.21159335649904049        1.4344183820725387     
  0.25709616209838343        1.2850883126368124     
  0.31264156338248622       0.58649173665405352     
  0.37951482899164635       0.95525656528783465     
  0.46065736128088758        1.9830795235863459     
  0.55924736126635322      -0.12684683303313357     
  0.67897524277408394       -2.7026865934116429     
  0.82441551550693815       -1.5542929921562942     
   1.0009764843865627      -0.29520518280262897     
   1.2153763263333666      -0.12086049027915170     
   1.4765846423066622       -3.4279901880715244     
   1.2566370614360001E-002   3.0760076775152161     
   1.7771531752634635E-002   1.3049116028667807     
   2.1765592370812048E-002   1.3380159995402605     
   2.5132741228720001E-002  0.70418036744886403     
   2.9562133651285849E-002  0.91363459745454767     
   3.8019517526813901E-002   1.6918941620400365     
   4.5116083860089251E-002  0.37755132060172741     
   5.5056809371101592E-002   1.1985836956721294     
   6.5848341545415051E-002  0.72299791137645653     
   7.9166690278415927E-002  0.96979077961896409     
   9.6964567215568481E-002  0.85777698644160039     
  0.11842995645747310       0.91734214608083064     
  0.14416104292042672       0.85150218013505397     
  0.17483851006932644       0.80279423827156671     
  0.21159335649904049       0.94795445606176365     
  0.25709616209838343        1.0502190577945494     
  0.31264156338248622        1.2017520056771616     
  0.37951482899164635        1.2011404604036495     
  0.46065736128088758        1.3080196770441235     
  0.55924736126635322        1.5291477493167285     
  0.67897524277408394        1.6227162398077561     
  0.82441551550693815        1.2744666739690549     
   1.0009764843865627       0.82761284082400310     
   1.2153763263333666      -0.13121867811304469     
   1.4765846423066622       -2.0281965350001125     
   1.2566370614360001E-002   3.0663127235713987     
   1.7771531752634635E-002   1.1574164113683723     
   2.1765592370812048E-002  0.86624985703357316     
   2.5132741228720001E-002  0.73949019648374159     
   2.9562133651285849E-002  0.95866805270926647     
   3.8019517526813901E-002   1.7438657954857373     
   4.5116083860089251E-002  0.33300989134991837     
   5.5056809371101592E-002   1.3929371678876465     
   6.5848341545415051E-002  0.77513269856792510     
   7.9166690278415927E-002  0.90951775014015745     
   9.6964567215568481E-002  0.81701063678990382     
  0.11842995645747310       0.87418140342774231     
  0.14416104292042672       0.78871253454205514     
  0.17483851006932644       0.72196621347956325     
  0.21159335649904049       0.88997068596672646     
  0.25709616209838343       0.85306775479405550     
  0.31264156338248622       0.95305773161709773     
  0.37951482899164635       0.93705094589265414     
  0.46065736128088758       0.73560068694481640     
  0.55924736126635322       0.96969239082480441     
  0.67897524277408394       0.93127928273134841     
  0.82441551550693815       0.72259492094069844     
   1.0009764843865627       -2.3104825131443695E-002
   1.2153763263333666      -0.27504826844681018     
   1.4765846423066622       -1.2712780346494630     
   1.2566370614360001E-002   3.5182930985510295     
   1.7771531752634635E-002   1.0766036982375156     
   2.1765592370812048E-002   1.6029233783254122     
   2.5132741228720001E-002  0.90658209050364980     
   2.9562133651285849E-002   1.0322563062644652     
   3.8019517526813901E-002   1.5436391528254358     
   4.5116083860089251E-002  0.29810783617812237     
   5.5056809371101592E-002   1.1388836246437670     
   6.5848341545415051E-002  0.62266685481897710     
   7.9166690278415927E-002   1.0683220615269866     
   9.6964567215568481E-002  0.75087821721622672     
  0.11842995645747310       0.81725627756792307     
  0.14416104292042672        1.0618750149166745     
  0.17483851006932644       0.96003437360563104     
  0.21159335649904049       0.86274208172884415     
  0.25709616209838343        1.2627607560595129     
  0.31264156338248622        1.2126464948883626     
  0.37951482899164635       0.86045921244127899     
  0.46065736128088758       0.79388104748629962     
  0.55924736126635322       0.78584852585710385     
  0.67897524277408394       0.45902244438175899     
  0.82441551550693815      -0.29992147732032154     
   1.0009764843865627      -0.58494237100970115     
   1.2153763263333666      -0.35200676625871075     
   1.4765846423066622      -0.90582287394724004     
   1.2566370614360001E-002   1.2309100830048214     
   1.7771531752634635E-002  0.88510989059504919     
   2.1765592370812048E-002  0.69231058461980322     
   2.5132741228720001E-002  0.81652039809084920     
   2.9562133651285849E-002   1.4993379630664108     
   3.8019517526813901E-002   1.6981138786904018     
   4.5116083860089251E-002  0.32859290511530059     
   5.5056809371101592E-002   1.4718979400403311     
   6.5848341545415051E-002  0.87985670402921334     
   7.9166690278415927E-002  0.90270965526488400     
   9.6964567215568481E-002   1.4713352631427452     
  0.11842995645747310       0.97051570200791815     
  0.14416104292042672       0.92705858413338038     
  0.17483851006932644       0.56584057548737909     
  0.21159335649904049        1.1901086788548343     
  0.25709616209838343        1.0365425041820526     
  0.31264156338248622       0.78475684626859477     
  0.37951482899164635        1.1670926224733600     
  0.46065736128088758        1.3567874204247052     
  0.55924736126635322        1.7843625743152927     
  0.67897524277408394       0.69536031496800421     
  0.82441551550693815       0.18127517385742009     
   1.0009764843865627      -0.74981228862466187     
   1.2153763263333666      -0.13105220034735005     
   1.4765846423066622       -1.0679209497741005     
   1.2566370614360001E-002  0.93075293253146218     
   1.7771531752634635E-002   2.2491936761402100     
   2.1765592370812048E-002  0.44671258421120946     
   2.5132741228720001E-002  0.56993410789620247     
   2.9562133651285849E-002  0.95532494828023273     
   3.8019517526813901E-002   1.5889739353143417     
   4.5116083860089251E-002  0.38087144098528769     
   5.5056809371101592E-002   1.4490382383317502     
   6.5848341545415051E-002   1.1620316205154682     
   7.9166690278415927E-002   1.1110006366280696     
   9.6964567215568481E-002  0.43498352716809630     
  0.11842995645747310       0.45591775873445844     
  0.14416104292042672       0.88776588685126268     
  0.17483851006932644       0.38115046978250050     
  0.21159335649904049       0.64868949180941737     
  0.25709616209838343        1.2494857997413393     
  0.31264156338248622        1.2416728786148699     
  0.37951482899164635       0.54432162544734364     
  0.46065736128088758       0.41945857535262193     
  0.55924736126635322      -0.32402319265976109     
  0.67897524277408394        1.5118842590670649     
  0.82441551550693815      -0.87601356949894149     
   1.0009764843865627      -0.54908485070079216     
   1.2153763263333666       -3.2710096844602479     
   1.4765846423066622      -0.70309025218236321     
   1.2566370614360001E-002   4.2160028048263252     
   1.7771531752634635E-002   2.2272773469745610     
   2.1765592370812048E-002   2.8848287801240300     
   2.5132741228720001E-002  0.58841582728062625     
   2.9562133651285849E-002   1.8910948978216153     
   3.8019517526813901E-002   3.1692207490183870     
   4.5116083860089251E-002   1.1742395489415163     
   5.5056809371101592E-002   3.0494293547093108     
   6.5848341545415051E-002  0.31685694965760797     
   7.9166690278415927E-002   1.2202993911173128     
   9.6964567215568481E-002  0.81202716285498211     
  0.11842995645747310        1.5883050445178641     
  0.14416104292042672        1.2465607602913775     
  0.17483851006932644       0.75769908933656049     
  0.21159335649904049       0.22348861292597627     
  0.25709616209838343       0.84073409229234597     
  0.31264156338248622        3.1630491654272581     
  0.37951482899164635      -0.91728496074397459     
  0.46065736128088758      -0.31608594398120254     
  0.55924736126635322       0.22673917534282154     
  0.67897524277408394       -1.1152356389631704     
  0.82441551550693815        3.3974999888657225     
   1.0009764843865627        6.0482785073695409     
   1.2153763263333666        2.4621093258742088     
   1.4765846423066622        19.634302791850239     
   1.2566370614360001E-002   6.6688571139709554     
   1.7771531752634635E-002 -0.37961830778578265     
   2.1765592370812048E-002   2.0724588671923221     
   2.5132741228720001E-002  -1.9372872545615334     
   2.9562133651285849E-002   4.3598223301135539E-002
   3.8019517526813901E-002 -0.28366976084904705     
   4.5116083860089251E-002 -0.46153542553745031     
   5.5056809371101592E-002  0.61960324984143755     
   6.5848341545415051E-002  0.78210221799133894     
   7.9166690278415927E-002 -0.18227200371193375     
   9.6964567215568481E-002  0.44110063311610831     
  0.11842995645747310       0.41427410421813549     
  0.14416104292042672       0.87344055139240362     
  0.17483851006932644       0.54705445359089799     
  0.21159335649904049       0.16393895900901520     
  0.25709616209838343       0.58038125262040208     
  0.31264156338248622       -2.3274676784638553E-002
  0.37951482899164635       0.77005598089258842     
  0.46065736128088758       -2.1658440214413766     
  0.55924736126635322        1.4626263899910359     
  0.67897524277408394        2.1852912660927433     
  0.82441551550693815        1.8412090911274066     
   1.0009764843865627      -0.75098225868992097     
   1.2153763263333666       -3.0101717304332700     
   1.4765846423066622       -3.6757096460038770     
   1.2566370614360001E-002  -4.6776735337266677     
   1.7771531752634635E-002  -4.2148750016667940     
   2.1765592370812048E-002  -1.6198884592394851     
   2.5132741228720001E-002   1.9483996949207121     
   2.9562133651285849E-002 -0.59506984349890801     
   3.8019517526813901E-002 -0.51165746673521495     
   4.5116083860089251E-002  -3.6281439304614999E-003
   5.5056809371101592E-002 -0.28106915702450563     
   6.5848341545415051E-002 -0.36217919301881296     
   7.9166690278415927E-002  0.70057566929871218     
   9.6964567215568481E-002 -0.43776841786470472     
  0.11842995645747310       0.30408971078989577     
  0.14416104292042672      -0.18265007868892202     
  0.17483851006932644       0.81790462091913929     
  0.21159335649904049       0.80944007112803074     
  0.25709616209838343       0.58262305123305969     
  0.31264156338248622      -0.40174028672503981     
  0.37951482899164635      -0.69906725353783705     
  0.46065736128088758      -0.63250876430941549     
  0.55924736126635322       0.48593339216126846     
  0.67897524277408394      -0.77950435918631433     
  0.82441551550693815       -1.6831220515510370     
   1.0009764843865627        3.2467458902477775     
   1.2153763263333666        1.2600873237296405E-002
   1.4765846423066622       -3.0992199971554557     
   1.2566370614360001E-002   4.0668695301857163     
   1.7771531752634635E-002   1.0949723984291047     
   2.1765592370812048E-002   3.0210445182680861     
   2.5132741228720001E-002 -0.10004771306226155     
   2.9562133651285849E-002  0.94930213698813615     
   3.8019517526813901E-002  0.81763389029579148     
   4.5116083860089251E-002  0.68162406142010745     
   5.5056809371101592E-002  0.67539291496598275     
   6.5848341545415051E-002   1.3776503778057430     
   7.9166690278415927E-002  0.68140816316909802     
   9.6964567215568481E-002   1.0158354514118297     
  0.11842995645747310       0.98286969239529709     
  0.14416104292042672       0.84037444142765727     
  0.17483851006932644       0.67069493951411485     
  0.21159335649904049       0.79680645217580603     
  0.25709616209838343       0.92116685684011401     
  0.31264156338248622       0.76752964376124888     
  0.37951482899164635        1.2653985237423779     
  0.46065736128088758        1.3083678725371213     
  0.55924736126635322        1.1794897547619299     
  0.67897524277408394        1.1131601018649149     
  0.82441551550693815       0.88964786079314928     
   1.0009764843865627      -0.27514669883242593     
   1.2153763263333666       -1.2463641860543999     
   1.4765846423066622       -2.9395177744090679     
   1.2566370614360001E-002   3.6797610686961124     
   1.7771531752634635E-002   1.1938238943396817     
   2.1765592370812048E-002   2.4070649665597874     
   2.5132741228720001E-002 -0.41860799633669454     
   2.9562133651285849E-002   1.0497134208749193     
   3.8019517526813901E-002  0.83468987229058222     
   4.5116083860089251E-002  0.53101539028544820     
   5.5056809371101592E-002  0.74835028256025271     
   6.5848341545415051E-002   1.3792258200115475     
   7.9166690278415927E-002  0.65895040542861572     
   9.6964567215568481E-002   1.1315845121363166     
  0.11842995645747310       0.81024713046917729     
  0.14416104292042672       0.82602735509831160     
  0.17483851006932644       0.53881107670373207     
  0.21159335649904049       0.56038818284830327     
  0.25709616209838343       0.74270698963453108     
  0.31264156338248622       0.36217684312516074     
  0.37951482899164635        1.1033048016596951     
  0.46065736128088758       0.96877323986411756     
  0.55924736126635322       0.51800574597697568     
  0.67897524277408394       0.55469255042883103     
  0.82441551550693815       0.15492040167008750     
   1.0009764843865627      -0.43677021220335294     
   1.2153763263333666       -1.4369883360195101     
   1.4765846423066622       -1.4494122982012270     
   1.2566370614360001E-002   3.9113922140550241     
   1.7771531752634635E-002  0.18761931021299091     
   2.1765592370812048E-002   3.1076912381098931     
   2.5132741228720001E-002   8.3031923365128723E-003
   2.9562133651285849E-002   1.5804092807936065     
   3.8019517526813901E-002  0.63065668775205275     
   4.5116083860089251E-002  0.80379393754269246     
   5.5056809371101592E-002  0.85356368348861533     
   6.5848341545415051E-002  0.92524801402427981     
   7.9166690278415927E-002  0.96986682855196604     
   9.6964567215568481E-002  0.79841774605954119     
  0.11842995645747310       0.52880784919737944     
  0.14416104292042672       0.68225671306319524     
  0.17483851006932644       0.36511758969187230     
  0.21159335649904049       0.47644482866274679     
  0.25709616209838343       0.83447965685223136     
  0.31264156338248622       0.21645603067868463     
  0.37951482899164635       0.80853577767514329     
  0.46065736128088758       0.81179645436325787     
  0.55924736126635322       0.36842147889180882     
  0.67897524277408394       0.50897187398456645     
  0.82441551550693815       0.99574388489359134     
   1.0009764843865627        7.3102422719882348E-002
   1.2153763263333666      -0.45325374823453973     
   1.4765846423066622      -0.37804860928751405     
   1.2566370614360001E-002   1.3324858206446346     
   1.7771531752634635E-002   1.3150671195604229     
   2.1765592370812048E-002   3.4441699912868802     
   2.5132741228720001E-002  0.34865018026423406     
   2.9562133651285849E-002  0.52863683889436086     
   3.8019517526813901E-002   1.8494026175047800     
   4.5116083860089251E-002  0.92308827138763483     
   5.5056809371101592E-002  0.74641283953782323     
   6.5848341545415051E-002  0.96476070434663563     
   7.9166690278415927E-002  0.67960510747305602     
   9.6964567215568481E-002  0.69415742870996477     
  0.11842995645747310       0.94939271715099294     
  0.14416104292042672       0.37390940837122288     
  0.17483851006932644       0.24432003677733827     
  0.21159335649904049      -0.15841747578643611     
  0.25709616209838343       0.11829039939480959     
  0.31264156338248622        7.9303977789608279E-002
  0.37951482899164635       0.58339617460829252     
  0.46065736128088758       -8.8228951267679726E-002
  0.55924736126635322      -0.40959827321552400     
  0.67897524277408394      -0.46136657276197107     
  0.82441551550693815      -0.59029580834549700     
   1.0009764843865627      -0.33993699713575587     
   1.2153763263333666      -0.74550484815367546     
   1.4765846423066622       0.39298494921375565     
   1.2566370614360001E-002 -0.17706644298753119     
   1.7771531752634635E-002 -0.76829551651906791     
   2.1765592370812048E-002   2.6751637269879196     
   2.5132741228720001E-002   1.1869810632675184     
   2.9562133651285849E-002   1.2690794013193920     
   3.8019517526813901E-002 -0.95984717806768582     
   4.5116083860089251E-002  0.72583403507340460     
   5.5056809371101592E-002  0.63955389913950644     
   6.5848341545415051E-002   1.3993734093718071     
   7.9166690278415927E-002  0.66125807067015530     
   9.6964567215568481E-002   1.0013176962201742     
  0.11842995645747310       0.42112271474914958     
  0.14416104292042672        6.2940479173036232E-002
  0.17483851006932644        1.4520680009142590     
  0.21159335649904049       0.98897925165535372     
  0.25709616209838343       0.73380064134067891     
  0.31264156338248622       0.54616400531631104     
  0.37951482899164635        1.8980252178575787     
  0.46065736128088758        1.3214340362603167     
  0.55924736126635322       0.80619942723284321     
  0.67897524277408394      -0.48180881698260725     
  0.82441551550693815      -0.67100052501050855     
   1.0009764843865627        1.3206830024965495     
   1.2153763263333666        1.2243134013428802     
   1.4765846423066622       -3.0520754424457652     
   1.2566370614360001E-002   6.6688571139709554     
   1.7771531752634635E-002 -0.37961830778578265     
   2.1765592370812048E-002   2.0724588671923221     
   2.5132741228720001E-002  -1.9372872545615334     
   2.9562133651285849E-002   4.3598223301135539E-002
   3.8019517526813901E-002 -0.28366976084904705     
   4.5116083860089251E-002 -0.46153542553745031     
   5.5056809371101592E-002  0.61960324984143755     
   6.5848341545415051E-002  0.78210221799133894     
   7.9166690278415927E-002 -0.18227200371193375     
   9.6964567215568481E-002  0.44110063311610831     
  0.11842995645747310       0.41427410421813549     
  0.14416104292042672       0.87344055139240362     
  0.17483851006932644       0.54705445359089799     
  0.21159335649904049       0.16393895900901520     
  0.25709616209838343       0.58038125262040208     
  0.31264156338248622       -2.3274676784638553E-002
  0.37951482899164635       0.77005598089258842     
  0.46065736128088758       -2.1658440214413766     
  0.55924736126635322        1.4626263899910359     
  0.67897524277408394        2.1852912660927433     
  0.82441551550693815        1.8412090911274066     
   1.0009764843865627      -0.75098225868992097     
   1.2153763263333666       -3.0101717304332700     
   1.4765846423066622       -3.6757096460038770     
   1.2566370614360001E-002   2.3507976475791668     
   1.7771531752634635E-002   2.3886131159604050E-002
   2.1765592370812048E-002   3.6025907459409687     
   2.5132741228720001E-002   1.9813546870822600     
   2.9562133651285849E-002   3.1683754528283972     
   3.8019517526813901E-002  -1.0811827282539266     
   4.5116083860089251E-002   6.4167933238728714E-002
   5.5056809371101592E-002 -0.35476450235370299     
   6.5848341545415051E-002  0.72947831451274303     
   7.9166690278415927E-002  0.14893613233380318     
   9.6964567215568481E-002 -0.69140168315933137     
  0.11842995645747310       0.82640879891413654     
  0.14416104292042672      -0.74539847601444387     
  0.17483851006932644        3.4890525464064938E-002
  0.21159335649904049      -0.27470722047819313     
  0.25709616209838343       0.44651609230252282     
  0.31264156338248622       0.46381328330169336     
  0.37951482899164635       -1.5357789533110295     
  0.46065736128088758      -0.69357374601155519     
  0.55924736126635322       -1.0816901492668785     
  0.67897524277408394       -1.0372508060927157     
  0.82441551550693815       -6.7041483702299605     
   1.0009764843865627       -10.995698457958753     
   1.2153763263333666       -20.832441817922927     
   1.4765846423066622       -51.805422922186636     
   1.2566370614360001E-002  -7.1388968278581286     
   1.7771531752634635E-002  -1.7438721003110544     
   2.1765592370812048E-002  -1.0426071373911463     
   2.5132741228720001E-002  -3.1135107900862762     
   2.9562133651285849E-002   4.8555767526930659E-002
   3.8019517526813901E-002  0.62119214002286938     
   4.5116083860089251E-002   1.5038654541238474     
   5.5056809371101592E-002   2.1120651692809611     
   6.5848341545415051E-002   1.0538158068486734     
   7.9166690278415927E-002  0.51715797677635422     
   9.6964567215568481E-002   1.1340544649323518     
  0.11842995645747310        1.8286249043960838     
  0.14416104292042672        3.1223323897999693     
  0.17483851006932644        2.1967617301446585     
  0.21159335649904049        4.4431139388976257     
  0.25709616209838343        2.1190519863220620     
  0.31264156338248622      -0.46675864466404454     
  0.37951482899164635       -3.2554597618037873     
  0.46065736128088758       -5.1332531878191370     
  0.55924736126635322       -4.7449269491773087     
  0.67897524277408394        1.3224852360064325     
  0.82441551550693815        7.1683000107519605     
   1.0009764843865627        4.5304252885275078     
   1.2153763263333666       -18.271844724493434     
   1.4765846423066622        22.896228762546016     
   1.2566370614360001E-002  -2.9218860009054808     
   1.7771531752634635E-002  -1.8626780691974907     
   2.1765592370812048E-002 -0.31478872817713049     
   2.5132741228720001E-002   3.5461708095918341     
   2.9562133651285849E-002 -0.38963511551631047     
   3.8019517526813901E-002 -0.27252018889220930     
   4.5116083860089251E-002   1.4451043479583610     
   5.5056809371101592E-002  0.40614887926687487     
   6.5848341545415051E-002  0.66245077851547163     
   7.9166690278415927E-002   1.1807129372838356     
   9.6964567215568481E-002   1.2306161050632909     
  0.11842995645747310       0.65965864785627393     
  0.14416104292042672       0.93492169209336984     
  0.17483851006932644       0.85200999001599542     
  0.21159335649904049       0.65966037731799609     
  0.25709616209838343       0.61820546668827381     
  0.31264156338248622       0.57655767768312460     
  0.37951482899164635       0.92194913499600673     
  0.46065736128088758       0.75081099529973905     
  0.55924736126635322       0.77117253716852774     
  0.67897524277408394       0.72887085838788113     
  0.82441551550693815        4.3018514648991542E-002
   1.0009764843865627      -0.75506746635652111     
   1.2153763263333666       -1.8491229458681337     
   1.4765846423066622       -3.0388133740343877     
   1.2566370614360001E-002  -2.0421979629460698     
   1.7771531752634635E-002 -0.73245307692864237     
   2.1765592370812048E-002  0.33197259293458675     
   2.5132741228720001E-002   3.6410784709114186     
   2.9562133651285849E-002 -0.36306788383241423     
   3.8019517526813901E-002  -9.3958768763387671E-002
   4.5116083860089251E-002   1.3399318500083746     
   5.5056809371101592E-002  0.34451098746859032     
   6.5848341545415051E-002  0.86102659639289247     
   7.9166690278415927E-002   1.3098289103774936     
   9.6964567215568481E-002   1.0422520872543943     
  0.11842995645747310       0.55980833539463704     
  0.14416104292042672       0.89723391632072158     
  0.17483851006932644       0.67313697847733922     
  0.21159335649904049       0.51038987834648231     
  0.25709616209838343       0.30960796157852227     
  0.31264156338248622       -2.6078732780125884E-002
  0.37951482899164635       0.43174875640243848     
  0.46065736128088758       -5.5328402840142094E-002
  0.55924736126635322       0.20132737492459626     
  0.67897524277408394       0.26365075644190306     
  0.82441551550693815      -0.96870921134617305     
   1.0009764843865627      -0.44112297326108540     
   1.2153763263333666       -1.2742933546514976     
   1.4765846423066622       -1.4244344568851297     
   1.2566370614360001E-002  -3.4795230979042233     
   1.7771531752634635E-002 -0.27970955494237421     
   2.1765592370812048E-002 -0.20496099524307354     
   2.5132741228720001E-002   4.5769933042060780     
   2.9562133651285849E-002 -0.22835223601564150     
   3.8019517526813901E-002 -0.33801573576246169     
   4.5116083860089251E-002   1.2067324498036289     
   5.5056809371101592E-002  0.40882930259096018     
   6.5848341545415051E-002  0.63706756395847230     
   7.9166690278415927E-002   1.2516301073911766     
   9.6964567215568481E-002   1.0769521447003565     
  0.11842995645747310       0.84973909071479981     
  0.14416104292042672       0.87861910994423043     
  0.17483851006932644       0.60847758983389455     
  0.21159335649904049       -9.5195124292026007E-002
  0.25709616209838343       0.52165158795229472     
  0.31264156338248622       0.15976988087959632     
  0.37951482899164635       0.47484602500528583     
  0.46065736128088758       -3.7577689465358423E-002
  0.55924736126635322       -4.1315394046027416E-002
  0.67897524277408394       -4.6284917653952436E-002
  0.82441551550693815        2.2761770552387537     
   1.0009764843865627       0.42303542981438258     
   1.2153763263333666       -2.6283213007443877     
   1.4765846423066622       -2.1949632288415346     
   1.2566370614360001E-002  -2.3331059397200935     
   1.7771531752634635E-002  -1.9757779943259499     
   2.1765592370812048E-002 -0.38987804693137224     
   2.5132741228720001E-002   3.6508131033607634     
   2.9562133651285849E-002 -0.25013575751287415     
   3.8019517526813901E-002   1.1682358223580287     
   4.5116083860089251E-002  0.94162251624232263     
   5.5056809371101592E-002  0.71890363199820140     
   6.5848341545415051E-002  0.88844820103508626     
   7.9166690278415927E-002  0.75825740202658043     
   9.6964567215568481E-002   1.0113509593396097     
  0.11842995645747310       0.48186516670986457     
  0.14416104292042672       0.96941752721513819     
  0.17483851006932644        1.3243428572886322     
  0.21159335649904049        1.6140563060259372     
  0.25709616209838343       0.91031406654067404     
  0.31264156338248622        1.3423995120495531     
  0.37951482899164635       0.92356932145348103     
  0.46065736128088758        6.4126173695594826E-002
  0.55924736126635322      -0.56895968508395400     
  0.67897524277408394       0.64022775102312679     
  0.82441551550693815       -1.6828309013157428     
   1.0009764843865627        2.1308830023500378     
   1.2153763263333666       0.67568581486756019     
   1.4765846423066622       -2.0753634606601303     
   1.2566370614360001E-002  -5.4375950989610375     
   1.7771531752634635E-002  -5.3631666734819836     
   2.1765592370812048E-002  -1.2828496654008135     
   2.5132741228720001E-002   1.4694894879084837     
   2.9562133651285849E-002  -7.9690237773138439E-002
   3.8019517526813901E-002  -1.3785364466369796     
   4.5116083860089251E-002   1.5362214785579491     
   5.5056809371101592E-002 -0.19367627389004965     
   6.5848341545415051E-002  0.26712655904939558     
   7.9166690278415927E-002   1.4250525827995106     
   9.6964567215568481E-002   2.2773877973973651     
  0.11842995645747310       0.86694372115097629     
  0.14416104292042672        1.6572665526869141     
  0.17483851006932644       0.91729916206888851     
  0.21159335649904049        1.4344183820725387     
  0.25709616209838343        1.2850883126368124     
  0.31264156338248622       0.58649173665405352     
  0.37951482899164635       0.95525656528783465     
  0.46065736128088758        1.9830795235863459     
  0.55924736126635322      -0.12684683303313357     
  0.67897524277408394       -2.7026865934116429     
  0.82441551550693815       -1.5542929921562942     
   1.0009764843865627      -0.29520518280262897     
   1.2153763263333666      -0.12086049027915170     
   1.4765846423066622       -3.4279901880715244     
   1.2566370614360001E-002  -4.6776735337266677     
   1.7771531752634635E-002  -4.2148750016667940     
   2.1765592370812048E-002  -1.6198884592394851     
   2.5132741228720001E-002   1.9483996949207121     
   2.9562133651285849E-002 -0.59506984349890801     
   3.8019517526813901E-002 -0.51165746673521495     
   4.5116083860089251E-002  -3.6281439304614999E-003
   5.5056809371101592E-002 -0.28106915702450563     
   6.5848341545415051E-002 -0.36217919301881296     
   7.9166690278415927E-002  0.70057566929871218     
   9.6964567215568481E-002 -0.43776841786470472     
  0.11842995645747310       0.30408971078989577     
  0.14416104292042672      -0.18265007868892202     
  0.17483851006932644       0.81790462091913929     
  0.21159335649904049       0.80944007112803074     
  0.25709616209838343       0.58262305123305969     
  0.31264156338248622      -0.40174028672503981     
  0.37951482899164635      -0.69906725353783705     
  0.46065736128088758      -0.63250876430941549     
  0.55924736126635322       0.48593339216126846     
  0.67897524277408394      -0.77950435918631433     
  0.82441551550693815       -1.6831220515510370     
   1.0009764843865627        3.2467458902477775     
   1.2153763263333666        1.2600873237296405E-002
   1.4765846423066622       -3.0992199971554557     
   1.2566370614360001E-002  -7.1388968278581286     
   1.7771531752634635E-002  -1.7438721003110544     
   2.1765592370812048E-002  -1.0426071373911463     
   2.5132741228720001E-002  -3.1135107900862762     
   2.9562133651285849E-002   4.8555767526930659E-002
   3.8019517526813901E-002  0.62119214002286938     
   4.5116083860089251E-002   1.5038654541238474     
   5.5056809371101592E-002   2.1120651692809611     
   6.5848341545415051E-002   1.0538158068486734     
   7.9166690278415927E-002  0.51715797677635422     
   9.6964567215568481E-002   1.1340544649323518     
  0.11842995645747310        1.8286249043960838     
  0.14416104292042672        3.1223323897999693     
  0.17483851006932644        2.1967617301446585     
  0.21159335649904049        4.4431139388976257     
  0.25709616209838343        2.1190519863220620     
  0.31264156338248622      -0.46675864466404454     
  0.37951482899164635       -3.2554597618037873     
  0.46065736128088758       -5.1332531878191370     
  0.55924736126635322       -4.7449269491773087     
  0.67897524277408394        1.3224852360064325     
  0.82441551550693815        7.1683000107519605     
   1.0009764843865627        4.5304252885275078     
   1.2153763263333666       -18.271844724493434     
   1.4765846423066622        22.896228762546016     
   1.2566370614360001E-002 -0.54060166169650647     
   1.7771531752634635E-002  0.95462277136279372     
   2.1765592370812048E-002  0.21412051281934463     
   2.5132741228720001E-002   2.6507177934550605     
   2.9562133651285849E-002  -2.5732152557426411     
   3.8019517526813901E-002 -0.39952623562397405     
   4.5116083860089251E-002   2.2472248003354367     
   5.5056809371101592E-002  0.24482031218065692     
   6.5848341545415051E-002  -1.6373156701742035     
   7.9166690278415927E-002   1.0955207236874431     
   9.6964567215568481E-002  -1.3220548378562307     
  0.11842995645747310        1.0514140936669241     
  0.14416104292042672       -1.8971397610802134     
  0.17483851006932644        1.4554103849507523     
  0.21159335649904049       0.59719912219263438     
  0.25709616209838343       0.52212891721820964     
  0.31264156338248622       -1.2816561294446727     
  0.37951482899164635        1.8553681410051779     
  0.46065736128088758       -1.8417150106190221     
  0.55924736126635322        2.8556701455949534     
  0.67897524277408394        1.6243754753401101     
  0.82441551550693815        5.5868636164684027     
   1.0009764843865627        15.844526850495676     
   1.2153763263333666        37.944443763997889     
   1.4765846423066622        111.06364322886928     
