   1.2566370614360001E-002   1.1126024476463381     
   1.7771531752634635E-002  0.97192016834987338     
   2.1765592370812048E-002  0.97356558653941550     
   2.5132741228720001E-002   1.0783309714299081     
   2.9562133651285849E-002  0.95322988399073405     
   3.8019517526813901E-002  0.95469306273232957     
   4.5116083860089251E-002   1.0222012368136764     
   5.5056809371101592E-002   1.0029364603315627     
   6.5848341545415051E-002   1.0220794825206774     
   7.9166690278415927E-002   1.0085422831248612     
   9.6964567215568481E-002   1.0821785246453204     
  0.11842995645747310        1.0422682278505369     
  0.14416104292042672        1.1414823583964469     
  0.17483851006932644        1.1542060158077001     
  0.21159335649904049        1.2173536897515747     
  0.25709616209838343        1.2395222015178049     
  0.31264156338248622        1.3443512598869687     
  0.37951482899164635        1.4876304617610263     
  0.46065736128088758        1.6452440494515086     
  0.55924736126635322        1.8546233981305986     
  0.67897524277408394        2.1118094928065685     
  0.82441551550693815        2.4344978640697557     
   1.0009764843865627        2.7939474522017673     
   1.2153763263333666        3.2521806367258641     
   1.4765846423066622        3.7777545242134685     
   1.2566370614360001E-002   1.1211854707023583     
   1.7771531752634635E-002  0.92809640117340719     
   2.1765592370812048E-002  0.98083217436452741     
   2.5132741228720001E-002   1.1358487536474688     
   2.9562133651285849E-002  0.95110266512773944     
   3.8019517526813901E-002  0.98482657654945871     
   4.5116083860089251E-002   1.0429163401571957     
   5.5056809371101592E-002  0.97793461853979036     
   6.5848341545415051E-002   1.0032841783705284     
   7.9166690278415927E-002   1.0092187153800269     
   9.6964567215568481E-002   1.0929136860346620     
  0.11842995645747310        1.0474264642499365     
  0.14416104292042672        1.1472304311612744     
  0.17483851006932644        1.1545464086419246     
  0.21159335649904049        1.2403414322213193     
  0.25709616209838343        1.2773255003181143     
  0.31264156338248622        1.3925786040149410     
  0.37951482899164635        1.5616377144030633     
  0.46065736128088758        1.7072840852338989     
  0.55924736126635322        1.9531131921372153     
  0.67897524277408394        2.2188342659613083     
  0.82441551550693815        2.5591397884466329     
   1.0009764843865627        2.8869538527962715     
   1.2153763263333666        3.2755387531116402     
   1.4765846423066622        3.6905685947996165     
   1.2566370614360001E-002  0.56217055365427770     
   1.7771531752634635E-002   1.0441800316022622     
   2.1765592370812048E-002   1.0274064551338224     
   2.5132741228720001E-002   1.1147252341320280     
   2.9562133651285849E-002   1.0585735554008859     
   3.8019517526813901E-002   1.0598702843821723     
   4.5116083860089251E-002  0.92816691114390293     
   5.5056809371101592E-002   1.0242217638610258     
   6.5848341545415051E-002   1.0109944451442758     
   7.9166690278415927E-002   1.0366728858615002     
   9.6964567215568481E-002   1.0585404538967911     
  0.11842995645747310       0.99701913622584970     
  0.14416104292042672        1.1372161890433681     
  0.17483851006932644        1.1020089652389971     
  0.21159335649904049        1.2254029663598565     
  0.25709616209838343        1.2606648240283949     
  0.31264156338248622        1.3787539173542220     
  0.37951482899164635        1.5362226751692691     
  0.46065736128088758        1.6427943621435546     
  0.55924736126635322        1.8816806702233908     
  0.67897524277408394        2.0823826280945128     
  0.82441551550693815        2.2890451685925188     
   1.0009764843865627        2.5114567852257688     
   1.2153763263333666        2.7571956753276345     
   1.4765846423066622        2.9198221092508176     
   1.2566370614360001E-002  0.87917798610552134     
   1.7771531752634635E-002  0.71276736371936744     
   2.1765592370812048E-002   1.7234177323707589     
   2.5132741228720001E-002   1.3423638681959726     
   2.9562133651285849E-002   1.0595593945842241     
   3.8019517526813901E-002  0.99754885359304279     
   4.5116083860089251E-002  0.83314631097206071     
   5.5056809371101592E-002  0.99218911296441248     
   6.5848341545415051E-002   1.1076655647075135     
   7.9166690278415927E-002   1.0408609006247742     
   9.6964567215568481E-002   1.1388939323713780     
  0.11842995645747310       0.99634649624348159     
  0.14416104292042672        1.2358550837941418     
  0.17483851006932644        1.2603475989163542     
  0.21159335649904049        1.3460500736166343     
  0.25709616209838343        1.3666362411860391     
  0.31264156338248622        1.4439154263891125     
  0.37951482899164635        1.5288451796777371     
  0.46065736128088758        1.7041483897360052     
  0.55924736126635322        1.9530810932140139     
  0.67897524277408394        2.0474115041553334     
  0.82441551550693815        2.2408217828260515     
   1.0009764843865627        2.3754594081749771     
   1.2153763263333666        2.3684589377519423     
   1.4765846423066622        2.3384832280018752     
   1.2566370614360001E-002   1.1409163066693211     
   1.7771531752634635E-002  0.83540563081640962     
   2.1765592370812048E-002   1.8556732216497305     
   2.5132741228720001E-002   1.9894298178310739     
   2.9562133651285849E-002  0.49639010835264669     
   3.8019517526813901E-002  0.71214499320766222     
   4.5116083860089251E-002  0.76217961189094263     
   5.5056809371101592E-002   1.0568956407772401     
   6.5848341545415051E-002   1.0534615470269453     
   7.9166690278415927E-002   1.1733557290510346     
   9.6964567215568481E-002   1.1043881213932893     
  0.11842995645747310        1.2786257703070756     
  0.14416104292042672        1.1788523652465011     
  0.17483851006932644        1.1490892747285073     
  0.21159335649904049        1.3584139931753865     
  0.25709616209838343        1.1822938766518525     
  0.31264156338248622        1.3074864286295225     
  0.37951482899164635        1.4168015999286161     
  0.46065736128088758        1.4851496322768039     
  0.55924736126635322        1.6933993246016168     
  0.67897524277408394        1.6869535927927397     
  0.82441551550693815        1.7834719694123056     
   1.0009764843865627        2.0699707684234698     
   1.2153763263333666        2.0733654932569343     
   1.4765846423066622        1.4112852244176186     
   1.2566370614360001E-002  0.11101048991133367     
   1.7771531752634635E-002 -0.67435504397700552     
   2.1765592370812048E-002   2.7134849388616478     
   2.5132741228720001E-002   1.4528278421389722     
   2.9562133651285849E-002  0.26059901505857247     
   3.8019517526813901E-002   1.4505154139608420     
   4.5116083860089251E-002  -5.1027439683883187E-002
   5.5056809371101592E-002   1.1571615685703289     
   6.5848341545415051E-002  0.68951939183044175     
   7.9166690278415927E-002  0.78326534414374382     
   9.6964567215568481E-002   1.1057449840879570     
  0.11842995645747310       0.86982904774544312     
  0.14416104292042672        1.2170521709550932     
  0.17483851006932644       0.87060928257491488     
  0.21159335649904049       0.95842252874580591     
  0.25709616209838343        1.1203611239046460     
  0.31264156338248622        1.1942765778413498     
  0.37951482899164635        1.3838066985389992     
  0.46065736128088758        1.2663562179450751     
  0.55924736126635322        1.5532315576256097     
  0.67897524277408394        1.7564890153668697     
  0.82441551550693815        1.6012447821997069     
   1.0009764843865627        1.6060816425152094     
   1.2153763263333666        1.2950759167458867     
   1.4765846423066622       0.97262077051884710     
   1.2566370614360001E-002  0.79989088142975140     
   1.7771531752634635E-002  -1.4705403683328073     
   2.1765592370812048E-002  -2.2719721095403704     
   2.5132741228720001E-002  -1.1298691290901945     
   2.9562133651285849E-002   1.4730135742298596     
   3.8019517526813901E-002 -0.88999988692378285     
   4.5116083860089251E-002   2.1233157634050821     
   5.5056809371101592E-002  0.96386040614919322     
   6.5848341545415051E-002  0.38875882814148183     
   7.9166690278415927E-002  0.60275820730886520     
   9.6964567215568481E-002   1.1484713241893796     
  0.11842995645747310        1.0878276895888364     
  0.14416104292042672       0.79354158469311931     
  0.17483851006932644        1.3486894197548895     
  0.21159335649904049       0.77660920132340283     
  0.25709616209838343       0.80372056522964552     
  0.31264156338248622       0.52389574400328365     
  0.37951482899164635       0.12235788801512143     
  0.46065736128088758       0.68327382597295061     
  0.55924736126635322       0.66842230264789282     
  0.67897524277408394        1.0053182839873347     
  0.82441551550693815        1.4975505750683460     
   1.0009764843865627       0.61381612277840158     
   1.2153763263333666       0.47412779665115407     
   1.4765846423066622      -0.48079126944835404     
   1.2566370614360001E-002  0.28445138649418139     
   1.7771531752634635E-002   2.9192958815456609     
   2.1765592370812048E-002  0.32736561545257248     
   2.5132741228720001E-002  0.36564969019029503     
   2.9562133651285849E-002 -0.79110304505860807     
   3.8019517526813901E-002   2.1229884547873010     
   4.5116083860089251E-002   1.6340646092644007     
   5.5056809371101592E-002  0.47101441501176128     
   6.5848341545415051E-002 -0.26893409559415399     
   7.9166690278415927E-002 -0.46692827811121868     
   9.6964567215568481E-002   1.0192085929334613     
  0.11842995645747310       0.57298550824395489     
  0.14416104292042672       0.30111714580891125     
  0.17483851006932644        5.1188536896181669E-003
  0.21159335649904049       0.52315735980893141     
  0.25709616209838343       0.40772191039733963     
  0.31264156338248622       0.51843261650421446     
  0.37951482899164635       0.77520184015466931     
  0.46065736128088758       0.79848199170045919     
  0.55924736126635322       0.79857574201232695     
  0.67897524277408394       0.38632695745252177     
  0.82441551550693815       0.80855302905463733     
   1.0009764843865627       0.48383683977226993     
   1.2153763263333666      -0.34272041344707438     
   1.4765846423066622      -0.54471453860511176     
   1.2566370614360001E-002   1.1211854707023583     
   1.7771531752634635E-002  0.92809640117340719     
   2.1765592370812048E-002  0.98083217436452741     
   2.5132741228720001E-002   1.1358487536474688     
   2.9562133651285849E-002  0.95110266512773944     
   3.8019517526813901E-002  0.98482657654945871     
   4.5116083860089251E-002   1.0429163401571957     
   5.5056809371101592E-002  0.97793461853979036     
   6.5848341545415051E-002   1.0032841783705284     
   7.9166690278415927E-002   1.0092187153800269     
   9.6964567215568481E-002   1.0929136860346620     
  0.11842995645747310        1.0474264642499365     
  0.14416104292042672        1.1472304311612744     
  0.17483851006932644        1.1545464086419246     
  0.21159335649904049        1.2403414322213193     
  0.25709616209838343        1.2773255003181143     
  0.31264156338248622        1.3925786040149410     
  0.37951482899164635        1.5616377144030633     
  0.46065736128088758        1.7072840852338989     
  0.55924736126635322        1.9531131921372153     
  0.67897524277408394        2.2188342659613083     
  0.82441551550693815        2.5591397884466329     
   1.0009764843865627        2.8869538527962715     
   1.2153763263333666        3.2755387531116402     
   1.4765846423066622        3.6905685947996165     
   1.2566370614360001E-002   1.2045725394518021     
   1.7771531752634635E-002  0.86615098236923638     
   2.1765592370812048E-002  0.97000587019808893     
   2.5132741228720001E-002   1.1612552208292561     
   2.9562133651285849E-002  0.93102991867501139     
   3.8019517526813901E-002  0.99563027700717177     
   4.5116083860089251E-002   1.0663029861952060     
   5.5056809371101592E-002  0.96797282174008847     
   6.5848341545415051E-002  0.99537592783156970     
   7.9166690278415927E-002   1.0152955813724198     
   9.6964567215568481E-002   1.1526983395699937     
  0.11842995645747310        1.0841074148946765     
  0.14416104292042672        1.1780776752141440     
  0.17483851006932644        1.2255004080314524     
  0.21159335649904049        1.3181598302825521     
  0.25709616209838343        1.4036303632455660     
  0.31264156338248622        1.5670075969937767     
  0.37951482899164635        1.7904007584126840     
  0.46065736128088758        2.0102674351958321     
  0.55924736126635322        2.3249999601970757     
  0.67897524277408394        2.6600810103095061     
  0.82441551550693815        3.0811947608821693     
   1.0009764843865627        3.5201265955686671     
   1.2153763263333666        3.9888990795450323     
   1.4765846423066622        4.4415952841413500     
   1.2566370614360001E-002  0.61365035275051638     
   1.7771531752634635E-002  0.94913463598775594     
   2.1765592370812048E-002   1.0364440457225563     
   2.5132741228720001E-002   1.1266758913295436     
   2.9562133651285849E-002   1.0517021115496947     
   3.8019517526813901E-002   1.0849775293226234     
   4.5116083860089251E-002  0.92662652377018606     
   5.5056809371101592E-002   1.0108373531955728     
   6.5848341545415051E-002   1.0184381418191344     
   7.9166690278415927E-002   1.0269177926629069     
   9.6964567215568481E-002   1.1148433938804698     
  0.11842995645747310        1.0755293034767790     
  0.14416104292042672        1.1963693477264041     
  0.17483851006932644        1.2085258287826950     
  0.21159335649904049        1.3861098286570912     
  0.25709616209838343        1.4934172881057834     
  0.31264156338248622        1.6754742705388119     
  0.37951482899164635        1.9300349724981531     
  0.46065736128088758        2.1316237454320692     
  0.55924736126635322        2.4306300490904658     
  0.67897524277408394        2.8804245036250555     
  0.82441551550693815        3.2348946013753062     
   1.0009764843865627        3.6021797682837406     
   1.2153763263333666        3.8898578333631275     
   1.4765846423066622        4.0610944798627395     
   1.2566370614360001E-002   1.0656433386870838     
   1.7771531752634635E-002  0.62603901303687637     
   2.1765592370812048E-002   1.5805918965131094     
   2.5132741228720001E-002   1.3118741595187284     
   2.9562133651285849E-002   1.0070016444753223     
   3.8019517526813901E-002  0.95605503984455953     
   4.5116083860089251E-002  0.84474959970272012     
   5.5056809371101592E-002  0.99794361482677341     
   6.5848341545415051E-002   1.0895240442139158     
   7.9166690278415927E-002   1.0491450586828077     
   9.6964567215568481E-002   1.2324679469312634     
  0.11842995645747310        1.0915267577229810     
  0.14416104292042672        1.2692499279083085     
  0.17483851006932644        1.4024271850502636     
  0.21159335649904049        1.5421036819627980     
  0.25709616209838343        1.5799599881455679     
  0.31264156338248622        1.8057537471630896     
  0.37951482899164635        1.9502204945894361     
  0.46065736128088758        2.2042642408760509     
  0.55924736126635322        2.6198259292331296     
  0.67897524277408394        2.7224550343249510     
  0.82441551550693815        3.0886080750914524     
   1.0009764843865627        3.2569629361323140     
   1.2153763263333666        3.3259385160780282     
   1.4765846423066622        3.1546358107896140     
   1.2566370614360001E-002   1.0710235691623577     
   1.7771531752634635E-002  0.73751970865300442     
   2.1765592370812048E-002   1.8511936376422842     
   2.5132741228720001E-002   1.9523489231194644     
   2.9562133651285849E-002  0.37777655601059085     
   3.8019517526813901E-002  0.70898024312205077     
   4.5116083860089251E-002  0.86667785657689611     
   5.5056809371101592E-002   1.0361671879409466     
   6.5848341545415051E-002   1.0617190782079597     
   7.9166690278415927E-002   1.1912619598795542     
   9.6964567215568481E-002   1.2369492761715486     
  0.11842995645747310        1.4429718740328865     
  0.14416104292042672        1.3177368026575140     
  0.17483851006932644        1.4936308994293233     
  0.21159335649904049        1.5758398274440883     
  0.25709616209838343        1.6184823860642956     
  0.31264156338248622        1.6878665736785885     
  0.37951482899164635        2.0361903214140122     
  0.46065736128088758        1.9798077425283489     
  0.55924736126635322        2.6010174224544116     
  0.67897524277408394        2.6635051290159737     
  0.82441551550693815        2.7056735565761234     
   1.0009764843865627        2.9777755186751667     
   1.2153763263333666        2.4124095119186468     
   1.4765846423066622        1.6320428258974853     
   1.2566370614360001E-002  0.45620798688898290     
   1.7771531752634635E-002 -0.63210339256613668     
   2.1765592370812048E-002   2.5871961967151833     
   2.5132741228720001E-002   1.4473746113851667     
   2.9562133651285849E-002  0.55576936452191794     
   3.8019517526813901E-002   1.6300562631218769     
   4.5116083860089251E-002  0.22831682758407507     
   5.5056809371101592E-002   1.3367862435283731     
   6.5848341545415051E-002  0.69448448222141168     
   7.9166690278415927E-002  0.78838939669396990     
   9.6964567215568481E-002   1.2595329169328546     
  0.11842995645747310       0.86355892011727031     
  0.14416104292042672        1.3668463202130010     
  0.17483851006932644        1.1563287749326163     
  0.21159335649904049        1.1953952173057354     
  0.25709616209838343        1.2643220716233916     
  0.31264156338248622        1.6996012055370611     
  0.37951482899164635        1.8148156078319213     
  0.46065736128088758        1.5653211906043105     
  0.55924736126635322        1.9185313580328041     
  0.67897524277408394        2.2384367989074305     
  0.82441551550693815        2.0997477923303887     
   1.0009764843865627        2.7330862594792631     
   1.2153763263333666        1.3431208706945770     
   1.4765846423066622        1.8362827146734277     
   1.2566370614360001E-002 -0.87869296670759356     
   1.7771531752634635E-002  -1.9672733676443623     
   2.1765592370812048E-002  -2.0838642294641496     
   2.5132741228720001E-002  -1.0924231512473184     
   2.9562133651285849E-002   1.4436738313755619     
   3.8019517526813901E-002 -0.88634706345814507     
   4.5116083860089251E-002   1.9263742629947898     
   5.5056809371101592E-002   1.0194524254513624     
   6.5848341545415051E-002  0.38545302636061080     
   7.9166690278415927E-002  0.62801465078373131     
   9.6964567215568481E-002  0.89532095677026025     
  0.11842995645747310        1.0637324879459105     
  0.14416104292042672       0.71971194929217452     
  0.17483851006932644        1.8681687385005492     
  0.21159335649904049       0.84689567127953491     
  0.25709616209838343       0.85969259252581698     
  0.31264156338248622        1.1189251893585728     
  0.37951482899164635       0.90978075711974327     
  0.46065736128088758        1.1209410153412542     
  0.55924736126635322       0.86924622877840330     
  0.67897524277408394        2.0975129026840338     
  0.82441551550693815        1.0083787713284480     
   1.0009764843865627      -0.54068488333869580     
   1.2153763263333666       0.21772715376818644     
   1.4765846423066622      -0.38490298733064759     
   1.2566370614360001E-002   1.1034849377950189     
   1.7771531752634635E-002   2.4785400616758979     
   2.1765592370812048E-002  0.18085143644933169     
   2.5132741228720001E-002  0.58932509617972972     
   2.9562133651285849E-002 -0.43594775860264512     
   3.8019517526813901E-002  0.99812555079773924     
   4.5116083860089251E-002   1.4296131492127111     
   5.5056809371101592E-002  0.67893803331243041     
   6.5848341545415051E-002  -1.1664557709712257E-002
   7.9166690278415927E-002 -0.14417062011789394     
   9.6964567215568481E-002  0.66538758282697519     
  0.11842995645747310       0.58254978597105922     
  0.14416104292042672       0.20508481392451758     
  0.17483851006932644       0.24128454246758771     
  0.21159335649904049       0.67116655269281189     
  0.25709616209838343       0.71372704580982960     
  0.31264156338248622        6.0321797311627512E-002
  0.37951482899164635       0.36536938676535563     
  0.46065736128088758       0.43288363505085226     
  0.55924736126635322        9.2523826963246646E-003
  0.67897524277408394      -0.58311814246849381     
  0.82441551550693815       0.14274869546551749     
   1.0009764843865627       0.89579767995817527     
   1.2153763263333666      -0.24779791657860467     
   1.4765846423066622       -2.1801211326672871     
   1.2566370614360001E-002  0.56217055365427770     
   1.7771531752634635E-002   1.0441800316022622     
   2.1765592370812048E-002   1.0274064551338224     
   2.5132741228720001E-002   1.1147252341320280     
   2.9562133651285849E-002   1.0585735554008859     
   3.8019517526813901E-002   1.0598702843821723     
   4.5116083860089251E-002  0.92816691114390293     
   5.5056809371101592E-002   1.0242217638610258     
   6.5848341545415051E-002   1.0109944451442758     
   7.9166690278415927E-002   1.0366728858615002     
   9.6964567215568481E-002   1.0585404538967911     
  0.11842995645747310       0.99701913622584970     
  0.14416104292042672        1.1372161890433681     
  0.17483851006932644        1.1020089652389971     
  0.21159335649904049        1.2254029663598565     
  0.25709616209838343        1.2606648240283949     
  0.31264156338248622        1.3787539173542220     
  0.37951482899164635        1.5362226751692691     
  0.46065736128088758        1.6427943621435546     
  0.55924736126635322        1.8816806702233908     
  0.67897524277408394        2.0823826280945128     
  0.82441551550693815        2.2890451685925188     
   1.0009764843865627        2.5114567852257688     
   1.2153763263333666        2.7571956753276345     
   1.4765846423066622        2.9198221092508176     
   1.2566370614360001E-002  0.61365035275051638     
   1.7771531752634635E-002  0.94913463598775594     
   2.1765592370812048E-002   1.0364440457225563     
   2.5132741228720001E-002   1.1266758913295436     
   2.9562133651285849E-002   1.0517021115496947     
   3.8019517526813901E-002   1.0849775293226234     
   4.5116083860089251E-002  0.92662652377018606     
   5.5056809371101592E-002   1.0108373531955728     
   6.5848341545415051E-002   1.0184381418191344     
   7.9166690278415927E-002   1.0269177926629069     
   9.6964567215568481E-002   1.1148433938804698     
  0.11842995645747310        1.0755293034767790     
  0.14416104292042672        1.1963693477264041     
  0.17483851006932644        1.2085258287826950     
  0.21159335649904049        1.3861098286570912     
  0.25709616209838343        1.4934172881057834     
  0.31264156338248622        1.6754742705388119     
  0.37951482899164635        1.9300349724981531     
  0.46065736128088758        2.1316237454320692     
  0.55924736126635322        2.4306300490904658     
  0.67897524277408394        2.8804245036250555     
  0.82441551550693815        3.2348946013753062     
   1.0009764843865627        3.6021797682837406     
   1.2153763263333666        3.8898578333631275     
   1.4765846423066622        4.0610944798627395     
   1.2566370614360001E-002  0.20228324987585045     
   1.7771531752634635E-002   1.0133740433984528     
   2.1765592370812048E-002   1.0788176989350677     
   2.5132741228720001E-002   1.1877766223452564     
   2.9562133651285849E-002   1.1981833711359431     
   3.8019517526813901E-002   1.2439308857969607     
   4.5116083860089251E-002  0.81958038515532150     
   5.5056809371101592E-002   1.1072427626864467     
   6.5848341545415051E-002   1.0688462401569161     
   7.9166690278415927E-002   1.1702284649040935     
   9.6964567215568481E-002   1.1886288984882676     
  0.11842995645747310        1.2145172343356578     
  0.14416104292042672        1.3322818538841525     
  0.17483851006932644        1.3571837084638347     
  0.21159335649904049        1.6321098862173555     
  0.25709616209838343        1.7958687502163773     
  0.31264156338248622        2.0306869175529121     
  0.37951482899164635        2.3485133989648355     
  0.46065736128088758        2.6510674978943745     
  0.55924736126635322        3.1310018478542196     
  0.67897524277408394        3.6379473851245132     
  0.82441551550693815        4.1250114325526965     
   1.0009764843865627        4.6928183042447644     
   1.2153763263333666        4.9478173821614826     
   1.4765846423066622        5.9209425180855364     
   1.2566370614360001E-002  0.36550520931437158     
   1.7771531752634635E-002  0.62434410327240430     
   2.1765592370812048E-002   1.7454961385528232     
   2.5132741228720001E-002   1.1263643896015090     
   2.9562133651285849E-002   1.0673644039588142     
   3.8019517526813901E-002   1.1261840480373095     
   4.5116083860089251E-002  0.81753173945666124     
   5.5056809371101592E-002  0.99057330082571127     
   6.5848341545415051E-002   1.0712091659555820     
   7.9166690278415927E-002   1.0991376299370941     
   9.6964567215568481E-002   1.2616901649438206     
  0.11842995645747310        1.1461567353880284     
  0.14416104292042672        1.5168251938783524     
  0.17483851006932644        1.6476570968773590     
  0.21159335649904049        1.8342385180017946     
  0.25709616209838343        1.9765733136007011     
  0.31264156338248622        2.2880382240344743     
  0.37951482899164635        2.5426601977731882     
  0.46065736128088758        3.0909661695571544     
  0.55924736126635322        3.6818063818150839     
  0.67897524277408394        3.9632196829687110     
  0.82441551550693815        4.6160857633972929     
   1.0009764843865627        4.8131073382426397     
   1.2153763263333666        4.8447097020859617     
   1.4765846423066622        4.6742121619744363     
   1.2566370614360001E-002  0.26318164220642798     
   1.7771531752634635E-002   1.0705076271072906     
   2.1765592370812048E-002   1.6350213280926522     
   2.5132741228720001E-002   1.8954550621404371     
   2.9562133651285849E-002  0.47897046395230436     
   3.8019517526813901E-002  0.76367636652923288     
   4.5116083860089251E-002  0.77107500993162703     
   5.5056809371101592E-002   1.1823550159746814     
   6.5848341545415051E-002   1.0897266661701182     
   7.9166690278415927E-002   1.3371913017309460     
   9.6964567215568481E-002   1.3637840648969433     
  0.11842995645747310        1.6479619170419080     
  0.14416104292042672        1.6961349803783912     
  0.17483851006932644        1.5064525996832734     
  0.21159335649904049        2.0880336972197768     
  0.25709616209838343        2.1113237235838023     
  0.31264156338248622        2.3020386673667783     
  0.37951482899164635        2.5661985318563638     
  0.46065736128088758        3.0069391813172652     
  0.55924736126635322        3.4750534528343233     
  0.67897524277408394        4.1432604220785230     
  0.82441551550693815        4.3048534773905089     
   1.0009764843865627        4.0702792924362923     
   1.2153763263333666        3.3903641796969310     
   1.4765846423066622        3.2932990704038039     
   1.2566370614360001E-002  0.14664027394691909     
   1.7771531752634635E-002 -0.29442148637859650     
   2.1765592370812048E-002   2.6428603300386295     
   2.5132741228720001E-002   2.1951449365143816     
   2.9562133651285849E-002  0.70411331143782607     
   3.8019517526813901E-002   2.3097904826543711     
   4.5116083860089251E-002  0.21578995408020829     
   5.5056809371101592E-002   1.0815636425056907     
   6.5848341545415051E-002  0.81525994232087251     
   7.9166690278415927E-002   1.2658620247274448     
   9.6964567215568481E-002   1.7005172759686451     
  0.11842995645747310       0.74798166734272886     
  0.14416104292042672        1.8127784822286614     
  0.17483851006932644        1.5782097156094133     
  0.21159335649904049        1.6192938149296356     
  0.25709616209838343        2.1297243550296803     
  0.31264156338248622        1.8293849518766137     
  0.37951482899164635        2.7967924287240820     
  0.46065736128088758        3.1740128063853481     
  0.55924736126635322        3.4867825898088016     
  0.67897524277408394        4.3854932620652267     
  0.82441551550693815        3.2620621750150138     
   1.0009764843865627        4.6735388160470883     
   1.2153763263333666        2.7419360530792916     
   1.4765846423066622       0.18641076387059261     
   1.2566370614360001E-002   1.3396416856267066     
   1.7771531752634635E-002 -0.60342276991877808     
   2.1765592370812048E-002  -2.3975507085722358     
   2.5132741228720001E-002 -0.36489168004657740     
   2.9562133651285849E-002   1.1597555717257491     
   3.8019517526813901E-002  -7.8498844086269004E-002
   4.5116083860089251E-002   1.8926895354910582     
   5.5056809371101592E-002   1.0277525452877576     
   6.5848341545415051E-002  0.35076922323668019     
   7.9166690278415927E-002  0.71436739299687979     
   9.6964567215568481E-002  0.70397983727932223     
  0.11842995645747310        1.1667229958792620     
  0.14416104292042672       0.66931895128234253     
  0.17483851006932644        1.5954846350510077     
  0.21159335649904049        1.2429964354907128     
  0.25709616209838343        1.9422746618206921     
  0.31264156338248622        2.3175220695153631     
  0.37951482899164635        1.7560460348230320     
  0.46065736128088758        1.6534664489711046     
  0.55924736126635322        1.7787057842480740     
  0.67897524277408394        2.3283660081955193     
  0.82441551550693815        3.4700979130267333     
   1.0009764843865627        2.5437145338678717     
   1.2153763263333666      -0.93269322715561331     
   1.4765846423066622       -1.5873729889184836     
   1.2566370614360001E-002  0.47210497361172921     
   1.7771531752634635E-002   3.3642889548908688     
   2.1765592370812048E-002  -1.2624970989356479     
   2.5132741228720001E-002  0.19275846160817850     
   2.9562133651285849E-002 -0.37640033775050824     
   3.8019517526813901E-002   2.9334592592672770     
   4.5116083860089251E-002   1.3611251393881141     
   5.5056809371101592E-002  0.52292937077020640     
   6.5848341545415051E-002 -0.10081434421284143     
   7.9166690278415927E-002 -0.21158923683119624     
   9.6964567215568481E-002   2.6418576954302462     
  0.11842995645747310        1.3721753384234081     
  0.14416104292042672       0.57202462803384557     
  0.17483851006932644       0.21238404048419715     
  0.21159335649904049      -0.30350635045529334     
  0.25709616209838343        2.0047659272737874     
  0.31264156338248622        1.3612630251775859     
  0.37951482899164635        1.0952556750656950     
  0.46065736128088758        2.5974443466009154     
  0.55924736126635322        2.7798577496524857     
  0.67897524277408394        8.2859826635089368E-002
  0.82441551550693815       0.86214978626908301     
   1.0009764843865627       -1.4143450878470127     
   1.2153763263333666       -1.0697862688225721     
   1.4765846423066622       -5.0525144096667294     
   1.2566370614360001E-002  0.87917798610552134     
   1.7771531752634635E-002  0.71276736371936744     
   2.1765592370812048E-002   1.7234177323707589     
   2.5132741228720001E-002   1.3423638681959726     
   2.9562133651285849E-002   1.0595593945842241     
   3.8019517526813901E-002  0.99754885359304279     
   4.5116083860089251E-002  0.83314631097206071     
   5.5056809371101592E-002  0.99218911296441248     
   6.5848341545415051E-002   1.1076655647075135     
   7.9166690278415927E-002   1.0408609006247742     
   9.6964567215568481E-002   1.1388939323713780     
  0.11842995645747310       0.99634649624348159     
  0.14416104292042672        1.2358550837941418     
  0.17483851006932644        1.2603475989163542     
  0.21159335649904049        1.3460500736166343     
  0.25709616209838343        1.3666362411860391     
  0.31264156338248622        1.4439154263891125     
  0.37951482899164635        1.5288451796777371     
  0.46065736128088758        1.7041483897360052     
  0.55924736126635322        1.9530810932140139     
  0.67897524277408394        2.0474115041553334     
  0.82441551550693815        2.2408217828260515     
   1.0009764843865627        2.3754594081749771     
   1.2153763263333666        2.3684589377519423     
   1.4765846423066622        2.3384832280018752     
   1.2566370614360001E-002   1.0656433386870838     
   1.7771531752634635E-002  0.62603901303687637     
   2.1765592370812048E-002   1.5805918965131094     
   2.5132741228720001E-002   1.3118741595187284     
   2.9562133651285849E-002   1.0070016444753223     
   3.8019517526813901E-002  0.95605503984455953     
   4.5116083860089251E-002  0.84474959970272012     
   5.5056809371101592E-002  0.99794361482677341     
   6.5848341545415051E-002   1.0895240442139158     
   7.9166690278415927E-002   1.0491450586828077     
   9.6964567215568481E-002   1.2324679469312634     
  0.11842995645747310        1.0915267577229810     
  0.14416104292042672        1.2692499279083085     
  0.17483851006932644        1.4024271850502636     
  0.21159335649904049        1.5421036819627980     
  0.25709616209838343        1.5799599881455679     
  0.31264156338248622        1.8057537471630896     
  0.37951482899164635        1.9502204945894361     
  0.46065736128088758        2.2042642408760509     
  0.55924736126635322        2.6198259292331296     
  0.67897524277408394        2.7224550343249510     
  0.82441551550693815        3.0886080750914524     
   1.0009764843865627        3.2569629361323140     
   1.2153763263333666        3.3259385160780282     
   1.4765846423066622        3.1546358107896140     
   1.2566370614360001E-002  0.36550520931437158     
   1.7771531752634635E-002  0.62434410327240430     
   2.1765592370812048E-002   1.7454961385528232     
   2.5132741228720001E-002   1.1263643896015090     
   2.9562133651285849E-002   1.0673644039588142     
   3.8019517526813901E-002   1.1261840480373095     
   4.5116083860089251E-002  0.81753173945666124     
   5.5056809371101592E-002  0.99057330082571127     
   6.5848341545415051E-002   1.0712091659555820     
   7.9166690278415927E-002   1.0991376299370941     
   9.6964567215568481E-002   1.2616901649438206     
  0.11842995645747310        1.1461567353880284     
  0.14416104292042672        1.5168251938783524     
  0.17483851006932644        1.6476570968773590     
  0.21159335649904049        1.8342385180017946     
  0.25709616209838343        1.9765733136007011     
  0.31264156338248622        2.2880382240344743     
  0.37951482899164635        2.5426601977731882     
  0.46065736128088758        3.0909661695571544     
  0.55924736126635322        3.6818063818150839     
  0.67897524277408394        3.9632196829687110     
  0.82441551550693815        4.6160857633972929     
   1.0009764843865627        4.8131073382426397     
   1.2153763263333666        4.8447097020859617     
   1.4765846423066622        4.6742121619744363     
   1.2566370614360001E-002   1.3385981039496511     
   1.7771531752634635E-002 -0.11145049044604234     
   2.1765592370812048E-002   2.1323196394222390     
   2.5132741228720001E-002   1.4368270563007643     
   2.9562133651285849E-002  0.85513402753172185     
   3.8019517526813901E-002  0.71917598907026059     
   4.5116083860089251E-002  0.77296115500341489     
   5.5056809371101592E-002  0.78157604879107312     
   6.5848341545415051E-002   1.0222695427215256     
   7.9166690278415927E-002   1.2809340466021157     
   9.6964567215568481E-002   1.3794699990495394     
  0.11842995645747310        1.2515701349930717     
  0.14416104292042672        1.6141250878937643     
  0.17483851006932644        1.7254847233903166     
  0.21159335649904049        2.0082364521763165     
  0.25709616209838343        2.2205975284984691     
  0.31264156338248622        2.6186032869492797     
  0.37951482899164635        2.8733455647563138     
  0.46065736128088758        3.8034703854716816     
  0.55924736126635322        4.1455111251322965     
  0.67897524277408394        4.7539055616605461     
  0.82441551550693815        5.4756722981777886     
   1.0009764843865627        5.3977712415487451     
   1.2153763263333666        4.7089772895898641     
   1.4765846423066622        6.2409148095881788     
   1.2566370614360001E-002   1.6905283560845561     
   1.7771531752634635E-002  0.46975342179151897     
   2.1765592370812048E-002   2.2722301529597240     
   2.5132741228720001E-002   1.9416190441249173     
   2.9562133651285849E-002  0.45749471338305220     
   3.8019517526813901E-002  0.65110065345177914     
   4.5116083860089251E-002  0.60716803359176574     
   5.5056809371101592E-002   1.0010887091251983     
   6.5848341545415051E-002  0.96065257946169058     
   7.9166690278415927E-002   1.4235746105330842     
   9.6964567215568481E-002   1.0873858044213507     
  0.11842995645747310        1.5596379307555990     
  0.14416104292042672        2.0195399123365236     
  0.17483851006932644        2.3247309124126962     
  0.21159335649904049        2.6128555167245757     
  0.25709616209838343        2.8858528820428209     
  0.31264156338248622        3.2201807324597964     
  0.37951482899164635        3.8385555309942960     
  0.46065736128088758        3.9885610554397504     
  0.55924736126635322        4.2680981521550878     
  0.67897524277408394        5.4723912878650545     
  0.82441551550693815        5.9630428787254175     
   1.0009764843865627        5.7801103654750712     
   1.2153763263333666        5.5472979208673223     
   1.4765846423066622        3.1082717793134300     
   1.2566370614360001E-002 -0.52063596708535320     
   1.7771531752634635E-002 -0.49589815064215942     
   2.1765592370812048E-002   2.5720608178985280     
   2.5132741228720001E-002   1.0903042286425064     
   2.9562133651285849E-002  -9.1902292917109052E-002
   3.8019517526813901E-002   1.4595573068817680     
   4.5116083860089251E-002 -0.31126337837320711     
   5.5056809371101592E-002   1.0058990925308759     
   6.5848341545415051E-002  0.18200697633371760     
   7.9166690278415927E-002  0.62225145810728788     
   9.6964567215568481E-002  0.99168297526484694     
  0.11842995645747310       0.98721524859444154     
  0.14416104292042672        1.3654630107378742     
  0.17483851006932644       0.88060871586103762     
  0.21159335649904049        1.2924418724966007     
  0.25709616209838343        1.4095488621374608     
  0.31264156338248622        1.7660286052833287     
  0.37951482899164635        2.0545235228137546     
  0.46065736128088758        1.9798032416973530     
  0.55924736126635322        2.8001631428468543     
  0.67897524277408394        1.8041280876820349     
  0.82441551550693815        2.7216313963639664     
   1.0009764843865627      -0.52493239123434532     
   1.2153763263333666       -1.1980276529700771     
   1.4765846423066622      -0.79223420761769447     
   1.2566370614360001E-002  -1.6232069316974180     
   1.7771531752634635E-002  -1.3525462232439585     
   2.1765592370812048E-002  -3.2740306911277810     
   2.5132741228720001E-002  -2.1066238192597870     
   2.9562133651285849E-002  0.16022609385223094     
   3.8019517526813901E-002  -2.7716982934570180     
   4.5116083860089251E-002   1.3071624388906420     
   5.5056809371101592E-002   2.1091209886637374     
   6.5848341545415051E-002   1.3040787847918216     
   7.9166690278415927E-002  0.10324287292265862     
   9.6964567215568481E-002   1.8913748928417344     
  0.11842995645747310        2.5040628311430480     
  0.14416104292042672        2.6447551390166351     
  0.17483851006932644        2.4115628011319274     
  0.21159335649904049        1.9700410104502803     
  0.25709616209838343        1.2484708577414501     
  0.31264156338248622        4.0497297070440625     
  0.37951482899164635        3.0746715238241937     
  0.46065736128088758        4.5472953198028323     
  0.55924736126635322        5.7933272298679803     
  0.67897524277408394        6.2525473469204043     
  0.82441551550693815        6.4292670121572923     
   1.0009764843865627        5.5480801980056187     
   1.2153763263333666       -2.3284244157053893     
   1.4765846423066622       -6.6472818124074422     
   1.2566370614360001E-002  0.37520080225582519     
   1.7771531752634635E-002   1.5809832362437759     
   2.1765592370812048E-002 -0.67953221865061930     
   2.5132741228720001E-002   1.2079727230372401     
   2.9562133651285849E-002  0.13895763439640266     
   3.8019517526813901E-002   2.9322996263927630     
   4.5116083860089251E-002  0.57683159243029813     
   5.5056809371101592E-002  0.82827024940286731     
   6.5848341545415051E-002  0.39897057124653412     
   7.9166690278415927E-002 -0.47119540474469840     
   9.6964567215568481E-002   1.4717312547151125     
  0.11842995645747310        1.2562522858382665     
  0.14416104292042672       0.70254053410143780     
  0.17483851006932644        1.4744355843713812     
  0.21159335649904049        1.5745233623332282     
  0.25709616209838343        2.4687350846850333     
  0.31264156338248622        2.3328474034915430     
  0.37951482899164635        2.7611122641150323     
  0.46065736128088758        4.3248851505455930     
  0.55924736126635322        2.7630593279362512     
  0.67897524277408394        1.3002295267756905     
  0.82441551550693815       0.91797152369904356     
   1.0009764843865627        2.2604781599876360     
   1.2153763263333666        3.0338273027961953     
   1.4765846423066622        3.1178400148595329E-002
   1.2566370614360001E-002   1.1409163066693211     
   1.7771531752634635E-002  0.83540563081640962     
   2.1765592370812048E-002   1.8556732216497305     
   2.5132741228720001E-002   1.9894298178310739     
   2.9562133651285849E-002  0.49639010835264669     
   3.8019517526813901E-002  0.71214499320766222     
   4.5116083860089251E-002  0.76217961189094263     
   5.5056809371101592E-002   1.0568956407772401     
   6.5848341545415051E-002   1.0534615470269453     
   7.9166690278415927E-002   1.1733557290510346     
   9.6964567215568481E-002   1.1043881213932893     
  0.11842995645747310        1.2786257703070756     
  0.14416104292042672        1.1788523652465011     
  0.17483851006932644        1.1490892747285073     
  0.21159335649904049        1.3584139931753865     
  0.25709616209838343        1.1822938766518525     
  0.31264156338248622        1.3074864286295225     
  0.37951482899164635        1.4168015999286161     
  0.46065736128088758        1.4851496322768039     
  0.55924736126635322        1.6933993246016168     
  0.67897524277408394        1.6869535927927397     
  0.82441551550693815        1.7834719694123056     
   1.0009764843865627        2.0699707684234698     
   1.2153763263333666        2.0733654932569343     
   1.4765846423066622        1.4112852244176186     
   1.2566370614360001E-002   1.0710235691623577     
   1.7771531752634635E-002  0.73751970865300442     
   2.1765592370812048E-002   1.8511936376422842     
   2.5132741228720001E-002   1.9523489231194644     
   2.9562133651285849E-002  0.37777655601059085     
   3.8019517526813901E-002  0.70898024312205077     
   4.5116083860089251E-002  0.86667785657689611     
   5.5056809371101592E-002   1.0361671879409466     
   6.5848341545415051E-002   1.0617190782079597     
   7.9166690278415927E-002   1.1912619598795542     
   9.6964567215568481E-002   1.2369492761715486     
  0.11842995645747310        1.4429718740328865     
  0.14416104292042672        1.3177368026575140     
  0.17483851006932644        1.4936308994293233     
  0.21159335649904049        1.5758398274440883     
  0.25709616209838343        1.6184823860642956     
  0.31264156338248622        1.6878665736785885     
  0.37951482899164635        2.0361903214140122     
  0.46065736128088758        1.9798077425283489     
  0.55924736126635322        2.6010174224544116     
  0.67897524277408394        2.6635051290159737     
  0.82441551550693815        2.7056735565761234     
   1.0009764843865627        2.9777755186751667     
   1.2153763263333666        2.4124095119186468     
   1.4765846423066622        1.6320428258974853     
   1.2566370614360001E-002  0.26318164220642798     
   1.7771531752634635E-002   1.0705076271072906     
   2.1765592370812048E-002   1.6350213280926522     
   2.5132741228720001E-002   1.8954550621404371     
   2.9562133651285849E-002  0.47897046395230436     
   3.8019517526813901E-002  0.76367636652923288     
   4.5116083860089251E-002  0.77107500993162703     
   5.5056809371101592E-002   1.1823550159746814     
   6.5848341545415051E-002   1.0897266661701182     
   7.9166690278415927E-002   1.3371913017309460     
   9.6964567215568481E-002   1.3637840648969433     
  0.11842995645747310        1.6479619170419080     
  0.14416104292042672        1.6961349803783912     
  0.17483851006932644        1.5064525996832734     
  0.21159335649904049        2.0880336972197768     
  0.25709616209838343        2.1113237235838023     
  0.31264156338248622        2.3020386673667783     
  0.37951482899164635        2.5661985318563638     
  0.46065736128088758        3.0069391813172652     
  0.55924736126635322        3.4750534528343233     
  0.67897524277408394        4.1432604220785230     
  0.82441551550693815        4.3048534773905089     
   1.0009764843865627        4.0702792924362923     
   1.2153763263333666        3.3903641796969310     
   1.4765846423066622        3.2932990704038039     
   1.2566370614360001E-002   1.6905283560845561     
   1.7771531752634635E-002  0.46975342179151897     
   2.1765592370812048E-002   2.2722301529597240     
   2.5132741228720001E-002   1.9416190441249173     
   2.9562133651285849E-002  0.45749471338305220     
   3.8019517526813901E-002  0.65110065345177914     
   4.5116083860089251E-002  0.60716803359176574     
   5.5056809371101592E-002   1.0010887091251983     
   6.5848341545415051E-002  0.96065257946169058     
   7.9166690278415927E-002   1.4235746105330842     
   9.6964567215568481E-002   1.0873858044213507     
  0.11842995645747310        1.5596379307555990     
  0.14416104292042672        2.0195399123365236     
  0.17483851006932644        2.3247309124126962     
  0.21159335649904049        2.6128555167245757     
  0.25709616209838343        2.8858528820428209     
  0.31264156338248622        3.2201807324597964     
  0.37951482899164635        3.8385555309942960     
  0.46065736128088758        3.9885610554397504     
  0.55924736126635322        4.2680981521550878     
  0.67897524277408394        5.4723912878650545     
  0.82441551550693815        5.9630428787254175     
   1.0009764843865627        5.7801103654750712     
   1.2153763263333666        5.5472979208673223     
   1.4765846423066622        3.1082717793134300     
   1.2566370614360001E-002  -1.1966271032095668     
   1.7771531752634635E-002   1.0384061798497133     
   2.1765592370812048E-002   1.2884224109610904     
   2.5132741228720001E-002   2.2533915893795471     
   2.9562133651285849E-002 -0.15870705617141664     
   3.8019517526813901E-002 -0.41424143624713394     
   4.5116083860089251E-002  0.53368176764216257     
   5.5056809371101592E-002  0.55969440116514524     
   6.5848341545415051E-002   1.1594215424127112     
   7.9166690278415927E-002   1.3959377354282494     
   9.6964567215568481E-002   2.1366929214799901     
  0.11842995645747310        2.6335890228297103     
  0.14416104292042672        2.2433493084332290     
  0.17483851006932644        2.5337094366921598     
  0.21159335649904049        3.6056921156009092     
  0.25709616209838343        4.4822146559601697     
  0.31264156338248622        5.4813500373303201     
  0.37951482899164635        5.6219609531868269     
  0.46065736128088758        6.3657308920689655     
  0.55924736126635322        8.7512927526716808     
  0.67897524277408394        11.003627792757603     
  0.82441551550693815        11.065731658372739     
   1.0009764843865627        13.875190790456239     
   1.2153763263333666        8.0199820421541030     
   1.4765846423066622        11.721720831577489     
   1.2566370614360001E-002  0.16480489363518222     
   1.7771531752634635E-002 -0.10199005516009423     
   2.1765592370812048E-002   2.9405038553857072     
   2.5132741228720001E-002   2.0026332164239387     
   2.9562133651285849E-002  0.34173081740653211     
   3.8019517526813901E-002   1.4444723805127355     
   4.5116083860089251E-002  0.35019791131404771     
   5.5056809371101592E-002   1.4318401478392915     
   6.5848341545415051E-002  0.54349513569403218     
   7.9166690278415927E-002  0.70356246816767598     
   9.6964567215568481E-002   1.5757586618765316     
  0.11842995645747310        1.3430077427583262     
  0.14416104292042672        2.7303696214193178     
  0.17483851006932644        2.5440589952164676     
  0.21159335649904049        2.4818935452113768     
  0.25709616209838343        3.4285629729589302     
  0.31264156338248622        5.1470192065371325     
  0.37951482899164635        7.4092432729730788     
  0.46065736128088758        8.3180195145404152     
  0.55924736126635322        11.818647730892858     
  0.67897524277408394        13.725268995866998     
  0.82441551550693815        11.709694898530017     
   1.0009764843865627        7.4409656491173921     
   1.2153763263333666        6.3787702588592765     
   1.4765846423066622        6.6091441451767432     
   1.2566370614360001E-002 -0.16229477424063635     
   1.7771531752634635E-002   2.4063869255904176     
   2.1765592370812048E-002 -0.51788370647165605     
   2.5132741228720001E-002 -0.96320503585967687     
   2.9562133651285849E-002   1.1802166686534614     
   3.8019517526813901E-002 -0.46084037697477082     
   4.5116083860089251E-002  0.94412803282333579     
   5.5056809371101592E-002   1.4487940091751312     
   6.5848341545415051E-002  0.33814798915644312     
   7.9166690278415927E-002  0.69153322054565103     
   9.6964567215568481E-002  0.73603496691761849     
  0.11842995645747310       0.36055679891034559     
  0.14416104292042672        1.2549460102095846     
  0.17483851006932644        2.2252600323492464     
  0.21159335649904049        1.5560554331784662     
  0.25709616209838343        2.6241096221903133     
  0.31264156338248622        3.2714338191776298     
  0.37951482899164635        4.1131880922167783     
  0.46065736128088758        5.5925373388611792     
  0.55924736126635322        6.0931460859144391     
  0.67897524277408394        8.6752080231928197     
  0.82441551550693815        3.9084220214037191     
   1.0009764843865627        2.4159111390743182     
   1.2153763263333666        6.7130410339723285     
   1.4765846423066622        4.5612593605789442     
   1.2566370614360001E-002   9.5229180184091683E-002
   1.7771531752634635E-002  -6.7407943775516195     
   2.1765592370812048E-002   4.2531722158370586     
   2.5132741228720001E-002  -4.7969461209269726     
   2.9562133651285849E-002  -6.0761094471613264     
   3.8019517526813901E-002  -3.0841713324991291     
   4.5116083860089251E-002   2.7522407425806916     
   5.5056809371101592E-002   1.0638498390699189     
   6.5848341545415051E-002  0.58280269691019870     
   7.9166690278415927E-002  0.26699552268161697     
   9.6964567215568481E-002   2.1460798579623201     
  0.11842995645747310        4.8340964354140521     
  0.14416104292042672        1.1513528253723151     
  0.17483851006932644        4.5102584013166593     
  0.21159335649904049        4.1888236513379615     
  0.25709616209838343        7.2209604522482689     
  0.31264156338248622        11.063512427359449     
  0.37951482899164635        9.9998212470432115     
  0.46065736128088758        12.386178101147305     
  0.55924736126635322        11.290667986218818     
  0.67897524277408394        20.309236499974251     
  0.82441551550693815        21.437532695784114     
   1.0009764843865627        63.641314030533621     
   1.2153763263333666        71.439982051127672     
   1.4765846423066622        61.282901470807417     
   1.2566370614360001E-002  0.11101048991133367     
   1.7771531752634635E-002 -0.67435504397700552     
   2.1765592370812048E-002   2.7134849388616478     
   2.5132741228720001E-002   1.4528278421389722     
   2.9562133651285849E-002  0.26059901505857247     
   3.8019517526813901E-002   1.4505154139608420     
   4.5116083860089251E-002  -5.1027439683883187E-002
   5.5056809371101592E-002   1.1571615685703289     
   6.5848341545415051E-002  0.68951939183044175     
   7.9166690278415927E-002  0.78326534414374382     
   9.6964567215568481E-002   1.1057449840879570     
  0.11842995645747310       0.86982904774544312     
  0.14416104292042672        1.2170521709550932     
  0.17483851006932644       0.87060928257491488     
  0.21159335649904049       0.95842252874580591     
  0.25709616209838343        1.1203611239046460     
  0.31264156338248622        1.1942765778413498     
  0.37951482899164635        1.3838066985389992     
  0.46065736128088758        1.2663562179450751     
  0.55924736126635322        1.5532315576256097     
  0.67897524277408394        1.7564890153668697     
  0.82441551550693815        1.6012447821997069     
   1.0009764843865627        1.6060816425152094     
   1.2153763263333666        1.2950759167458867     
   1.4765846423066622       0.97262077051884710     
   1.2566370614360001E-002  0.45620798688898290     
   1.7771531752634635E-002 -0.63210339256613668     
   2.1765592370812048E-002   2.5871961967151833     
   2.5132741228720001E-002   1.4473746113851667     
   2.9562133651285849E-002  0.55576936452191794     
   3.8019517526813901E-002   1.6300562631218769     
   4.5116083860089251E-002  0.22831682758407507     
   5.5056809371101592E-002   1.3367862435283731     
   6.5848341545415051E-002  0.69448448222141168     
   7.9166690278415927E-002  0.78838939669396990     
   9.6964567215568481E-002   1.2595329169328546     
  0.11842995645747310       0.86355892011727031     
  0.14416104292042672        1.3668463202130010     
  0.17483851006932644        1.1563287749326163     
  0.21159335649904049        1.1953952173057354     
  0.25709616209838343        1.2643220716233916     
  0.31264156338248622        1.6996012055370611     
  0.37951482899164635        1.8148156078319213     
  0.46065736128088758        1.5653211906043105     
  0.55924736126635322        1.9185313580328041     
  0.67897524277408394        2.2384367989074305     
  0.82441551550693815        2.0997477923303887     
   1.0009764843865627        2.7330862594792631     
   1.2153763263333666        1.3431208706945770     
   1.4765846423066622        1.8362827146734277     
   1.2566370614360001E-002  0.14664027394691909     
   1.7771531752634635E-002 -0.29442148637859650     
   2.1765592370812048E-002   2.6428603300386295     
   2.5132741228720001E-002   2.1951449365143816     
   2.9562133651285849E-002  0.70411331143782607     
   3.8019517526813901E-002   2.3097904826543711     
   4.5116083860089251E-002  0.21578995408020829     
   5.5056809371101592E-002   1.0815636425056907     
   6.5848341545415051E-002  0.81525994232087251     
   7.9166690278415927E-002   1.2658620247274448     
   9.6964567215568481E-002   1.7005172759686451     
  0.11842995645747310       0.74798166734272886     
  0.14416104292042672        1.8127784822286614     
  0.17483851006932644        1.5782097156094133     
  0.21159335649904049        1.6192938149296356     
  0.25709616209838343        2.1297243550296803     
  0.31264156338248622        1.8293849518766137     
  0.37951482899164635        2.7967924287240820     
  0.46065736128088758        3.1740128063853481     
  0.55924736126635322        3.4867825898088016     
  0.67897524277408394        4.3854932620652267     
  0.82441551550693815        3.2620621750150138     
   1.0009764843865627        4.6735388160470883     
   1.2153763263333666        2.7419360530792916     
   1.4765846423066622       0.18641076387059261     
   1.2566370614360001E-002 -0.52063596708535320     
   1.7771531752634635E-002 -0.49589815064215942     
   2.1765592370812048E-002   2.5720608178985280     
   2.5132741228720001E-002   1.0903042286425064     
   2.9562133651285849E-002  -9.1902292917109052E-002
   3.8019517526813901E-002   1.4595573068817680     
   4.5116083860089251E-002 -0.31126337837320711     
   5.5056809371101592E-002   1.0058990925308759     
   6.5848341545415051E-002  0.18200697633371760     
   7.9166690278415927E-002  0.62225145810728788     
   9.6964567215568481E-002  0.99168297526484694     
  0.11842995645747310       0.98721524859444154     
  0.14416104292042672        1.3654630107378742     
  0.17483851006932644       0.88060871586103762     
  0.21159335649904049        1.2924418724966007     
  0.25709616209838343        1.4095488621374608     
  0.31264156338248622        1.7660286052833287     
  0.37951482899164635        2.0545235228137546     
  0.46065736128088758        1.9798032416973530     
  0.55924736126635322        2.8001631428468543     
  0.67897524277408394        1.8041280876820349     
  0.82441551550693815        2.7216313963639664     
   1.0009764843865627      -0.52493239123434532     
   1.2153763263333666       -1.1980276529700771     
   1.4765846423066622      -0.79223420761769447     
   1.2566370614360001E-002  0.16480489363518222     
   1.7771531752634635E-002 -0.10199005516009423     
   2.1765592370812048E-002   2.9405038553857072     
   2.5132741228720001E-002   2.0026332164239387     
   2.9562133651285849E-002  0.34173081740653211     
   3.8019517526813901E-002   1.4444723805127355     
   4.5116083860089251E-002  0.35019791131404771     
   5.5056809371101592E-002   1.4318401478392915     
   6.5848341545415051E-002  0.54349513569403218     
   7.9166690278415927E-002  0.70356246816767598     
   9.6964567215568481E-002   1.5757586618765316     
  0.11842995645747310        1.3430077427583262     
  0.14416104292042672        2.7303696214193178     
  0.17483851006932644        2.5440589952164676     
  0.21159335649904049        2.4818935452113768     
  0.25709616209838343        3.4285629729589302     
  0.31264156338248622        5.1470192065371325     
  0.37951482899164635        7.4092432729730788     
  0.46065736128088758        8.3180195145404152     
  0.55924736126635322        11.818647730892858     
  0.67897524277408394        13.725268995866998     
  0.82441551550693815        11.709694898530017     
   1.0009764843865627        7.4409656491173921     
   1.2153763263333666        6.3787702588592765     
   1.4765846423066622        6.6091441451767432     
   1.2566370614360001E-002  0.79302299062885595     
   1.7771531752634635E-002  -2.4232610065786866     
   2.1765592370812048E-002  0.15212914606130554     
   2.5132741228720001E-002  0.23429609383042871     
   2.9562133651285849E-002   1.2104343350105118     
   3.8019517526813901E-002   1.1567885851192330     
   4.5116083860089251E-002   1.4377287929826987     
   5.5056809371101592E-002   1.2712686243495948     
   6.5848341545415051E-002  0.85203584248291397     
   7.9166690278415927E-002   1.4373918896483895     
   9.6964567215568481E-002  0.66901591564412277     
  0.11842995645747310        2.6640170237527081     
  0.14416104292042672        2.0589599580384692     
  0.17483851006932644        3.2305255758613662     
  0.21159335649904049        4.3355505267013479     
  0.25709616209838343        3.7496368171557291     
  0.31264156338248622        4.6381261112684049     
  0.37951482899164635        7.5860224311296056     
  0.46065736128088758        7.6325672199077301     
  0.55924736126635322        10.529805905425064     
  0.67897524277408394        13.453544735318687     
  0.82441551550693815        19.395649134000521     
   1.0009764843865627        27.433277174967802     
   1.2153763263333666        29.513164190632622     
   1.4765846423066622        33.713420301226577     
   1.2566370614360001E-002   2.0555596394234152     
   1.7771531752634635E-002  0.78969510539734922     
   2.1765592370812048E-002  -2.1033615425873005     
   2.5132741228720001E-002 -0.36912017399454328     
   2.9562133651285849E-002  0.86648083343185756     
   3.8019517526813901E-002  -1.5126980684458284     
   4.5116083860089251E-002  -2.7313666837294356E-002
   5.5056809371101592E-002   1.0277563257473012     
   6.5848341545415051E-002  -9.6831437493358069E-002
   7.9166690278415927E-002 -0.66648141333298361     
   9.6964567215568481E-002   1.5392893471164590     
  0.11842995645747310       0.27522563363845370     
  0.14416104292042672        1.7350633349872819     
  0.17483851006932644        2.1675268118786590     
  0.21159335649904049        2.5544717829319712     
  0.25709616209838343        4.7106235262049569     
  0.31264156338248622        6.5778790693215106     
  0.37951482899164635        7.2396100075992100     
  0.46065736128088758        12.616341697146797     
  0.55924736126635322        15.326678876066515     
  0.67897524277408394        20.960835171334637     
  0.82441551550693815        25.534386088633369     
   1.0009764843865627        32.632802805957184     
   1.2153763263333666        38.156009478886119     
   1.4765846423066622        39.576104249991353     
   1.2566370614360001E-002   2.7683359639299070     
   1.7771531752634635E-002 -0.26891837779183075     
   2.1765592370812048E-002  0.68030872883107707     
   2.5132741228720001E-002 -0.53607287451790286     
   2.9562133651285849E-002 -0.17115279157711347     
   3.8019517526813901E-002  -1.7222207391422781     
   4.5116083860089251E-002  -1.0590278423976220     
   5.5056809371101592E-002 -0.51672262922655710     
   6.5848341545415051E-002 -0.69785918015785919     
   7.9166690278415927E-002  0.54998954952529000     
   9.6964567215568481E-002   1.0976277177852427     
  0.11842995645747310      -0.50904467877233872     
  0.14416104292042672      -0.72491735412932179     
  0.17483851006932644      -0.16273223636459583     
  0.21159335649904049       -3.4434336845119116E-002
  0.25709616209838343        1.5321910191289323     
  0.31264156338248622      -0.87634636080235417     
  0.37951482899164635        3.3563741897593022E-002
  0.46065736128088758       0.64785804977653683     
  0.55924736126635322       -1.6454389634020965     
  0.67897524277408394        1.7727553104258524     
  0.82441551550693815      -0.35465301869570104     
   1.0009764843865627       0.60006128758228194     
   1.2153763263333666        2.0180858404788532E-002
   1.4765846423066622      -0.51173028843339852     
   1.2566370614360001E-002  0.79989088142975140     
   1.7771531752634635E-002  -1.4705403683328073     
   2.1765592370812048E-002  -2.2719721095403704     
   2.5132741228720001E-002  -1.1298691290901945     
   2.9562133651285849E-002   1.4730135742298596     
   3.8019517526813901E-002 -0.88999988692378285     
   4.5116083860089251E-002   2.1233157634050821     
   5.5056809371101592E-002  0.96386040614919322     
   6.5848341545415051E-002  0.38875882814148183     
   7.9166690278415927E-002  0.60275820730886520     
   9.6964567215568481E-002   1.1484713241893796     
  0.11842995645747310        1.0878276895888364     
  0.14416104292042672       0.79354158469311931     
  0.17483851006932644        1.3486894197548895     
  0.21159335649904049       0.77660920132340283     
  0.25709616209838343       0.80372056522964552     
  0.31264156338248622       0.52389574400328365     
  0.37951482899164635       0.12235788801512143     
  0.46065736128088758       0.68327382597295061     
  0.55924736126635322       0.66842230264789282     
  0.67897524277408394        1.0053182839873347     
  0.82441551550693815        1.4975505750683460     
   1.0009764843865627       0.61381612277840158     
   1.2153763263333666       0.47412779665115407     
   1.4765846423066622      -0.48079126944835404     
   1.2566370614360001E-002 -0.87869296670759356     
   1.7771531752634635E-002  -1.9672733676443623     
   2.1765592370812048E-002  -2.0838642294641496     
   2.5132741228720001E-002  -1.0924231512473184     
   2.9562133651285849E-002   1.4436738313755619     
   3.8019517526813901E-002 -0.88634706345814507     
   4.5116083860089251E-002   1.9263742629947898     
   5.5056809371101592E-002   1.0194524254513624     
   6.5848341545415051E-002  0.38545302636061080     
   7.9166690278415927E-002  0.62801465078373131     
   9.6964567215568481E-002  0.89532095677026025     
  0.11842995645747310        1.0637324879459105     
  0.14416104292042672       0.71971194929217452     
  0.17483851006932644        1.8681687385005492     
  0.21159335649904049       0.84689567127953491     
  0.25709616209838343       0.85969259252581698     
  0.31264156338248622        1.1189251893585728     
  0.37951482899164635       0.90978075711974327     
  0.46065736128088758        1.1209410153412542     
  0.55924736126635322       0.86924622877840330     
  0.67897524277408394        2.0975129026840338     
  0.82441551550693815        1.0083787713284480     
   1.0009764843865627      -0.54068488333869580     
   1.2153763263333666       0.21772715376818644     
   1.4765846423066622      -0.38490298733064759     
   1.2566370614360001E-002   1.3396416856267066     
   1.7771531752634635E-002 -0.60342276991877808     
   2.1765592370812048E-002  -2.3975507085722358     
   2.5132741228720001E-002 -0.36489168004657740     
   2.9562133651285849E-002   1.1597555717257491     
   3.8019517526813901E-002  -7.8498844086269004E-002
   4.5116083860089251E-002   1.8926895354910582     
   5.5056809371101592E-002   1.0277525452877576     
   6.5848341545415051E-002  0.35076922323668019     
   7.9166690278415927E-002  0.71436739299687979     
   9.6964567215568481E-002  0.70397983727932223     
  0.11842995645747310        1.1667229958792620     
  0.14416104292042672       0.66931895128234253     
  0.17483851006932644        1.5954846350510077     
  0.21159335649904049        1.2429964354907128     
  0.25709616209838343        1.9422746618206921     
  0.31264156338248622        2.3175220695153631     
  0.37951482899164635        1.7560460348230320     
  0.46065736128088758        1.6534664489711046     
  0.55924736126635322        1.7787057842480740     
  0.67897524277408394        2.3283660081955193     
  0.82441551550693815        3.4700979130267333     
   1.0009764843865627        2.5437145338678717     
   1.2153763263333666      -0.93269322715561331     
   1.4765846423066622       -1.5873729889184836     
   1.2566370614360001E-002  -1.6232069316974180     
   1.7771531752634635E-002  -1.3525462232439585     
   2.1765592370812048E-002  -3.2740306911277810     
   2.5132741228720001E-002  -2.1066238192597870     
   2.9562133651285849E-002  0.16022609385223094     
   3.8019517526813901E-002  -2.7716982934570180     
   4.5116083860089251E-002   1.3071624388906420     
   5.5056809371101592E-002   2.1091209886637374     
   6.5848341545415051E-002   1.3040787847918216     
   7.9166690278415927E-002  0.10324287292265862     
   9.6964567215568481E-002   1.8913748928417344     
  0.11842995645747310        2.5040628311430480     
  0.14416104292042672        2.6447551390166351     
  0.17483851006932644        2.4115628011319274     
  0.21159335649904049        1.9700410104502803     
  0.25709616209838343        1.2484708577414501     
  0.31264156338248622        4.0497297070440625     
  0.37951482899164635        3.0746715238241937     
  0.46065736128088758        4.5472953198028323     
  0.55924736126635322        5.7933272298679803     
  0.67897524277408394        6.2525473469204043     
  0.82441551550693815        6.4292670121572923     
   1.0009764843865627        5.5480801980056187     
   1.2153763263333666       -2.3284244157053893     
   1.4765846423066622       -6.6472818124074422     
   1.2566370614360001E-002 -0.16229477424063635     
   1.7771531752634635E-002   2.4063869255904176     
   2.1765592370812048E-002 -0.51788370647165605     
   2.5132741228720001E-002 -0.96320503585967687     
   2.9562133651285849E-002   1.1802166686534614     
   3.8019517526813901E-002 -0.46084037697477082     
   4.5116083860089251E-002  0.94412803282333579     
   5.5056809371101592E-002   1.4487940091751312     
   6.5848341545415051E-002  0.33814798915644312     
   7.9166690278415927E-002  0.69153322054565103     
   9.6964567215568481E-002  0.73603496691761849     
  0.11842995645747310       0.36055679891034559     
  0.14416104292042672        1.2549460102095846     
  0.17483851006932644        2.2252600323492464     
  0.21159335649904049        1.5560554331784662     
  0.25709616209838343        2.6241096221903133     
  0.31264156338248622        3.2714338191776298     
  0.37951482899164635        4.1131880922167783     
  0.46065736128088758        5.5925373388611792     
  0.55924736126635322        6.0931460859144391     
  0.67897524277408394        8.6752080231928197     
  0.82441551550693815        3.9084220214037191     
   1.0009764843865627        2.4159111390743182     
   1.2153763263333666        6.7130410339723285     
   1.4765846423066622        4.5612593605789442     
   1.2566370614360001E-002   2.0555596394234152     
   1.7771531752634635E-002  0.78969510539734922     
   2.1765592370812048E-002  -2.1033615425873005     
   2.5132741228720001E-002 -0.36912017399454328     
   2.9562133651285849E-002  0.86648083343185756     
   3.8019517526813901E-002  -1.5126980684458284     
   4.5116083860089251E-002  -2.7313666837294356E-002
   5.5056809371101592E-002   1.0277563257473012     
   6.5848341545415051E-002  -9.6831437493358069E-002
   7.9166690278415927E-002 -0.66648141333298361     
   9.6964567215568481E-002   1.5392893471164590     
  0.11842995645747310       0.27522563363845370     
  0.14416104292042672        1.7350633349872819     
  0.17483851006932644        2.1675268118786590     
  0.21159335649904049        2.5544717829319712     
  0.25709616209838343        4.7106235262049569     
  0.31264156338248622        6.5778790693215106     
  0.37951482899164635        7.2396100075992100     
  0.46065736128088758        12.616341697146797     
  0.55924736126635322        15.326678876066515     
  0.67897524277408394        20.960835171334637     
  0.82441551550693815        25.534386088633369     
   1.0009764843865627        32.632802805957184     
   1.2153763263333666        38.156009478886119     
   1.4765846423066622        39.576104249991353     
   1.2566370614360001E-002  0.51636543955671743     
   1.7771531752634635E-002   3.4622483365582841     
   2.1765592370812048E-002 -0.95933414437088049     
   2.5132741228720001E-002  -3.5029568572657848     
   2.9562133651285849E-002  -1.5401070994590007     
   3.8019517526813901E-002  -1.0226273075751913     
   4.5116083860089251E-002  0.27440057450175193     
   5.5056809371101592E-002 -0.44503512828719555     
   6.5848341545415051E-002   1.3347224301323271     
   7.9166690278415927E-002  -5.3545711036838466E-002
   9.6964567215568481E-002   2.9450142570480069     
  0.11842995645747310        2.6441415770419323     
  0.14416104292042672        3.2271823726542825     
  0.17483851006932644        2.8164401046068099     
  0.21159335649904049        4.4023865033243510     
  0.25709616209838343        8.8403573279081265     
  0.31264156338248622        10.619839690951002     
  0.37951482899164635        15.661970593703181     
  0.46065736128088758        20.718113406374020     
  0.55924736126635322        28.411933938148177     
  0.67897524277408394        34.546559717398694     
  0.82441551550693815        36.623982023077900     
   1.0009764843865627        33.468847453917277     
   1.2153763263333666        10.787612676691273     
   1.4765846423066622       -11.517256365950784     
   1.2566370614360001E-002  -1.3755262926015659     
   1.7771531752634635E-002  0.68716943801759944     
   2.1765592370812048E-002 -0.23016823389359356     
   2.5132741228720001E-002  0.53499739090555576     
   2.9562133651285849E-002  -2.7194287697114889     
   3.8019517526813901E-002   3.3256162039628223     
   4.5116083860089251E-002   1.5484738859330427     
   5.5056809371101592E-002  0.23316022389464841     
   6.5848341545415051E-002 -0.12161623494294656     
   7.9166690278415927E-002 -0.35831430898516009     
   9.6964567215568481E-002  0.78036819582112926     
  0.11842995645747310       -8.8841324582865464E-002
  0.14416104292042672       -3.2387706475787628     
  0.17483851006932644        1.2150024467296106     
  0.21159335649904049      -0.49261210034661912     
  0.25709616209838343        2.2353411671334804     
  0.31264156338248622       -1.6548656552135792     
  0.37951482899164635        4.1419557983765176E-002
  0.46065736128088758        2.3395958934080845     
  0.55924736126635322       -3.5169605995589426     
  0.67897524277408394        3.3997585385106488     
  0.82441551550693815      -0.34852066205675875     
   1.0009764843865627      -0.50031658178748328     
   1.2153763263333666        2.6898250030224027     
   1.4765846423066622       -1.5858819845057059     
   1.2566370614360001E-002  0.28445138649418139     
   1.7771531752634635E-002   2.9192958815456609     
   2.1765592370812048E-002  0.32736561545257248     
   2.5132741228720001E-002  0.36564969019029503     
   2.9562133651285849E-002 -0.79110304505860807     
   3.8019517526813901E-002   2.1229884547873010     
   4.5116083860089251E-002   1.6340646092644007     
   5.5056809371101592E-002  0.47101441501176128     
   6.5848341545415051E-002 -0.26893409559415399     
   7.9166690278415927E-002 -0.46692827811121868     
   9.6964567215568481E-002   1.0192085929334613     
  0.11842995645747310       0.57298550824395489     
  0.14416104292042672       0.30111714580891125     
  0.17483851006932644        5.1188536896181669E-003
  0.21159335649904049       0.52315735980893141     
  0.25709616209838343       0.40772191039733963     
  0.31264156338248622       0.51843261650421446     
  0.37951482899164635       0.77520184015466931     
  0.46065736128088758       0.79848199170045919     
  0.55924736126635322       0.79857574201232695     
  0.67897524277408394       0.38632695745252177     
  0.82441551550693815       0.80855302905463733     
   1.0009764843865627       0.48383683977226993     
   1.2153763263333666      -0.34272041344707438     
   1.4765846423066622      -0.54471453860511176     
   1.2566370614360001E-002   1.1034849377950189     
   1.7771531752634635E-002   2.4785400616758979     
   2.1765592370812048E-002  0.18085143644933169     
   2.5132741228720001E-002  0.58932509617972972     
   2.9562133651285849E-002 -0.43594775860264512     
   3.8019517526813901E-002  0.99812555079773924     
   4.5116083860089251E-002   1.4296131492127111     
   5.5056809371101592E-002  0.67893803331243041     
   6.5848341545415051E-002  -1.1664557709712257E-002
   7.9166690278415927E-002 -0.14417062011789394     
   9.6964567215568481E-002  0.66538758282697519     
  0.11842995645747310       0.58254978597105922     
  0.14416104292042672       0.20508481392451758     
  0.17483851006932644       0.24128454246758771     
  0.21159335649904049       0.67116655269281189     
  0.25709616209838343       0.71372704580982960     
  0.31264156338248622        6.0321797311627512E-002
  0.37951482899164635       0.36536938676535563     
  0.46065736128088758       0.43288363505085226     
  0.55924736126635322        9.2523826963246646E-003
  0.67897524277408394      -0.58311814246849381     
  0.82441551550693815       0.14274869546551749     
   1.0009764843865627       0.89579767995817527     
   1.2153763263333666      -0.24779791657860467     
   1.4765846423066622       -2.1801211326672871     
   1.2566370614360001E-002  0.47210497361172921     
   1.7771531752634635E-002   3.3642889548908688     
   2.1765592370812048E-002  -1.2624970989356479     
   2.5132741228720001E-002  0.19275846160817850     
   2.9562133651285849E-002 -0.37640033775050824     
   3.8019517526813901E-002   2.9334592592672770     
   4.5116083860089251E-002   1.3611251393881141     
   5.5056809371101592E-002  0.52292937077020640     
   6.5848341545415051E-002 -0.10081434421284143     
   7.9166690278415927E-002 -0.21158923683119624     
   9.6964567215568481E-002   2.6418576954302462     
  0.11842995645747310        1.3721753384234081     
  0.14416104292042672       0.57202462803384557     
  0.17483851006932644       0.21238404048419715     
  0.21159335649904049      -0.30350635045529334     
  0.25709616209838343        2.0047659272737874     
  0.31264156338248622        1.3612630251775859     
  0.37951482899164635        1.0952556750656950     
  0.46065736128088758        2.5974443466009154     
  0.55924736126635322        2.7798577496524857     
  0.67897524277408394        8.2859826635089368E-002
  0.82441551550693815       0.86214978626908301     
   1.0009764843865627       -1.4143450878470127     
   1.2153763263333666       -1.0697862688225721     
   1.4765846423066622       -5.0525144096667294     
   1.2566370614360001E-002  0.37520080225582519     
   1.7771531752634635E-002   1.5809832362437759     
   2.1765592370812048E-002 -0.67953221865061930     
   2.5132741228720001E-002   1.2079727230372401     
   2.9562133651285849E-002  0.13895763439640266     
   3.8019517526813901E-002   2.9322996263927630     
   4.5116083860089251E-002  0.57683159243029813     
   5.5056809371101592E-002  0.82827024940286731     
   6.5848341545415051E-002  0.39897057124653412     
   7.9166690278415927E-002 -0.47119540474469840     
   9.6964567215568481E-002   1.4717312547151125     
  0.11842995645747310        1.2562522858382665     
  0.14416104292042672       0.70254053410143780     
  0.17483851006932644        1.4744355843713812     
  0.21159335649904049        1.5745233623332282     
  0.25709616209838343        2.4687350846850333     
  0.31264156338248622        2.3328474034915430     
  0.37951482899164635        2.7611122641150323     
  0.46065736128088758        4.3248851505455930     
  0.55924736126635322        2.7630593279362512     
  0.67897524277408394        1.3002295267756905     
  0.82441551550693815       0.91797152369904356     
   1.0009764843865627        2.2604781599876360     
   1.2153763263333666        3.0338273027961953     
   1.4765846423066622        3.1178400148595329E-002
   1.2566370614360001E-002   9.5229180184091683E-002
   1.7771531752634635E-002  -6.7407943775516195     
   2.1765592370812048E-002   4.2531722158370586     
   2.5132741228720001E-002  -4.7969461209269726     
   2.9562133651285849E-002  -6.0761094471613264     
   3.8019517526813901E-002  -3.0841713324991291     
   4.5116083860089251E-002   2.7522407425806916     
   5.5056809371101592E-002   1.0638498390699189     
   6.5848341545415051E-002  0.58280269691019870     
   7.9166690278415927E-002  0.26699552268161697     
   9.6964567215568481E-002   2.1460798579623201     
  0.11842995645747310        4.8340964354140521     
  0.14416104292042672        1.1513528253723151     
  0.17483851006932644        4.5102584013166593     
  0.21159335649904049        4.1888236513379615     
  0.25709616209838343        7.2209604522482689     
  0.31264156338248622        11.063512427359449     
  0.37951482899164635        9.9998212470432115     
  0.46065736128088758        12.386178101147305     
  0.55924736126635322        11.290667986218818     
  0.67897524277408394        20.309236499974251     
  0.82441551550693815        21.437532695784114     
   1.0009764843865627        63.641314030533621     
   1.2153763263333666        71.439982051127672     
   1.4765846423066622        61.282901470807417     
   1.2566370614360001E-002   2.7683359639299070     
   1.7771531752634635E-002 -0.26891837779183075     
   2.1765592370812048E-002  0.68030872883107707     
   2.5132741228720001E-002 -0.53607287451790286     
   2.9562133651285849E-002 -0.17115279157711347     
   3.8019517526813901E-002  -1.7222207391422781     
   4.5116083860089251E-002  -1.0590278423976220     
   5.5056809371101592E-002 -0.51672262922655710     
   6.5848341545415051E-002 -0.69785918015785919     
   7.9166690278415927E-002  0.54998954952529000     
   9.6964567215568481E-002   1.0976277177852427     
  0.11842995645747310      -0.50904467877233872     
  0.14416104292042672      -0.72491735412932179     
  0.17483851006932644      -0.16273223636459583     
  0.21159335649904049       -3.4434336845119116E-002
  0.25709616209838343        1.5321910191289323     
  0.31264156338248622      -0.87634636080235417     
  0.37951482899164635        3.3563741897593022E-002
  0.46065736128088758       0.64785804977653683     
  0.55924736126635322       -1.6454389634020965     
  0.67897524277408394        1.7727553104258524     
  0.82441551550693815      -0.35465301869570104     
   1.0009764843865627       0.60006128758228194     
   1.2153763263333666        2.0180858404788532E-002
   1.4765846423066622      -0.51173028843339852     
   1.2566370614360001E-002  -1.3755262926015659     
   1.7771531752634635E-002  0.68716943801759944     
   2.1765592370812048E-002 -0.23016823389359356     
   2.5132741228720001E-002  0.53499739090555576     
   2.9562133651285849E-002  -2.7194287697114889     
   3.8019517526813901E-002   3.3256162039628223     
   4.5116083860089251E-002   1.5484738859330427     
   5.5056809371101592E-002  0.23316022389464841     
   6.5848341545415051E-002 -0.12161623494294656     
   7.9166690278415927E-002 -0.35831430898516009     
   9.6964567215568481E-002  0.78036819582112926     
  0.11842995645747310       -8.8841324582865464E-002
  0.14416104292042672       -3.2387706475787628     
  0.17483851006932644        1.2150024467296106     
  0.21159335649904049      -0.49261210034661912     
  0.25709616209838343        2.2353411671334804     
  0.31264156338248622       -1.6548656552135792     
  0.37951482899164635        4.1419557983765176E-002
  0.46065736128088758        2.3395958934080845     
  0.55924736126635322       -3.5169605995589426     
  0.67897524277408394        3.3997585385106488     
  0.82441551550693815      -0.34852066205675875     
   1.0009764843865627      -0.50031658178748328     
   1.2153763263333666        2.6898250030224027     
   1.4765846423066622       -1.5858819845057059     
   1.2566370614360001E-002  -6.5360528347365152     
   1.7771531752634635E-002  -1.5981427282386700     
   2.1765592370812048E-002  -2.4480254733066666     
   2.5132741228720001E-002  -1.6471829944505108     
   2.9562133651285849E-002   1.1532883690473259     
   3.8019517526813901E-002   1.5709155137855708     
   4.5116083860089251E-002 -0.15220064664526312     
   5.5056809371101592E-002 -0.58189814818456487     
   6.5848341545415051E-002 -0.24188299894054116     
   7.9166690278415927E-002  0.64642767830558967     
   9.6964567215568481E-002 -0.50048806916721600     
  0.11842995645747310       -5.1560889502392557E-002
  0.14416104292042672       0.43259470229429597     
  0.17483851006932644      -0.33706741037449484     
  0.21159335649904049       0.46375523298007865     
  0.25709616209838343       -5.4061763067051903E-003
  0.31264156338248622      -0.45491571591715846     
  0.37951482899164635       -3.0831916076925533E-002
  0.46065736128088758      -0.33294566417818017     
  0.55924736126635322      -0.43301264439101367     
  0.67897524277408394       -1.8482045139222618     
  0.82441551550693815       -2.9842431605588819     
   1.0009764843865627       -7.6448887495523667     
   1.2153763263333666       -13.285653343025562     
   1.4765846423066622       -21.581540585795601     
