   455308184216.96210        1.0208451510982381E-013   1.5174465607819490E-014
   503431722320.36792        9.2358564200982097E-014   1.2549066400025004E-014
   556641650257.88843        8.0025727512514859E-014   1.0376782746865210E-014
   615475571093.72388        5.9800099343313436E-014   8.5799558738736698E-015
   680527909540.44580        5.1303787532789126E-014   7.0934124346331235E-015
   752455917690.62463        3.8783853313598369E-014   5.8638694652192052E-015
   831986315520.81787        3.6361876020783448E-014   4.8467417392680404E-015
   919922633259.83630        2.7413254834246674E-014   4.0055565910189229E-015
   1017153329804.4224        2.4657661606911817E-014   3.3099648159150413E-015
   1124660769206.2258        1.9994864279361054E-014   2.7346723860859529E-015
   1243531145923.4409        1.6095417231081701E-014   2.2590637882433379E-015
   1374965459116.2439        1.3860776995220583E-014   1.8657977655905954E-015
   1520291646864.0950        1.1558986238442283E-014   1.5407372067902273E-015
   1680978002902.2117        9.1523373270585377E-015   1.2720114828055821E-015
   1858648011432.3140        7.9189148464596781E-015   1.0499515395147970E-015
   2055096749890.2207        6.2028044353070741E-015   8.6642892679322466E-016
   2272309025394.5869        5.2491765151848487E-015   7.1480251348787418E-016
   2512479428117.1997        4.3630259301041614E-015   5.8956249807693067E-016
   2778034504182.7896        3.6081244454876343E-015   4.8610886984801375E-016
   3071657272120.8115        3.0295815550542172E-015   4.0068985139881692E-016
   3396314330569.5435        2.4493750421790205E-015   3.3015532723128634E-016
   3755285831113.4990        2.0127072073883494E-015   2.7194655213932785E-016
   4152198619082.7471        1.6830674785402510E-015   2.2390449930902986E-016
   4591062877150.0273        1.3820046489721004E-015   1.8428206464495578E-016
   5076312641951.9277        1.1279179972706978E-015   1.5160094460823165E-016
   5612850603091.1680        9.3567230415291628E-016   1.2465662719290345E-016
   6206097637143.7676        7.7759430327294464E-016   1.0245101403274122E-016
   6862047577134.8047        6.3182814634832588E-016   8.4151723752994548E-017
   7587327770842.6162        5.1525826511062900E-016   6.9082451036478842E-017
   8389266039778.2578        4.3106338689484521E-016   5.6673550967113758E-017
   9275964715355.9961        3.5201901881578033E-016   4.6464937443587379E-017
   10256382500274.547        2.8576168705958929E-016   3.8067047686712705E-017
   11340424982190.203        2.3755926202888718E-016   3.1164328058862199E-017
   12539044714180.770        1.9240658130891675E-016   2.5491692176036590E-017
   13864351873156.953        1.5735507785635429E-016   2.0833608833387230E-017
   15329736614251.266        1.3110418109521589E-016   1.7011341075071290E-017
   16950004357384.064        1.0522237910544240E-016   1.3875784481042292E-017
   18741525372865.723        8.5129139886182492E-017   1.1306945299941218E-017
   20722400177363.582        7.0193443426018582E-017   9.2030805319215672E-018
   22912642411301.066        5.6720475947787215E-017   7.4820549607586413E-018
   25334381045378.711        4.6400819585798012E-017   6.0748784907364823E-018
   28012083959197.953        3.6768665909937709E-017   4.9257874946448150E-018
   30972805150899.453        3.0509520493838459E-017   3.9880485995976252E-018
   34246458075482.980        2.4571859615158761E-017   3.2239018470743735E-018
   37866117873464.703        1.9633514353560009E-017   2.6017212270267976E-018
   41868355543419.266        1.5979343652828392E-017   2.0959082812336125E-018
   46293607434697.734        1.2675895902852021E-017   1.6853104697313137E-018
   51186583793467.156        1.0321351230916873E-017   1.3523390890125151E-018
   56596720489789.625        8.2856565286270314E-018   1.0828747051138278E-018
   62578678489737.062        6.5524681912316823E-018   8.6506304740230328E-019
   69192896118925.578        5.2543626163493863E-018   6.8940250101613739E-019
   76506199697227.750        4.0311646018489157E-018   5.4794372150503554E-019
   84592478714171.516        3.3202849911707717E-018   4.3430546040375576E-019
   93533432366617.016        2.6387020173366196E-018   3.4318484968276760E-019
   103419395001306.55        2.0039848857483891E-018   2.7030576381195533E-019
   114350248802091.66        1.6300661596741246E-018   2.1218534109125989E-019
   126436432943115.47        1.2728123219140715E-018   1.6594144566369602E-019
   139800059403863.05        9.3480548398769040E-019   1.2927666439845744E-019
   154576146719645.50        7.7387703359254266E-019   1.0028585653612673E-019
   170913984132635.69        5.9000334181649710E-019   7.7452446220259122E-020
   188978639926067.34        4.4474047317857611E-019   5.9527588608458626E-020
   208952629180955.53        3.1957262895796389E-019   4.5519085583606917E-020
   231037757805406.66        2.5698709848134076E-019   3.4614172188404078E-020
   255457161467555.31        1.8973815146426026E-019   2.6166960533471206E-020
   282457560032351.88        1.3440661093702838E-019   1.9657840455866851E-020
   312311750279752.94        1.1136496050698601E-019   1.4667318380405556E-020
   345321362089338.19        8.5738316010465773E-020   1.0865433319052994E-020
   381819905938283.00        5.8573774141272770E-020   7.9861594070324773E-021
   422176142502886.50        4.4679686102944364E-020   5.8216641469025751E-021
   466797808408205.12        2.9496653695492377E-020   4.2058171311185922E-021
   516135735768663.31        2.3901393580675545E-020   3.0096957536022284E-021
   570688407141152.38        1.6735459851022770E-020   2.1315874065757630E-021
   631006991911294.25        9.5859437324819017E-021   1.4931432062397160E-021
   697700914997662.00        7.1866535902752932E-021   1.0337040640194608E-021
   771444014137016.88        5.0553021860796372E-021   7.0655151526661365E-022
   852981347960290.50        2.8925282812239620E-021   4.7641027165780128E-022
   943136723644249.75        2.1940885295199659E-021   3.1651777495312885E-022
   1042821020194007.4        1.6790682859646519E-021   2.0701097286002889E-022
   1153041391450117.2        6.9025658257473347E-022   1.3309944060489984E-022
   1274911441802237.8        4.3699198943037011E-022   8.4034914310543166E-023
   1409662477419032.8        3.9521949134997859E-022   5.2020026780692587E-023
   1558655946670379.0        2.5531433416392289E-022   3.1526567311934247E-023
   1723397195432886.2        4.6181716701103221E-023   1.8678117832316130E-023
   1905550676254563.8        4.1767160556125178E-023   1.0796677054489364E-023
   2106956765043448.2        0.0000000000000000        6.0785591571672555E-024
   2329650355186525.0        0.0000000000000000        3.3256692627042816E-024
   2575881416963383.0        0.0000000000000000        1.7644638263539952E-024
   2848137729975369.0        0.0000000000000000        9.0544594271968461E-025
   3149170018265853.5        0.0000000000000000        4.4828970845203170E-025
   3482019742082599.5        0.0000000000000000        2.1348566750373674E-025
   3850049827074603.0        0.0000000000000000        9.7494429900453558E-026
   4256978641393801.0        0.0000000000000000        4.2555529327618705E-026
   4706917563987135.0        0.0000000000000000        1.7684728068644324E-026
   5204412523647679.0        0.0000000000000000        6.9702674132566769E-027
   5754489928512107.0        0.0000000000000000        2.5935947059801424E-027
   6362707450050128.0        0.0000000000000000        9.0693976026872628E-028
   7035210174638544.0        0.0000000000000000        2.9642048463951498E-028
   7778792690043883.0        0.0000000000000000        9.0057570876233511E-029
   8600967734100285.0        0.0000000000000000        2.5270484052532827E-029
   9510042099170130.0        0.0000000000000000        6.5055507786740847E-030
