   1.2566370614360001E-002   1.0694431142936243     
   1.7771531752634635E-002   1.1619044660273916     
   2.1765592370812048E-002  0.91761754094208903     
   2.5132741228720001E-002  0.86571739467158682     
   2.9562133651285849E-002  0.94759406137092861     
   3.8019517526813901E-002  0.97125277099955321     
   4.5116083860089251E-002   1.0656632332188354     
   5.5056809371101592E-002  0.98585343226483158     
   6.5848341545415051E-002   1.0371109768695810     
   7.9166690278415927E-002   1.0023092812787859     
   9.6964567215568481E-002   1.0798290329068487     
  0.11842995645747310        1.0601698005382940     
  0.14416104292042672        1.1073921017238788     
  0.17483851006932644        1.1093134786412231     
  0.21159335649904049        1.1740398704747561     
  0.25709616209838343        1.1793208171295635     
  0.31264156338248622        1.2873967695333617     
  0.37951482899164635        1.3924397101997967     
  0.46065736128088758        1.5282796295254852     
  0.55924736126635322        1.7121095301452054     
  0.67897524277408394        1.9366857890719038     
  0.82441551550693815        2.1683890178042207     
   1.0009764843865627        2.4667259700203870     
   1.2153763263333666        2.8050965715750844     
   1.4765846423066622        3.1839178942930539     
   1.2566370614360001E-002   1.1245801904077151     
   1.7771531752634635E-002   1.0694489932347169     
   2.1765592370812048E-002  0.81405801235584896     
   2.5132741228720001E-002  0.92794037724075085     
   2.9562133651285849E-002   1.0003386809653112     
   3.8019517526813901E-002  0.99485637209194744     
   4.5116083860089251E-002   1.0752310381093322     
   5.5056809371101592E-002  0.99866275084391987     
   6.5848341545415051E-002   1.0446979255852291     
   7.9166690278415927E-002   1.0043745843448562     
   9.6964567215568481E-002   1.0990197545231717     
  0.11842995645747310        1.0621492264120005     
  0.14416104292042672        1.1044210553165412     
  0.17483851006932644        1.1212616275494156     
  0.21159335649904049        1.1661936449590538     
  0.25709616209838343        1.1969550167470084     
  0.31264156338248622        1.2930630386419781     
  0.37951482899164635        1.4245164438159001     
  0.46065736128088758        1.5533582663045788     
  0.55924736126635322        1.7227099911685222     
  0.67897524277408394        1.9371160989397338     
  0.82441551550693815        2.1262075990756588     
   1.0009764843865627        2.3502669206727003     
   1.2153763263333666        2.5526379242066173     
   1.4765846423066622        2.7230707510820733     
   1.2566370614360001E-002  0.97780278744345406     
   1.7771531752634635E-002  0.92451693755637221     
   2.1765592370812048E-002  0.86176133635142615     
   2.5132741228720001E-002   1.0674996487954442     
   2.9562133651285849E-002  0.96507364560826336     
   3.8019517526813901E-002  0.94621905379959259     
   4.5116083860089251E-002   1.1102935752348679     
   5.5056809371101592E-002  0.97556726245523628     
   6.5848341545415051E-002  0.99341512139754806     
   7.9166690278415927E-002   1.0525096618355569     
   9.6964567215568481E-002   1.0444211461606290     
  0.11842995645747310       0.98049458754522845     
  0.14416104292042672        1.0983200121589367     
  0.17483851006932644        1.1105322668996276     
  0.21159335649904049        1.1374615693053667     
  0.25709616209838343        1.1546910856323218     
  0.31264156338248622        1.2573331175549214     
  0.37951482899164635        1.3531351197410340     
  0.46065736128088758        1.4548755261641040     
  0.55924736126635322        1.5868206862719554     
  0.67897524277408394        1.7605981129544446     
  0.82441551550693815        1.8650163580898647     
   1.0009764843865627        1.9509253530715067     
   1.2153763263333666        1.9913480760494462     
   1.4765846423066622        1.8335971341110127     
   1.2566370614360001E-002  0.57813239595938304     
   1.7771531752634635E-002   1.5935949848130433     
   2.1765592370812048E-002   1.2915326441994437     
   2.5132741228720001E-002   1.2308967227170835     
   2.9562133651285849E-002  0.99602816713864317     
   3.8019517526813901E-002  0.99067663362841374     
   4.5116083860089251E-002   1.0375873075541375     
   5.5056809371101592E-002  0.98329741192991238     
   6.5848341545415051E-002  0.94282190676232203     
   7.9166690278415927E-002  0.94805034556862400     
   9.6964567215568481E-002   1.0558125421195876     
  0.11842995645747310       0.88140937435059308     
  0.14416104292042672       0.97799526064896491     
  0.17483851006932644       0.99538964774314465     
  0.21159335649904049        1.0568217431919689     
  0.25709616209838343        1.0981646863963479     
  0.31264156338248622        1.1681124497191970     
  0.37951482899164635        1.2432813071026545     
  0.46065736128088758        1.3354478717357710     
  0.55924736126635322        1.4438942232097023     
  0.67897524277408394        1.5533006459484786     
  0.82441551550693815        1.6000238122071448     
   1.0009764843865627        1.5639950290987836     
   1.2153763263333666        1.3155456727399573     
   1.4765846423066622       0.79853117593235523     
   1.2566370614360001E-002  0.65999691143716011     
   1.7771531752634635E-002   1.7021688586206956     
   2.1765592370812048E-002   1.5356824966148377     
   2.5132741228720001E-002   1.1646086004057712     
   2.9562133651285849E-002  0.66551548885876932     
   3.8019517526813901E-002  0.97242045741562300     
   4.5116083860089251E-002  0.79104373909171233     
   5.5056809371101592E-002  0.95139108148646601     
   6.5848341545415051E-002   1.1828778935325892     
   7.9166690278415927E-002   1.0896815948628096     
   9.6964567215568481E-002   1.1323256691784007     
  0.11842995645747310       0.98959807215784679     
  0.14416104292042672        1.0315449102115846     
  0.17483851006932644        1.0244600403463617     
  0.21159335649904049        1.1015895217906519     
  0.25709616209838343        1.0516963297183026     
  0.31264156338248622        1.1917263224511179     
  0.37951482899164635        1.2972495691056001     
  0.46065736128088758        1.3239170062047243     
  0.55924736126635322        1.4270843446487231     
  0.67897524277408394        1.5342652112610704     
  0.82441551550693815        1.2449032716020965     
   1.0009764843865627        1.0053092514494186     
   1.2153763263333666       0.60102724147347386     
   1.4765846423066622      -0.26472409581297457     
   1.2566370614360001E-002   1.4578798724268758     
   1.7771531752634635E-002   1.1829573677327232     
   2.1765592370812048E-002   1.4489063519958472     
   2.5132741228720001E-002  0.63171179924934073     
   2.9562133651285849E-002  0.96503417208075459     
   3.8019517526813901E-002   1.2021085708109538     
   4.5116083860089251E-002  0.58154948448991273     
   5.5056809371101592E-002   1.0420847028357034     
   6.5848341545415051E-002  0.82292626224281951     
   7.9166690278415927E-002  0.87650396207247994     
   9.6964567215568481E-002   1.0950282692639917     
  0.11842995645747310        1.0619192301078926     
  0.14416104292042672        1.0126375120108833     
  0.17483851006932644       0.84417592343596115     
  0.21159335649904049       0.78677157896421679     
  0.25709616209838343       0.95861775562190610     
  0.31264156338248622       0.86723173667674280     
  0.37951482899164635        1.1556517589650830     
  0.46065736128088758        1.1335614408809489     
  0.55924736126635322        1.1220973366359961     
  0.67897524277408394        1.0637428158299052     
  0.82441551550693815        1.0328798184596053     
   1.0009764843865627       0.50131733244456356     
   1.2153763263333666      -0.12346426250863481     
   1.4765846423066622       -1.0985137899929585     
   1.2566370614360001E-002   2.7459853639919016     
   1.7771531752634635E-002 -0.55072751103934370     
   2.1765592370812048E-002   2.7624819089184420     
   2.5132741228720001E-002   2.2496081119156979     
   2.9562133651285849E-002  0.60792141106220254     
   3.8019517526813901E-002   1.8634284831057766     
   4.5116083860089251E-002  0.30765962229817068     
   5.5056809371101592E-002   1.1424833976556548     
   6.5848341545415051E-002  0.66747288040751096     
   7.9166690278415927E-002  0.49162757671037349     
   9.6964567215568481E-002  0.59798162879079753     
  0.11842995645747310       0.71840021329111869     
  0.14416104292042672       0.65837721400934091     
  0.17483851006932644       0.48384602304893098     
  0.21159335649904049       0.73047695697601844     
  0.25709616209838343       0.51097587388734944     
  0.31264156338248622       0.63101316662332163     
  0.37951482899164635       0.53943091138741317     
  0.46065736128088758       0.65618957848444459     
  0.55924736126635322       0.94850427761391065     
  0.67897524277408394       0.66834442957217510     
  0.82441551550693815       0.24793561062766326     
   1.0009764843865627       0.11334894618139116     
   1.2153763263333666      -0.65028509736790463     
   1.4765846423066622      -0.97065411727749662     
   1.2566370614360001E-002   1.0981226587386661     
   1.7771531752634635E-002  -5.7913757349460191     
   2.1765592370812048E-002  0.16005828817257958     
   2.5132741228720001E-002  -2.1797510032114760     
   2.9562133651285849E-002 -0.50597225045285221     
   3.8019517526813901E-002   1.1486631062844483     
   4.5116083860089251E-002   2.6139581204907989     
   5.5056809371101592E-002  0.29310332052731974     
   6.5848341545415051E-002   1.3344929744900378     
   7.9166690278415927E-002  0.48734587446086780     
   9.6964567215568481E-002   2.4051026232555297     
  0.11842995645747310        1.4362160212609052     
  0.14416104292042672        1.1084351189041459     
  0.17483851006932644       0.63936359318075087     
  0.21159335649904049       -3.1896657173722191E-002
  0.25709616209838343        1.3757349540895540     
  0.31264156338248622       0.55699900107704814     
  0.37951482899164635        1.3330325822508207     
  0.46065736128088758        1.3771533826543418     
  0.55924736126635322       0.89890531085569569     
  0.67897524277408394      -0.16779114319617675     
  0.82441551550693815      -0.33967066221242026     
   1.0009764843865627      -0.23299236966999534     
   1.2153763263333666       -2.1364905438494302     
   1.4765846423066622       -3.3883249705037546     
   1.2566370614360001E-002   1.1245801904077151     
   1.7771531752634635E-002   1.0694489932347169     
   2.1765592370812048E-002  0.81405801235584896     
   2.5132741228720001E-002  0.92794037724075085     
   2.9562133651285849E-002   1.0003386809653112     
   3.8019517526813901E-002  0.99485637209194744     
   4.5116083860089251E-002   1.0752310381093322     
   5.5056809371101592E-002  0.99866275084391987     
   6.5848341545415051E-002   1.0446979255852291     
   7.9166690278415927E-002   1.0043745843448562     
   9.6964567215568481E-002   1.0990197545231717     
  0.11842995645747310        1.0621492264120005     
  0.14416104292042672        1.1044210553165412     
  0.17483851006932644        1.1212616275494156     
  0.21159335649904049        1.1661936449590538     
  0.25709616209838343        1.1969550167470084     
  0.31264156338248622        1.2930630386419781     
  0.37951482899164635        1.4245164438159001     
  0.46065736128088758        1.5533582663045788     
  0.55924736126635322        1.7227099911685222     
  0.67897524277408394        1.9371160989397338     
  0.82441551550693815        2.1262075990756588     
   1.0009764843865627        2.3502669206727003     
   1.2153763263333666        2.5526379242066173     
   1.4765846423066622        2.7230707510820733     
   1.2566370614360001E-002   1.2175319956750841     
   1.7771531752634635E-002  0.94906125247088846     
   2.1765592370812048E-002  0.72639986881179130     
   2.5132741228720001E-002  0.97382133765337497     
   2.9562133651285849E-002   1.0562734087299688     
   3.8019517526813901E-002   1.0234917937498602     
   4.5116083860089251E-002   1.1150821290468012     
   5.5056809371101592E-002   1.0217482961559785     
   6.5848341545415051E-002   1.0488843886288954     
   7.9166690278415927E-002   1.0174205495446171     
   9.6964567215568481E-002   1.1346421308532302     
  0.11842995645747310        1.0901694686190244     
  0.14416104292042672        1.1602611227049411     
  0.17483851006932644        1.2009983978702852     
  0.21159335649904049        1.2378004060921377     
  0.25709616209838343        1.3051056394742984     
  0.31264156338248622        1.3720763919695098     
  0.37951482899164635        1.5738516246317373     
  0.46065736128088758        1.7423359768503131     
  0.55924736126635322        1.8791858278960021     
  0.67897524277408394        2.0844367638932892     
  0.82441551550693815        2.2073752482482702     
   1.0009764843865627        2.3465635245769847     
   1.2153763263333666        2.4539031350824323     
   1.4765846423066622        2.5245142415520778     
   1.2566370614360001E-002   1.0070826152616135     
   1.7771531752634635E-002  0.84541087161481965     
   2.1765592370812048E-002  0.71384047839533959     
   2.5132741228720001E-002   1.1070518293201559     
   2.9562133651285849E-002   1.0077328299845747     
   3.8019517526813901E-002  0.93918813303692628     
   4.5116083860089251E-002   1.1209720917031116     
   5.5056809371101592E-002  0.99025809789186114     
   6.5848341545415051E-002   1.0044555607154717     
   7.9166690278415927E-002   1.0685429990273481     
   9.6964567215568481E-002   1.0587341187669999     
  0.11842995645747310        1.0119641234116987     
  0.14416104292042672        1.1053386150814626     
  0.17483851006932644        1.1751688614603082     
  0.21159335649904049        1.1961795893290994     
  0.25709616209838343        1.2561745161384521     
  0.31264156338248622        1.3404767541597475     
  0.37951482899164635        1.5267920603129568     
  0.46065736128088758        1.6425260757993003     
  0.55924736126635322        1.7522079923753608     
  0.67897524277408394        1.8931055227699309     
  0.82441551550693815        1.9565578859072639     
   1.0009764843865627        1.9029800442986069     
   1.2153763263333666        1.7379367026851755     
   1.4765846423066622        1.5263262388794383     
   1.2566370614360001E-002  0.36413288488418771     
   1.7771531752634635E-002   1.4498453339824342     
   2.1765592370812048E-002   1.1118765825832371     
   2.5132741228720001E-002   1.2838358895249462     
   2.9562133651285849E-002   1.0758653253328494     
   3.8019517526813901E-002  0.99556962181795028     
   4.5116083860089251E-002   1.0547904366025376     
   5.5056809371101592E-002   1.0010213007628785     
   6.5848341545415051E-002  0.95135462321304487     
   7.9166690278415927E-002  0.94709718329304093     
   9.6964567215568481E-002   1.1222360540687353     
  0.11842995645747310       0.89632220096068216     
  0.14416104292042672        1.0451070245330021     
  0.17483851006932644        1.0754614975254593     
  0.21159335649904049        1.1368252585259675     
  0.25709616209838343        1.1903516540871548     
  0.31264156338248622        1.1917311119852896     
  0.37951482899164635        1.3403739469913611     
  0.46065736128088758        1.4459021230500448     
  0.55924736126635322        1.4448966715850751     
  0.67897524277408394        1.5055754405824469     
  0.82441551550693815        1.4762696745226296     
   1.0009764843865627        1.2144208337184077     
   1.2153763263333666       0.86999787026027675     
   1.4765846423066622       0.14803003843758028     
   1.2566370614360001E-002  0.60544761451111395     
   1.7771531752634635E-002   1.5005374512618288     
   2.1765592370812048E-002   1.3520110569387191     
   2.5132741228720001E-002   1.1023855092813826     
   2.9562133651285849E-002  0.68753697425008453     
   3.8019517526813901E-002   1.0174520453914697     
   4.5116083860089251E-002  0.72220784992587428     
   5.5056809371101592E-002  0.98912773520711383     
   6.5848341545415051E-002   1.1557514520785408     
   7.9166690278415927E-002   1.1377624888707378     
   9.6964567215568481E-002   1.3212087658601668     
  0.11842995645747310        1.0798730983130833     
  0.14416104292042672        1.1229763821272942     
  0.17483851006932644        1.0351319528503860     
  0.21159335649904049        1.2830146959299011     
  0.25709616209838343        1.0160528216252132     
  0.31264156338248622        1.2601036223584072     
  0.37951482899164635        1.2784091646656262     
  0.46065736128088758        1.2675661798880531     
  0.55924736126635322        1.4180266102554142     
  0.67897524277408394        1.2761027158718119     
  0.82441551550693815       0.85890450391738393     
   1.0009764843865627       0.70521493745304986     
   1.2153763263333666      -0.19093239912358428     
   1.4765846423066622      -0.95065372224323963     
   1.2566370614360001E-002   1.5528899014442796     
   1.7771531752634635E-002  0.83741280023866971     
   2.1765592370812048E-002   1.1172558118149789     
   2.5132741228720001E-002  0.67099694428903245     
   2.9562133651285849E-002   1.0683864509605452     
   3.8019517526813901E-002   1.4197359958468645     
   4.5116083860089251E-002  0.47702621622086971     
   5.5056809371101592E-002   1.1840077741307433     
   6.5848341545415051E-002  0.84728056143988051     
   7.9166690278415927E-002  0.91917871587521727     
   9.6964567215568481E-002   1.2213958886869378     
  0.11842995645747310        1.0936361765305493     
  0.14416104292042672        1.0103372620352549     
  0.17483851006932644        1.0214048162379445     
  0.21159335649904049       0.87102783398645800     
  0.25709616209838343       0.88188048367313487     
  0.31264156338248622       0.73607205280014454     
  0.37951482899164635       0.96573619436538383     
  0.46065736128088758       0.95405581385641758     
  0.55924736126635322       0.73340724509921573     
  0.67897524277408394       0.85743111487041412     
  0.82441551550693815       0.29610579493367661     
   1.0009764843865627        3.2256373698238153E-002
   1.2153763263333666        2.1159997825824083E-002
   1.4765846423066622       -1.0911776845949772     
   1.2566370614360001E-002   2.2299216757445661     
   1.7771531752634635E-002 -0.62961541657555697     
   2.1765592370812048E-002   2.2390317402819511     
   2.5132741228720001E-002   2.5111479072640965     
   2.9562133651285849E-002  0.77034346880442772     
   3.8019517526813901E-002   1.5061060905185475     
   4.5116083860089251E-002  0.46729565660923711     
   5.5056809371101592E-002   1.1331639759844920     
   6.5848341545415051E-002  0.80318059711640455     
   7.9166690278415927E-002  0.43519329708462479     
   9.6964567215568481E-002  0.61588766372718917     
  0.11842995645747310       0.74265962439626643     
  0.14416104292042672       0.73981976880720968     
  0.17483851006932644       0.51366258081116478     
  0.21159335649904049       0.74654191249358060     
  0.25709616209838343       0.51027081401606111     
  0.31264156338248622       0.50959112388761396     
  0.37951482899164635       0.69538759715783205     
  0.46065736128088758       0.66208121076550874     
  0.55924736126635322       0.69384690870702004     
  0.67897524277408394       0.49499599553313040     
  0.82441551550693815        6.3641278705689114E-002
   1.0009764843865627       -2.4137750733304059E-002
   1.2153763263333666       -1.0822355138013235     
   1.4765846423066622       -1.1599576917195338     
   1.2566370614360001E-002   2.4925708546835863     
   1.7771531752634635E-002  -4.0266352049641476     
   2.1765592370812048E-002  0.55764733918918685     
   2.5132741228720001E-002  -2.9485479335837095     
   2.9562133651285849E-002 -0.71244966482408101     
   3.8019517526813901E-002  0.80512476754384343     
   4.5116083860089251E-002   1.5869424033470838     
   5.5056809371101592E-002  0.42095828823033860     
   6.5848341545415051E-002   1.1076816973058270     
   7.9166690278415927E-002 -0.14859363897699501     
   9.6964567215568481E-002   1.9401186736818326     
  0.11842995645747310        1.2363393025797758     
  0.14416104292042672        1.3916847696694368     
  0.17483851006932644       0.20325911552446085     
  0.21159335649904049       0.18546941685918347     
  0.25709616209838343        1.0350389852431876     
  0.31264156338248622       0.96974353058633678     
  0.37951482899164635        1.0097828123066652     
  0.46065736128088758      -0.28897160544054279     
  0.55924736126635322      -0.17880584654401924     
  0.67897524277408394      -0.64345859687213469     
  0.82441551550693815       0.37726777268191281     
   1.0009764843865627       0.14375319776543202     
   1.2153763263333666      -0.21621398370098874     
   1.4765846423066622       -2.2836575507322974     
   1.2566370614360001E-002  0.97780278744345406     
   1.7771531752634635E-002  0.92451693755637221     
   2.1765592370812048E-002  0.86176133635142615     
   2.5132741228720001E-002   1.0674996487954442     
   2.9562133651285849E-002  0.96507364560826336     
   3.8019517526813901E-002  0.94621905379959259     
   4.5116083860089251E-002   1.1102935752348679     
   5.5056809371101592E-002  0.97556726245523628     
   6.5848341545415051E-002  0.99341512139754806     
   7.9166690278415927E-002   1.0525096618355569     
   9.6964567215568481E-002   1.0444211461606290     
  0.11842995645747310       0.98049458754522845     
  0.14416104292042672        1.0983200121589367     
  0.17483851006932644        1.1105322668996276     
  0.21159335649904049        1.1374615693053667     
  0.25709616209838343        1.1546910856323218     
  0.31264156338248622        1.2573331175549214     
  0.37951482899164635        1.3531351197410340     
  0.46065736128088758        1.4548755261641040     
  0.55924736126635322        1.5868206862719554     
  0.67897524277408394        1.7605981129544446     
  0.82441551550693815        1.8650163580898647     
   1.0009764843865627        1.9509253530715067     
   1.2153763263333666        1.9913480760494462     
   1.4765846423066622        1.8335971341110127     
   1.2566370614360001E-002   1.0070826152616135     
   1.7771531752634635E-002  0.84541087161481965     
   2.1765592370812048E-002  0.71384047839533959     
   2.5132741228720001E-002   1.1070518293201559     
   2.9562133651285849E-002   1.0077328299845747     
   3.8019517526813901E-002  0.93918813303692628     
   4.5116083860089251E-002   1.1209720917031116     
   5.5056809371101592E-002  0.99025809789186114     
   6.5848341545415051E-002   1.0044555607154717     
   7.9166690278415927E-002   1.0685429990273481     
   9.6964567215568481E-002   1.0587341187669999     
  0.11842995645747310        1.0119641234116987     
  0.14416104292042672        1.1053386150814626     
  0.17483851006932644        1.1751688614603082     
  0.21159335649904049        1.1961795893290994     
  0.25709616209838343        1.2561745161384521     
  0.31264156338248622        1.3404767541597475     
  0.37951482899164635        1.5267920603129568     
  0.46065736128088758        1.6425260757993003     
  0.55924736126635322        1.7522079923753608     
  0.67897524277408394        1.8931055227699309     
  0.82441551550693815        1.9565578859072639     
   1.0009764843865627        1.9029800442986069     
   1.2153763263333666        1.7379367026851755     
   1.4765846423066622        1.5263262388794383     
   1.2566370614360001E-002  0.71670062285505509     
   1.7771531752634635E-002  0.70928635214002866     
   2.1765592370812048E-002  0.82712988727401437     
   2.5132741228720001E-002   1.2767475036547684     
   2.9562133651285849E-002  0.97399841601162751     
   3.8019517526813901E-002  0.87539031618172858     
   4.5116083860089251E-002   1.1490480410677042     
   5.5056809371101592E-002  0.98497359232017956     
   6.5848341545415051E-002  0.98211462233205216     
   7.9166690278415927E-002   1.1364745187639007     
   9.6964567215568481E-002   1.0704538929585599     
  0.11842995645747310       0.99250599684862795     
  0.14416104292042672        1.1672246718970818     
  0.17483851006932644        1.2653448820508841     
  0.21159335649904049        1.2624173450098553     
  0.25709616209838343        1.3242689610871370     
  0.31264156338248622        1.5631171157743629     
  0.37951482899164635        1.7003495023554214     
  0.46065736128088758        1.7175570712631092     
  0.55924736126635322        1.8380017690412407     
  0.67897524277408394        1.9524841955974221     
  0.82441551550693815        1.8711847707564528     
   1.0009764843865627        1.6760000432845750     
   1.2153763263333666        1.4808570018039382     
   1.4765846423066622        1.1980881489555411     
   1.2566370614360001E-002  0.53497605148287397     
   1.7771531752634635E-002   1.0452307812126984     
   2.1765592370812048E-002   1.0765964799874661     
   2.5132741228720001E-002   1.4515440653573526     
   2.9562133651285849E-002   1.0078562595491949     
   3.8019517526813901E-002   1.0410462756675605     
   4.5116083860089251E-002   1.0470304127730639     
   5.5056809371101592E-002  0.98648640120790343     
   6.5848341545415051E-002  0.92314428313772690     
   7.9166690278415927E-002   1.0513827979565389     
   9.6964567215568481E-002   1.1097480312839705     
  0.11842995645747310       0.97907238250962891     
  0.14416104292042672        1.0966148119839270     
  0.17483851006932644        1.2131112041278769     
  0.21159335649904049        1.3821508053798821     
  0.25709616209838343        1.3846633163060993     
  0.31264156338248622        1.4447648846322907     
  0.37951482899164635        1.6116914444131538     
  0.46065736128088758        1.4649037652162045     
  0.55924736126635322        1.5556385061841103     
  0.67897524277408394        1.5539532052474070     
  0.82441551550693815        1.3815442005971863     
   1.0009764843865627        1.3177009838404443     
   1.2153763263333666        1.0277667794993919     
   1.4765846423066622       0.53308261940346557     
   1.2566370614360001E-002  0.94884930851240090     
   1.7771531752634635E-002   1.0154073886007762     
   2.1765592370812048E-002   1.4793883926772560     
   2.5132741228720001E-002   1.5546134130802123     
   2.9562133651285849E-002  0.71629004688056008     
   3.8019517526813901E-002  0.98450401776941021     
   4.5116083860089251E-002  0.72235615674187015     
   5.5056809371101592E-002  0.89687621639377690     
   6.5848341545415051E-002   1.1132762750472756     
   7.9166690278415927E-002   1.1457924061141869     
   9.6964567215568481E-002   1.2215294368942458     
  0.11842995645747310       0.95152824285930637     
  0.14416104292042672        1.0704788486950465     
  0.17483851006932644        1.1037622180802649     
  0.21159335649904049        1.2701764013073400     
  0.25709616209838343        1.1940100317576801     
  0.31264156338248622        1.2894390096733146     
  0.37951482899164635        1.4213811907076230     
  0.46065736128088758        1.3489693232752979     
  0.55924736126635322        1.4406555611420109     
  0.67897524277408394        1.3846018663183739     
  0.82441551550693815       0.77023585569271691     
   1.0009764843865627       0.48754074497774247     
   1.2153763263333666       0.10796466698927772     
   1.4765846423066622       -1.0626360128165502     
   1.2566370614360001E-002   1.3817617329219607     
   1.7771531752634635E-002   1.1583475219265544     
   2.1765592370812048E-002   1.5746245973975912     
   2.5132741228720001E-002  0.61856162115198665     
   2.9562133651285849E-002  0.95772006535072007     
   3.8019517526813901E-002   1.0263907295746837     
   4.5116083860089251E-002  0.41407160059932718     
   5.5056809371101592E-002   1.0781987506772046     
   6.5848341545415051E-002  0.86700371254040320     
   7.9166690278415927E-002   1.2224542640464127     
   9.6964567215568481E-002   1.0981147666345823     
  0.11842995645747310        1.0079532798387809     
  0.14416104292042672        1.1742124946962798     
  0.17483851006932644       0.94648524004023649     
  0.21159335649904049        1.1017237025943449     
  0.25709616209838343        1.1751146785551128     
  0.31264156338248622        1.2104108786744476     
  0.37951482899164635        1.1177907831216571     
  0.46065736128088758        1.0638361741219853     
  0.55924736126635322       0.94846484307328305     
  0.67897524277408394        1.0807288749280175     
  0.82441551550693815       0.33865387365023891     
   1.0009764843865627      -0.14654798184783549     
   1.2153763263333666      -0.48460786458543481     
   1.4765846423066622       -2.9281363843134600     
   1.2566370614360001E-002   2.2409763467012018     
   1.7771531752634635E-002  -1.0514937923420447     
   2.1765592370812048E-002   2.4022193382827970     
   2.5132741228720001E-002   2.6480378888049421     
   2.9562133651285849E-002  0.68004849731985340     
   3.8019517526813901E-002   1.5864313823188392     
   4.5116083860089251E-002  0.41177076142079205     
   5.5056809371101592E-002   1.2985885289843149     
   6.5848341545415051E-002  0.26426503022100672     
   7.9166690278415927E-002  0.64723433975535105     
   9.6964567215568481E-002  0.51506415846591536     
  0.11842995645747310       0.56292101891419655     
  0.14416104292042672       0.90894164854410053     
  0.17483851006932644       0.61496939719807964     
  0.21159335649904049       0.36330543104621965     
  0.25709616209838343       0.39994306017809833     
  0.31264156338248622       0.68971777174104254     
  0.37951482899164635       0.74056296309665459     
  0.46065736128088758       -1.5852129852522982E-002
  0.55924736126635322       0.65830177696728120     
  0.67897524277408394      -0.15850594780397190     
  0.82441551550693815      -0.92915374240419735     
   1.0009764843865627      -0.59666624584901851     
   1.2153763263333666       -5.7088304434924457E-002
   1.4765846423066622       -1.5253403586325560     
   1.2566370614360001E-002   2.1367669858781073     
   1.7771531752634635E-002  -2.1432938152579566     
   2.1765592370812048E-002 -0.77689651814402938     
   2.5132741228720001E-002 -0.25654664717071995     
   2.9562133651285849E-002   4.2966659978730136E-002
   3.8019517526813901E-002  0.83945115302754381     
   4.5116083860089251E-002   2.8476960490980940     
   5.5056809371101592E-002   9.3353254721942655E-002
   6.5848341545415051E-002  0.97570286158576491     
   7.9166690278415927E-002 -0.30045008394905276     
   9.6964567215568481E-002   2.1406104110046820     
  0.11842995645747310        1.1999795417989476     
  0.14416104292042672       0.97897921359051365     
  0.17483851006932644       0.21501545961135113     
  0.21159335649904049       0.64265582341130645     
  0.25709616209838343       0.26759529552497768     
  0.31264156338248622       0.76521345014443121     
  0.37951482899164635      -0.77256734295372897     
  0.46065736128088758       -6.2061998356817145E-002
  0.55924736126635322        1.3526154280867868     
  0.67897524277408394        1.0859771266111844     
  0.82441551550693815      -0.95671338856891475     
   1.0009764843865627       -2.4793777920233406     
   1.2153763263333666       -1.1596535033519173     
   1.4765846423066622      -0.72971932928522121     
   1.2566370614360001E-002  0.57813239595938304     
   1.7771531752634635E-002   1.5935949848130433     
   2.1765592370812048E-002   1.2915326441994437     
   2.5132741228720001E-002   1.2308967227170835     
   2.9562133651285849E-002  0.99602816713864317     
   3.8019517526813901E-002  0.99067663362841374     
   4.5116083860089251E-002   1.0375873075541375     
   5.5056809371101592E-002  0.98329741192991238     
   6.5848341545415051E-002  0.94282190676232203     
   7.9166690278415927E-002  0.94805034556862400     
   9.6964567215568481E-002   1.0558125421195876     
  0.11842995645747310       0.88140937435059308     
  0.14416104292042672       0.97799526064896491     
  0.17483851006932644       0.99538964774314465     
  0.21159335649904049        1.0568217431919689     
  0.25709616209838343        1.0981646863963479     
  0.31264156338248622        1.1681124497191970     
  0.37951482899164635        1.2432813071026545     
  0.46065736128088758        1.3354478717357710     
  0.55924736126635322        1.4438942232097023     
  0.67897524277408394        1.5533006459484786     
  0.82441551550693815        1.6000238122071448     
   1.0009764843865627        1.5639950290987836     
   1.2153763263333666        1.3155456727399573     
   1.4765846423066622       0.79853117593235523     
   1.2566370614360001E-002  0.36413288488418771     
   1.7771531752634635E-002   1.4498453339824342     
   2.1765592370812048E-002   1.1118765825832371     
   2.5132741228720001E-002   1.2838358895249462     
   2.9562133651285849E-002   1.0758653253328494     
   3.8019517526813901E-002  0.99556962181795028     
   4.5116083860089251E-002   1.0547904366025376     
   5.5056809371101592E-002   1.0010213007628785     
   6.5848341545415051E-002  0.95135462321304487     
   7.9166690278415927E-002  0.94709718329304093     
   9.6964567215568481E-002   1.1222360540687353     
  0.11842995645747310       0.89632220096068216     
  0.14416104292042672        1.0451070245330021     
  0.17483851006932644        1.0754614975254593     
  0.21159335649904049        1.1368252585259675     
  0.25709616209838343        1.1903516540871548     
  0.31264156338248622        1.1917311119852896     
  0.37951482899164635        1.3403739469913611     
  0.46065736128088758        1.4459021230500448     
  0.55924736126635322        1.4448966715850751     
  0.67897524277408394        1.5055754405824469     
  0.82441551550693815        1.4762696745226296     
   1.0009764843865627        1.2144208337184077     
   1.2153763263333666       0.86999787026027675     
   1.4765846423066622       0.14803003843758028     
   1.2566370614360001E-002  0.53497605148287397     
   1.7771531752634635E-002   1.0452307812126984     
   2.1765592370812048E-002   1.0765964799874661     
   2.5132741228720001E-002   1.4515440653573526     
   2.9562133651285849E-002   1.0078562595491949     
   3.8019517526813901E-002   1.0410462756675605     
   4.5116083860089251E-002   1.0470304127730639     
   5.5056809371101592E-002  0.98648640120790343     
   6.5848341545415051E-002  0.92314428313772690     
   7.9166690278415927E-002   1.0513827979565389     
   9.6964567215568481E-002   1.1097480312839705     
  0.11842995645747310       0.97907238250962891     
  0.14416104292042672        1.0966148119839270     
  0.17483851006932644        1.2131112041278769     
  0.21159335649904049        1.3821508053798821     
  0.25709616209838343        1.3846633163060993     
  0.31264156338248622        1.4447648846322907     
  0.37951482899164635        1.6116914444131538     
  0.46065736128088758        1.4649037652162045     
  0.55924736126635322        1.5556385061841103     
  0.67897524277408394        1.5539532052474070     
  0.82441551550693815        1.3815442005971863     
   1.0009764843865627        1.3177009838404443     
   1.2153763263333666        1.0277667794993919     
   1.4765846423066622       0.53308261940346557     
   1.2566370614360001E-002  0.36971800488939516     
   1.7771531752634635E-002   2.1535084891760485     
   2.1765592370812048E-002   1.9251765905346039     
   2.5132741228720001E-002   1.8825427533305812     
   2.9562133651285849E-002   1.1494354136674747     
   3.8019517526813901E-002   1.1723626628932269     
   4.5116083860089251E-002  0.98773017618022918     
   5.5056809371101592E-002  0.95753556748420587     
   6.5848341545415051E-002  0.97767326307177849     
   7.9166690278415927E-002   1.0715193815487785     
   9.6964567215568481E-002   1.3887425726396705     
  0.11842995645747310        1.2831581811060753     
  0.14416104292042672        1.4249259304802362     
  0.17483851006932644        1.4263225693622275     
  0.21159335649904049        1.6028108766134919     
  0.25709616209838343        1.7871028514841387     
  0.31264156338248622        1.9414565188474622     
  0.37951482899164635        1.7427339249383222     
  0.46065736128088758        1.7554709233088390     
  0.55924736126635322        1.8719332346672062     
  0.67897524277408394        1.2470611301914409     
  0.82441551550693815        1.8408181986077958     
   1.0009764843865627       0.41934347080485002     
   1.2153763263333666        1.5730922842490367     
   1.4765846423066622        2.9105322867513204     
   1.2566370614360001E-002  0.38181474162674933     
   1.7771531752634635E-002   1.8361955838999795     
   2.1765592370812048E-002   2.1530842980618812     
   2.5132741228720001E-002   1.7687893574027806     
   2.9562133651285849E-002  0.59237134345371478     
   3.8019517526813901E-002  0.88351318754821984     
   4.5116083860089251E-002  0.80508938462655333     
   5.5056809371101592E-002  0.90310569511219074     
   6.5848341545415051E-002   1.1868059151005392     
   7.9166690278415927E-002   1.2054232361462525     
   9.6964567215568481E-002   1.2890814223190559     
  0.11842995645747310        1.0179836052324795     
  0.14416104292042672        1.3803367322859499     
  0.17483851006932644        1.0622604006771046     
  0.21159335649904049        1.5836205316685321     
  0.25709616209838343        1.3105824450435832     
  0.31264156338248622        1.3472656095447577     
  0.37951482899164635        1.5815781829785864     
  0.46065736128088758        1.3240989084697121     
  0.55924736126635322        1.2159813219492395     
  0.67897524277408394        1.3215949374934850     
  0.82441551550693815       0.60985934758411831     
   1.0009764843865627       0.69757422635335042     
   1.2153763263333666        3.3977972723606538E-002
   1.4765846423066622       -1.4172398613933874     
   1.2566370614360001E-002  0.91873454549604205     
   1.7771531752634635E-002   1.4839546677725957     
   2.1765592370812048E-002   1.6650921465827604     
   2.5132741228720001E-002  0.35883564349737379     
   2.9562133651285849E-002   1.3732814668473516     
   3.8019517526813901E-002  0.81468183084236412     
   4.5116083860089251E-002  0.93661581396474103     
   5.5056809371101592E-002   1.2073209482922278     
   6.5848341545415051E-002  0.89285652000910765     
   7.9166690278415927E-002  0.85133079017143620     
   9.6964567215568481E-002   1.1682220965173558     
  0.11842995645747310        1.0519233025703851     
  0.14416104292042672        1.2626273649687481     
  0.17483851006932644        1.1078724914765907     
  0.21159335649904049       0.80631182684439850     
  0.25709616209838343        1.2536267759163977     
  0.31264156338248622        1.0340979678040605     
  0.37951482899164635        2.2439501096681709     
  0.46065736128088758        1.8547209289823730     
  0.55924736126635322        1.3581446903315202     
  0.67897524277408394        3.4240234082066778     
  0.82441551550693815        2.9253775611688724     
   1.0009764843865627        2.1003104794472307     
   1.2153763263333666      -0.16247295652158725     
   1.4765846423066622       -2.5181358674227168     
   1.2566370614360001E-002   1.9527939276253772     
   1.7771531752634635E-002  0.36308723875440091     
   2.1765592370812048E-002   2.7077235752062694     
   2.5132741228720001E-002   2.3223713177735261     
   2.9562133651285849E-002  0.17520896345353526     
   3.8019517526813901E-002   2.1335102676774378     
   4.5116083860089251E-002  0.59878351105280359     
   5.5056809371101592E-002   1.1287573871660390     
   6.5848341545415051E-002  0.56816176072335778     
   7.9166690278415927E-002  0.38351809806459525     
   9.6964567215568481E-002  0.65517029889896694     
  0.11842995645747310       0.98227764822329888     
  0.14416104292042672       0.29965530856129630     
  0.17483851006932644       0.15674992308097904     
  0.21159335649904049       0.81971065983585212     
  0.25709616209838343        8.1575256438677080E-002
  0.31264156338248622       0.45971694238104532     
  0.37951482899164635       0.31389152740504406     
  0.46065736128088758        5.5426913007816193E-002
  0.55924736126635322       0.27866076337335860     
  0.67897524277408394        8.2883338143261376E-002
  0.82441551550693815      -0.17595444003891783     
   1.0009764843865627       0.19839277246824275     
   1.2153763263333666       0.39738006814121113     
   1.4765846423066622       -1.2425371017717037     
   1.2566370614360001E-002 -0.62526595035530130     
   1.7771531752634635E-002  -12.553228289653481     
   2.1765592370812048E-002  0.16808921622250456     
   2.5132741228720001E-002   5.4113040437361436E-003
   2.9562133651285849E-002   1.6383758433570321     
   3.8019517526813901E-002   2.9427426232557705     
   4.5116083860089251E-002   1.8831050926437591     
   5.5056809371101592E-002  0.26921064570048642     
   6.5848341545415051E-002  0.41247613583640919     
   7.9166690278415927E-002  -1.4600456991847091     
   9.6964567215568481E-002   1.3651884374554444     
  0.11842995645747310        2.9413641351118205     
  0.14416104292042672       0.18567424579164882     
  0.17483851006932644        1.3634433281951959     
  0.21159335649904049        3.5733686276111887     
  0.25709616209838343        1.6646060046599005     
  0.31264156338248622       -9.2000961926352209E-002
  0.37951482899164635       -1.4429897322757888     
  0.46065736128088758        1.8753655412386860     
  0.55924736126635322        7.8782009770034828E-002
  0.67897524277408394       0.27531216477036397     
  0.82441551550693815        1.3590574854669266     
   1.0009764843865627        9.7246259164513198     
   1.2153763263333666       -1.2572648064313083     
   1.4765846423066622        1.1761649953505349     
   1.2566370614360001E-002  0.65999691143716011     
   1.7771531752634635E-002   1.7021688586206956     
   2.1765592370812048E-002   1.5356824966148377     
   2.5132741228720001E-002   1.1646086004057712     
   2.9562133651285849E-002  0.66551548885876932     
   3.8019517526813901E-002  0.97242045741562300     
   4.5116083860089251E-002  0.79104373909171233     
   5.5056809371101592E-002  0.95139108148646601     
   6.5848341545415051E-002   1.1828778935325892     
   7.9166690278415927E-002   1.0896815948628096     
   9.6964567215568481E-002   1.1323256691784007     
  0.11842995645747310       0.98959807215784679     
  0.14416104292042672        1.0315449102115846     
  0.17483851006932644        1.0244600403463617     
  0.21159335649904049        1.1015895217906519     
  0.25709616209838343        1.0516963297183026     
  0.31264156338248622        1.1917263224511179     
  0.37951482899164635        1.2972495691056001     
  0.46065736128088758        1.3239170062047243     
  0.55924736126635322        1.4270843446487231     
  0.67897524277408394        1.5342652112610704     
  0.82441551550693815        1.2449032716020965     
   1.0009764843865627        1.0053092514494186     
   1.2153763263333666       0.60102724147347386     
   1.4765846423066622      -0.26472409581297457     
   1.2566370614360001E-002  0.60544761451111395     
   1.7771531752634635E-002   1.5005374512618288     
   2.1765592370812048E-002   1.3520110569387191     
   2.5132741228720001E-002   1.1023855092813826     
   2.9562133651285849E-002  0.68753697425008453     
   3.8019517526813901E-002   1.0174520453914697     
   4.5116083860089251E-002  0.72220784992587428     
   5.5056809371101592E-002  0.98912773520711383     
   6.5848341545415051E-002   1.1557514520785408     
   7.9166690278415927E-002   1.1377624888707378     
   9.6964567215568481E-002   1.3212087658601668     
  0.11842995645747310        1.0798730983130833     
  0.14416104292042672        1.1229763821272942     
  0.17483851006932644        1.0351319528503860     
  0.21159335649904049        1.2830146959299011     
  0.25709616209838343        1.0160528216252132     
  0.31264156338248622        1.2601036223584072     
  0.37951482899164635        1.2784091646656262     
  0.46065736128088758        1.2675661798880531     
  0.55924736126635322        1.4180266102554142     
  0.67897524277408394        1.2761027158718119     
  0.82441551550693815       0.85890450391738393     
   1.0009764843865627       0.70521493745304986     
   1.2153763263333666      -0.19093239912358428     
   1.4765846423066622      -0.95065372224323963     
   1.2566370614360001E-002  0.94884930851240090     
   1.7771531752634635E-002   1.0154073886007762     
   2.1765592370812048E-002   1.4793883926772560     
   2.5132741228720001E-002   1.5546134130802123     
   2.9562133651285849E-002  0.71629004688056008     
   3.8019517526813901E-002  0.98450401776941021     
   4.5116083860089251E-002  0.72235615674187015     
   5.5056809371101592E-002  0.89687621639377690     
   6.5848341545415051E-002   1.1132762750472756     
   7.9166690278415927E-002   1.1457924061141869     
   9.6964567215568481E-002   1.2215294368942458     
  0.11842995645747310       0.95152824285930637     
  0.14416104292042672        1.0704788486950465     
  0.17483851006932644        1.1037622180802649     
  0.21159335649904049        1.2701764013073400     
  0.25709616209838343        1.1940100317576801     
  0.31264156338248622        1.2894390096733146     
  0.37951482899164635        1.4213811907076230     
  0.46065736128088758        1.3489693232752979     
  0.55924736126635322        1.4406555611420109     
  0.67897524277408394        1.3846018663183739     
  0.82441551550693815       0.77023585569271691     
   1.0009764843865627       0.48754074497774247     
   1.2153763263333666       0.10796466698927772     
   1.4765846423066622       -1.0626360128165502     
   1.2566370614360001E-002  0.38181474162674933     
   1.7771531752634635E-002   1.8361955838999795     
   2.1765592370812048E-002   2.1530842980618812     
   2.5132741228720001E-002   1.7687893574027806     
   2.9562133651285849E-002  0.59237134345371478     
   3.8019517526813901E-002  0.88351318754821984     
   4.5116083860089251E-002  0.80508938462655333     
   5.5056809371101592E-002  0.90310569511219074     
   6.5848341545415051E-002   1.1868059151005392     
   7.9166690278415927E-002   1.2054232361462525     
   9.6964567215568481E-002   1.2890814223190559     
  0.11842995645747310        1.0179836052324795     
  0.14416104292042672        1.3803367322859499     
  0.17483851006932644        1.0622604006771046     
  0.21159335649904049        1.5836205316685321     
  0.25709616209838343        1.3105824450435832     
  0.31264156338248622        1.3472656095447577     
  0.37951482899164635        1.5815781829785864     
  0.46065736128088758        1.3240989084697121     
  0.55924736126635322        1.2159813219492395     
  0.67897524277408394        1.3215949374934850     
  0.82441551550693815       0.60985934758411831     
   1.0009764843865627       0.69757422635335042     
   1.2153763263333666        3.3977972723606538E-002
   1.4765846423066622       -1.4172398613933874     
   1.2566370614360001E-002  0.69626592581343172     
   1.7771531752634635E-002   2.2699957696869451     
   2.1765592370812048E-002   1.7421456350592488     
   2.5132741228720001E-002   2.0148004917343290     
   2.9562133651285849E-002  0.39414971320652048     
   3.8019517526813901E-002   1.5338489630721763     
   4.5116083860089251E-002  0.23833718974935414     
   5.5056809371101592E-002  0.77697235016615607     
   6.5848341545415051E-002   1.2319104111226113     
   7.9166690278415927E-002   1.1208105741733561     
   9.6964567215568481E-002   1.2545127278623991     
  0.11842995645747310        1.2295314113496869     
  0.14416104292042672        1.7592015011985795     
  0.17483851006932644        1.2221171817900172     
  0.21159335649904049        1.2537797700946249     
  0.25709616209838343        1.2389761445510401     
  0.31264156338248622        1.8572666983251762     
  0.37951482899164635        1.2243467940169950     
  0.46065736128088758        1.3953256683613684     
  0.55924736126635322        1.1690399111325942     
  0.67897524277408394       0.77987071831795829     
  0.82441551550693815       0.66670266251790522     
   1.0009764843865627       0.88864370047877317     
   1.2153763263333666        3.4078516241179910     
   1.4765846423066622        8.5613566740634521     
   1.2566370614360001E-002  0.36066219280768702     
   1.7771531752634635E-002   2.1483318982885335     
   2.1765592370812048E-002   3.9728727292143202     
   2.5132741228720001E-002  0.37032939742574295     
   2.9562133651285849E-002   1.4739453073413264     
   3.8019517526813901E-002  0.33343952467577748     
   4.5116083860089251E-002  0.61333681260696182     
   5.5056809371101592E-002  0.88769721460834661     
   6.5848341545415051E-002   1.3317074990429114     
   7.9166690278415927E-002   1.1346791554713707     
   9.6964567215568481E-002   1.4797425851962722     
  0.11842995645747310        2.1248058224809756     
  0.14416104292042672        1.3957242065427173     
  0.17483851006932644        1.4266059103031323     
  0.21159335649904049        1.4553590538063910     
  0.25709616209838343        2.1270567333890460     
  0.31264156338248622        2.3310391648906905     
  0.37951482899164635        2.7978101841856744     
  0.46065736128088758        1.6357124732693069     
  0.55924736126635322        1.4731863839874213     
  0.67897524277408394        2.5380506787554915     
  0.82441551550693815       0.87468627590830939     
   1.0009764843865627       -1.6426515982659218     
   1.2153763263333666       -1.6159436483526028     
   1.4765846423066622       -4.8184220487937806     
   1.2566370614360001E-002   2.7442133411352732     
   1.7771531752634635E-002  -2.3605811455355585     
   2.1765592370812048E-002   2.6494283111717620     
   2.5132741228720001E-002   2.0784959482962502     
   2.9562133651285849E-002  0.33977487968324721     
   3.8019517526813901E-002  0.83384086534146262     
   4.5116083860089251E-002  0.61760105174624391     
   5.5056809371101592E-002  0.73767171744013149     
   6.5848341545415051E-002   1.1336593752644726     
   7.9166690278415927E-002  0.55934896169483272     
   9.6964567215568481E-002  0.90269184910214118     
  0.11842995645747310       0.87768445241435189     
  0.14416104292042672       0.11933428540639178     
  0.17483851006932644        1.3404116395031866     
  0.21159335649904049       0.93454491677985274     
  0.25709616209838343        1.6703874221834423     
  0.31264156338248622       0.98853085391073769     
  0.37951482899164635        1.0817632183701775     
  0.46065736128088758        2.8083088499861866     
  0.55924736126635322        2.6390519823782772     
  0.67897524277408394        2.2314603794537353     
  0.82441551550693815        4.6369650567209915     
   1.0009764843865627        4.7493414295833940     
   1.2153763263333666        4.7213331294101080     
   1.4765846423066622       0.58427503377576373     
   1.2566370614360001E-002 -0.47667662827400276     
   1.7771531752634635E-002 -0.83708111984952382     
   2.1765592370812048E-002 -0.16751555876671842     
   2.5132741228720001E-002   3.2108064044563069     
   2.9562133651285849E-002  -1.3848215103572672     
   3.8019517526813901E-002  -2.0928812251973254     
   4.5116083860089251E-002  0.11673671273676968     
   5.5056809371101592E-002   1.4176988474189325     
   6.5848341545415051E-002  0.50878008681472631     
   7.9166690278415927E-002 -0.53839157661396653     
   9.6964567215568481E-002   2.5727344089220545     
  0.11842995645747310       0.80912264553280067     
  0.14416104292042672       0.26056354654903757     
  0.17483851006932644       0.21493430512787304     
  0.21159335649904049      -0.18678363453906791     
  0.25709616209838343       0.51508523092125569     
  0.31264156338248622      -0.57762395547186962     
  0.37951482899164635       -1.7608697461732434     
  0.46065736128088758      -0.24042374811641384     
  0.55924736126635322       -1.2863452840339411     
  0.67897524277408394        1.5986026742297541     
  0.82441551550693815        2.1782625916707254     
   1.0009764843865627       -1.6552389636938647     
   1.2153763263333666        1.6512242673665096     
   1.4765846423066622       -3.3188903221804300     
   1.2566370614360001E-002   1.4578798724268758     
   1.7771531752634635E-002   1.1829573677327232     
   2.1765592370812048E-002   1.4489063519958472     
   2.5132741228720001E-002  0.63171179924934073     
   2.9562133651285849E-002  0.96503417208075459     
   3.8019517526813901E-002   1.2021085708109538     
   4.5116083860089251E-002  0.58154948448991273     
   5.5056809371101592E-002   1.0420847028357034     
   6.5848341545415051E-002  0.82292626224281951     
   7.9166690278415927E-002  0.87650396207247994     
   9.6964567215568481E-002   1.0950282692639917     
  0.11842995645747310        1.0619192301078926     
  0.14416104292042672        1.0126375120108833     
  0.17483851006932644       0.84417592343596115     
  0.21159335649904049       0.78677157896421679     
  0.25709616209838343       0.95861775562190610     
  0.31264156338248622       0.86723173667674280     
  0.37951482899164635        1.1556517589650830     
  0.46065736128088758        1.1335614408809489     
  0.55924736126635322        1.1220973366359961     
  0.67897524277408394        1.0637428158299052     
  0.82441551550693815        1.0328798184596053     
   1.0009764843865627       0.50131733244456356     
   1.2153763263333666      -0.12346426250863481     
   1.4765846423066622       -1.0985137899929585     
   1.2566370614360001E-002   1.5528899014442796     
   1.7771531752634635E-002  0.83741280023866971     
   2.1765592370812048E-002   1.1172558118149789     
   2.5132741228720001E-002  0.67099694428903245     
   2.9562133651285849E-002   1.0683864509605452     
   3.8019517526813901E-002   1.4197359958468645     
   4.5116083860089251E-002  0.47702621622086971     
   5.5056809371101592E-002   1.1840077741307433     
   6.5848341545415051E-002  0.84728056143988051     
   7.9166690278415927E-002  0.91917871587521727     
   9.6964567215568481E-002   1.2213958886869378     
  0.11842995645747310        1.0936361765305493     
  0.14416104292042672        1.0103372620352549     
  0.17483851006932644        1.0214048162379445     
  0.21159335649904049       0.87102783398645800     
  0.25709616209838343       0.88188048367313487     
  0.31264156338248622       0.73607205280014454     
  0.37951482899164635       0.96573619436538383     
  0.46065736128088758       0.95405581385641758     
  0.55924736126635322       0.73340724509921573     
  0.67897524277408394       0.85743111487041412     
  0.82441551550693815       0.29610579493367661     
   1.0009764843865627        3.2256373698238153E-002
   1.2153763263333666        2.1159997825824083E-002
   1.4765846423066622       -1.0911776845949772     
   1.2566370614360001E-002   1.3817617329219607     
   1.7771531752634635E-002   1.1583475219265544     
   2.1765592370812048E-002   1.5746245973975912     
   2.5132741228720001E-002  0.61856162115198665     
   2.9562133651285849E-002  0.95772006535072007     
   3.8019517526813901E-002   1.0263907295746837     
   4.5116083860089251E-002  0.41407160059932718     
   5.5056809371101592E-002   1.0781987506772046     
   6.5848341545415051E-002  0.86700371254040320     
   7.9166690278415927E-002   1.2224542640464127     
   9.6964567215568481E-002   1.0981147666345823     
  0.11842995645747310        1.0079532798387809     
  0.14416104292042672        1.1742124946962798     
  0.17483851006932644       0.94648524004023649     
  0.21159335649904049        1.1017237025943449     
  0.25709616209838343        1.1751146785551128     
  0.31264156338248622        1.2104108786744476     
  0.37951482899164635        1.1177907831216571     
  0.46065736128088758        1.0638361741219853     
  0.55924736126635322       0.94846484307328305     
  0.67897524277408394        1.0807288749280175     
  0.82441551550693815       0.33865387365023891     
   1.0009764843865627      -0.14654798184783549     
   1.2153763263333666      -0.48460786458543481     
   1.4765846423066622       -2.9281363843134600     
   1.2566370614360001E-002  0.91873454549604205     
   1.7771531752634635E-002   1.4839546677725957     
   2.1765592370812048E-002   1.6650921465827604     
   2.5132741228720001E-002  0.35883564349737379     
   2.9562133651285849E-002   1.3732814668473516     
   3.8019517526813901E-002  0.81468183084236412     
   4.5116083860089251E-002  0.93661581396474103     
   5.5056809371101592E-002   1.2073209482922278     
   6.5848341545415051E-002  0.89285652000910765     
   7.9166690278415927E-002  0.85133079017143620     
   9.6964567215568481E-002   1.1682220965173558     
  0.11842995645747310        1.0519233025703851     
  0.14416104292042672        1.2626273649687481     
  0.17483851006932644        1.1078724914765907     
  0.21159335649904049       0.80631182684439850     
  0.25709616209838343        1.2536267759163977     
  0.31264156338248622        1.0340979678040605     
  0.37951482899164635        2.2439501096681709     
  0.46065736128088758        1.8547209289823730     
  0.55924736126635322        1.3581446903315202     
  0.67897524277408394        3.4240234082066778     
  0.82441551550693815        2.9253775611688724     
   1.0009764843865627        2.1003104794472307     
   1.2153763263333666      -0.16247295652158725     
   1.4765846423066622       -2.5181358674227168     
   1.2566370614360001E-002  0.36066219280768702     
   1.7771531752634635E-002   2.1483318982885335     
   2.1765592370812048E-002   3.9728727292143202     
   2.5132741228720001E-002  0.37032939742574295     
   2.9562133651285849E-002   1.4739453073413264     
   3.8019517526813901E-002  0.33343952467577748     
   4.5116083860089251E-002  0.61333681260696182     
   5.5056809371101592E-002  0.88769721460834661     
   6.5848341545415051E-002   1.3317074990429114     
   7.9166690278415927E-002   1.1346791554713707     
   9.6964567215568481E-002   1.4797425851962722     
  0.11842995645747310        2.1248058224809756     
  0.14416104292042672        1.3957242065427173     
  0.17483851006932644        1.4266059103031323     
  0.21159335649904049        1.4553590538063910     
  0.25709616209838343        2.1270567333890460     
  0.31264156338248622        2.3310391648906905     
  0.37951482899164635        2.7978101841856744     
  0.46065736128088758        1.6357124732693069     
  0.55924736126635322        1.4731863839874213     
  0.67897524277408394        2.5380506787554915     
  0.82441551550693815       0.87468627590830939     
   1.0009764843865627       -1.6426515982659218     
   1.2153763263333666       -1.6159436483526028     
   1.4765846423066622       -4.8184220487937806     
   1.2566370614360001E-002  -2.3701033936660898     
   1.7771531752634635E-002   2.9134574465354306     
   2.1765592370812048E-002  0.46012145349683736     
   2.5132741228720001E-002  -1.6214985711637933     
   2.9562133651285849E-002  0.59027702479705624     
   3.8019517526813901E-002  0.77308096018754013     
   4.5116083860089251E-002  0.47852266594271631     
   5.5056809371101592E-002   1.4718046137087994     
   6.5848341545415051E-002  0.70638142672169635     
   7.9166690278415927E-002   1.2184948888260918     
   9.6964567215568481E-002 -0.53715883182738244     
  0.11842995645747310        1.9250587879269325     
  0.14416104292042672       0.70434706117962265     
  0.17483851006932644        2.3875219500183738     
  0.21159335649904049        1.2117668199743872     
  0.25709616209838343        1.5570489587438228     
  0.31264156338248622        3.1984694519835348     
  0.37951482899164635        3.8471845331083427     
  0.46065736128088758        1.9580611515550663     
  0.55924736126635322        4.3506243265145050     
  0.67897524277408394       -6.1735078658866396     
  0.82441551550693815       -2.8762873798642277     
   1.0009764843865627       0.49564377480315985     
   1.2153763263333666        6.5428246445614615     
   1.4765846423066622        20.094287259149883     
   1.2566370614360001E-002  0.66980886912865556     
   1.7771531752634635E-002  -2.3373190781582318     
   2.1765592370812048E-002   1.7352363422427095     
   2.5132741228720001E-002   1.4121410390989579     
   2.9562133651285849E-002  0.31231471704440678     
   3.8019517526813901E-002 -0.38626713848929878     
   4.5116083860089251E-002  0.59622332596733352     
   5.5056809371101592E-002   2.4319352501107669     
   6.5848341545415051E-002  0.63167902723340141     
   7.9166690278415927E-002  0.14492885344193812     
   9.6964567215568481E-002 -0.54972264797810733     
  0.11842995645747310       0.23759073220465518     
  0.14416104292042672       0.86961032249611780     
  0.17483851006932644        1.1627213964727154     
  0.21159335649904049        1.9563512813693817     
  0.25709616209838343       0.44076733183720268     
  0.31264156338248622        2.9740930026125865     
  0.37951482899164635        3.4707321791533357     
  0.46065736128088758        4.2143062381586462     
  0.55924736126635322        3.8666414894224777     
  0.67897524277408394        4.0490458612923099     
  0.82441551550693815        8.1343270420577216     
   1.0009764843865627        6.7671406578416375     
   1.2153763263333666       -7.1016656109339769     
   1.4765846423066622       -20.528144512823296     
   1.2566370614360001E-002   2.3548890535728484     
   1.7771531752634635E-002  -5.7123661914498873     
   2.1765592370812048E-002 -0.78739267960153680     
   2.5132741228720001E-002  -2.3310260782449510     
   2.9562133651285849E-002 -0.33462579108109725     
   3.8019517526813901E-002   1.8391298470762796     
   4.5116083860089251E-002  -5.1869687333375526E-002
   5.5056809371101592E-002  0.65054051238118671     
   6.5848341545415051E-002  0.28669004028640260     
   7.9166690278415927E-002  -1.3493427473375490E-002
   9.6964567215568481E-002   1.1277713208680211     
  0.11842995645747310        1.2354673459166781     
  0.14416104292042672       0.58549535879310999     
  0.17483851006932644      -0.28121724347974225     
  0.21159335649904049       0.86833229018809122     
  0.25709616209838343        2.8609332200537501     
  0.31264156338248622       0.31506818651315771     
  0.37951482899164635      -0.82784227616754569     
  0.46065736128088758       -1.8581007593199019     
  0.55924736126635322       -5.3447647795000481     
  0.67897524277408394        6.2867125693447073E-002
  0.82441551550693815        4.6130748700962174     
   1.0009764843865627        4.9962500234884422     
   1.2153763263333666       -10.036057090492239     
   1.4765846423066622        6.5769426005601028     
   1.2566370614360001E-002   2.7459853639919016     
   1.7771531752634635E-002 -0.55072751103934370     
   2.1765592370812048E-002   2.7624819089184420     
   2.5132741228720001E-002   2.2496081119156979     
   2.9562133651285849E-002  0.60792141106220254     
   3.8019517526813901E-002   1.8634284831057766     
   4.5116083860089251E-002  0.30765962229817068     
   5.5056809371101592E-002   1.1424833976556548     
   6.5848341545415051E-002  0.66747288040751096     
   7.9166690278415927E-002  0.49162757671037349     
   9.6964567215568481E-002  0.59798162879079753     
  0.11842995645747310       0.71840021329111869     
  0.14416104292042672       0.65837721400934091     
  0.17483851006932644       0.48384602304893098     
  0.21159335649904049       0.73047695697601844     
  0.25709616209838343       0.51097587388734944     
  0.31264156338248622       0.63101316662332163     
  0.37951482899164635       0.53943091138741317     
  0.46065736128088758       0.65618957848444459     
  0.55924736126635322       0.94850427761391065     
  0.67897524277408394       0.66834442957217510     
  0.82441551550693815       0.24793561062766326     
   1.0009764843865627       0.11334894618139116     
   1.2153763263333666      -0.65028509736790463     
   1.4765846423066622      -0.97065411727749662     
   1.2566370614360001E-002   2.2299216757445661     
   1.7771531752634635E-002 -0.62961541657555697     
   2.1765592370812048E-002   2.2390317402819511     
   2.5132741228720001E-002   2.5111479072640965     
   2.9562133651285849E-002  0.77034346880442772     
   3.8019517526813901E-002   1.5061060905185475     
   4.5116083860089251E-002  0.46729565660923711     
   5.5056809371101592E-002   1.1331639759844920     
   6.5848341545415051E-002  0.80318059711640455     
   7.9166690278415927E-002  0.43519329708462479     
   9.6964567215568481E-002  0.61588766372718917     
  0.11842995645747310       0.74265962439626643     
  0.14416104292042672       0.73981976880720968     
  0.17483851006932644       0.51366258081116478     
  0.21159335649904049       0.74654191249358060     
  0.25709616209838343       0.51027081401606111     
  0.31264156338248622       0.50959112388761396     
  0.37951482899164635       0.69538759715783205     
  0.46065736128088758       0.66208121076550874     
  0.55924736126635322       0.69384690870702004     
  0.67897524277408394       0.49499599553313040     
  0.82441551550693815        6.3641278705689114E-002
   1.0009764843865627       -2.4137750733304059E-002
   1.2153763263333666       -1.0822355138013235     
   1.4765846423066622       -1.1599576917195338     
   1.2566370614360001E-002   2.2409763467012018     
   1.7771531752634635E-002  -1.0514937923420447     
   2.1765592370812048E-002   2.4022193382827970     
   2.5132741228720001E-002   2.6480378888049421     
   2.9562133651285849E-002  0.68004849731985340     
   3.8019517526813901E-002   1.5864313823188392     
   4.5116083860089251E-002  0.41177076142079205     
   5.5056809371101592E-002   1.2985885289843149     
   6.5848341545415051E-002  0.26426503022100672     
   7.9166690278415927E-002  0.64723433975535105     
   9.6964567215568481E-002  0.51506415846591536     
  0.11842995645747310       0.56292101891419655     
  0.14416104292042672       0.90894164854410053     
  0.17483851006932644       0.61496939719807964     
  0.21159335649904049       0.36330543104621965     
  0.25709616209838343       0.39994306017809833     
  0.31264156338248622       0.68971777174104254     
  0.37951482899164635       0.74056296309665459     
  0.46065736128088758       -1.5852129852522982E-002
  0.55924736126635322       0.65830177696728120     
  0.67897524277408394      -0.15850594780397190     
  0.82441551550693815      -0.92915374240419735     
   1.0009764843865627      -0.59666624584901851     
   1.2153763263333666       -5.7088304434924457E-002
   1.4765846423066622       -1.5253403586325560     
   1.2566370614360001E-002   1.9527939276253772     
   1.7771531752634635E-002  0.36308723875440091     
   2.1765592370812048E-002   2.7077235752062694     
   2.5132741228720001E-002   2.3223713177735261     
   2.9562133651285849E-002  0.17520896345353526     
   3.8019517526813901E-002   2.1335102676774378     
   4.5116083860089251E-002  0.59878351105280359     
   5.5056809371101592E-002   1.1287573871660390     
   6.5848341545415051E-002  0.56816176072335778     
   7.9166690278415927E-002  0.38351809806459525     
   9.6964567215568481E-002  0.65517029889896694     
  0.11842995645747310       0.98227764822329888     
  0.14416104292042672       0.29965530856129630     
  0.17483851006932644       0.15674992308097904     
  0.21159335649904049       0.81971065983585212     
  0.25709616209838343        8.1575256438677080E-002
  0.31264156338248622       0.45971694238104532     
  0.37951482899164635       0.31389152740504406     
  0.46065736128088758        5.5426913007816193E-002
  0.55924736126635322       0.27866076337335860     
  0.67897524277408394        8.2883338143261376E-002
  0.82441551550693815      -0.17595444003891783     
   1.0009764843865627       0.19839277246824275     
   1.2153763263333666       0.39738006814121113     
   1.4765846423066622       -1.2425371017717037     
   1.2566370614360001E-002   2.7442133411352732     
   1.7771531752634635E-002  -2.3605811455355585     
   2.1765592370812048E-002   2.6494283111717620     
   2.5132741228720001E-002   2.0784959482962502     
   2.9562133651285849E-002  0.33977487968324721     
   3.8019517526813901E-002  0.83384086534146262     
   4.5116083860089251E-002  0.61760105174624391     
   5.5056809371101592E-002  0.73767171744013149     
   6.5848341545415051E-002   1.1336593752644726     
   7.9166690278415927E-002  0.55934896169483272     
   9.6964567215568481E-002  0.90269184910214118     
  0.11842995645747310       0.87768445241435189     
  0.14416104292042672       0.11933428540639178     
  0.17483851006932644        1.3404116395031866     
  0.21159335649904049       0.93454491677985274     
  0.25709616209838343        1.6703874221834423     
  0.31264156338248622       0.98853085391073769     
  0.37951482899164635        1.0817632183701775     
  0.46065736128088758        2.8083088499861866     
  0.55924736126635322        2.6390519823782772     
  0.67897524277408394        2.2314603794537353     
  0.82441551550693815        4.6369650567209915     
   1.0009764843865627        4.7493414295833940     
   1.2153763263333666        4.7213331294101080     
   1.4765846423066622       0.58427503377576373     
   1.2566370614360001E-002  0.66980886912865556     
   1.7771531752634635E-002  -2.3373190781582318     
   2.1765592370812048E-002   1.7352363422427095     
   2.5132741228720001E-002   1.4121410390989579     
   2.9562133651285849E-002  0.31231471704440678     
   3.8019517526813901E-002 -0.38626713848929878     
   4.5116083860089251E-002  0.59622332596733352     
   5.5056809371101592E-002   2.4319352501107669     
   6.5848341545415051E-002  0.63167902723340141     
   7.9166690278415927E-002  0.14492885344193812     
   9.6964567215568481E-002 -0.54972264797810733     
  0.11842995645747310       0.23759073220465518     
  0.14416104292042672       0.86961032249611780     
  0.17483851006932644        1.1627213964727154     
  0.21159335649904049        1.9563512813693817     
  0.25709616209838343       0.44076733183720268     
  0.31264156338248622        2.9740930026125865     
  0.37951482899164635        3.4707321791533357     
  0.46065736128088758        4.2143062381586462     
  0.55924736126635322        3.8666414894224777     
  0.67897524277408394        4.0490458612923099     
  0.82441551550693815        8.1343270420577216     
   1.0009764843865627        6.7671406578416375     
   1.2153763263333666       -7.1016656109339769     
   1.4765846423066622       -20.528144512823296     
   1.2566370614360001E-002   1.0574879317333057     
   1.7771531752634635E-002   2.5694530872735601     
   2.1765592370812048E-002   3.1796525033657725     
   2.5132741228720001E-002   7.2011159959680826E-002
   2.9562133651285849E-002   1.3301723263705147     
   3.8019517526813901E-002   1.6357274007391396     
   4.5116083860089251E-002   1.4430601731300834     
   5.5056809371101592E-002 -0.18061611197233232     
   6.5848341545415051E-002   1.4115742158602260     
   7.9166690278415927E-002  0.11379048422784276     
   9.6964567215568481E-002   1.1076760785298390     
  0.11842995645747310        5.3711865080213597E-002
  0.14416104292042672        9.5240995218856692E-002
  0.17483851006932644       0.15349542124340451     
  0.21159335649904049        2.4238075891405599     
  0.25709616209838343        2.7325341415435807     
  0.31264156338248622        2.3791622968510735     
  0.37951482899164635        4.9237536131927335     
  0.46065736128088758        3.1234132225890177     
  0.55924736126635322        3.9290149597058370     
  0.67897524277408394        3.0143578642428861     
  0.82441551550693815       -2.9298472325362455     
   1.0009764843865627      -0.57722657478575801     
   1.2153763263333666        16.370521366827653     
   1.4765846423066622        81.124941541708878     
   1.2566370614360001E-002   3.2395613582807825     
   1.7771531752634635E-002  -2.8015640185209310     
   2.1765592370812048E-002  -1.0218193258280406     
   2.5132741228720001E-002  -1.3701844379289656     
   2.9562133651285849E-002 -0.25936535810430283     
   3.8019517526813901E-002  -6.8611126471220557E-002
   4.5116083860089251E-002  0.45780402914038887     
   5.5056809371101592E-002   2.4477915297956610E-002
   6.5848341545415051E-002 -0.18844707014224119     
   7.9166690278415927E-002 -0.44886494079529765     
   9.6964567215568481E-002   3.2728035872550465E-002
  0.11842995645747310       0.49468507615855672     
  0.14416104292042672      -0.24126227420682025     
  0.17483851006932644      -0.20916022981357385     
  0.21159335649904049       0.75596477089129743     
  0.25709616209838343      -0.88293351104751161     
  0.31264156338248622       0.50629811397998759     
  0.37951482899164635       -2.3618359758375989E-002
  0.46065736128088758       0.56150509290370287     
  0.55924736126635322      -0.41966076430073540     
  0.67897524277408394       0.11749771342499615     
  0.82441551550693815       -4.7931935509526007E-002
   1.0009764843865627       0.31801453997667245     
   1.2153763263333666      -0.75918354975306368     
   1.4765846423066622       0.40064722674127817     
   1.2566370614360001E-002   1.0981226587386661     
   1.7771531752634635E-002  -5.7913757349460191     
   2.1765592370812048E-002  0.16005828817257958     
   2.5132741228720001E-002  -2.1797510032114760     
   2.9562133651285849E-002 -0.50597225045285221     
   3.8019517526813901E-002   1.1486631062844483     
   4.5116083860089251E-002   2.6139581204907989     
   5.5056809371101592E-002  0.29310332052731974     
   6.5848341545415051E-002   1.3344929744900378     
   7.9166690278415927E-002  0.48734587446086780     
   9.6964567215568481E-002   2.4051026232555297     
  0.11842995645747310        1.4362160212609052     
  0.14416104292042672        1.1084351189041459     
  0.17483851006932644       0.63936359318075087     
  0.21159335649904049       -3.1896657173722191E-002
  0.25709616209838343        1.3757349540895540     
  0.31264156338248622       0.55699900107704814     
  0.37951482899164635        1.3330325822508207     
  0.46065736128088758        1.3771533826543418     
  0.55924736126635322       0.89890531085569569     
  0.67897524277408394      -0.16779114319617675     
  0.82441551550693815      -0.33967066221242026     
   1.0009764843865627      -0.23299236966999534     
   1.2153763263333666       -2.1364905438494302     
   1.4765846423066622       -3.3883249705037546     
   1.2566370614360001E-002   2.4925708546835863     
   1.7771531752634635E-002  -4.0266352049641476     
   2.1765592370812048E-002  0.55764733918918685     
   2.5132741228720001E-002  -2.9485479335837095     
   2.9562133651285849E-002 -0.71244966482408101     
   3.8019517526813901E-002  0.80512476754384343     
   4.5116083860089251E-002   1.5869424033470838     
   5.5056809371101592E-002  0.42095828823033860     
   6.5848341545415051E-002   1.1076816973058270     
   7.9166690278415927E-002 -0.14859363897699501     
   9.6964567215568481E-002   1.9401186736818326     
  0.11842995645747310        1.2363393025797758     
  0.14416104292042672        1.3916847696694368     
  0.17483851006932644       0.20325911552446085     
  0.21159335649904049       0.18546941685918347     
  0.25709616209838343        1.0350389852431876     
  0.31264156338248622       0.96974353058633678     
  0.37951482899164635        1.0097828123066652     
  0.46065736128088758      -0.28897160544054279     
  0.55924736126635322      -0.17880584654401924     
  0.67897524277408394      -0.64345859687213469     
  0.82441551550693815       0.37726777268191281     
   1.0009764843865627       0.14375319776543202     
   1.2153763263333666      -0.21621398370098874     
   1.4765846423066622       -2.2836575507322974     
   1.2566370614360001E-002   2.1367669858781073     
   1.7771531752634635E-002  -2.1432938152579566     
   2.1765592370812048E-002 -0.77689651814402938     
   2.5132741228720001E-002 -0.25654664717071995     
   2.9562133651285849E-002   4.2966659978730136E-002
   3.8019517526813901E-002  0.83945115302754381     
   4.5116083860089251E-002   2.8476960490980940     
   5.5056809371101592E-002   9.3353254721942655E-002
   6.5848341545415051E-002  0.97570286158576491     
   7.9166690278415927E-002 -0.30045008394905276     
   9.6964567215568481E-002   2.1406104110046820     
  0.11842995645747310        1.1999795417989476     
  0.14416104292042672       0.97897921359051365     
  0.17483851006932644       0.21501545961135113     
  0.21159335649904049       0.64265582341130645     
  0.25709616209838343       0.26759529552497768     
  0.31264156338248622       0.76521345014443121     
  0.37951482899164635      -0.77256734295372897     
  0.46065736128088758       -6.2061998356817145E-002
  0.55924736126635322        1.3526154280867868     
  0.67897524277408394        1.0859771266111844     
  0.82441551550693815      -0.95671338856891475     
   1.0009764843865627       -2.4793777920233406     
   1.2153763263333666       -1.1596535033519173     
   1.4765846423066622      -0.72971932928522121     
   1.2566370614360001E-002 -0.62526595035530130     
   1.7771531752634635E-002  -12.553228289653481     
   2.1765592370812048E-002  0.16808921622250456     
   2.5132741228720001E-002   5.4113040437361436E-003
   2.9562133651285849E-002   1.6383758433570321     
   3.8019517526813901E-002   2.9427426232557705     
   4.5116083860089251E-002   1.8831050926437591     
   5.5056809371101592E-002  0.26921064570048642     
   6.5848341545415051E-002  0.41247613583640919     
   7.9166690278415927E-002  -1.4600456991847091     
   9.6964567215568481E-002   1.3651884374554444     
  0.11842995645747310        2.9413641351118205     
  0.14416104292042672       0.18567424579164882     
  0.17483851006932644        1.3634433281951959     
  0.21159335649904049        3.5733686276111887     
  0.25709616209838343        1.6646060046599005     
  0.31264156338248622       -9.2000961926352209E-002
  0.37951482899164635       -1.4429897322757888     
  0.46065736128088758        1.8753655412386860     
  0.55924736126635322        7.8782009770034828E-002
  0.67897524277408394       0.27531216477036397     
  0.82441551550693815        1.3590574854669266     
   1.0009764843865627        9.7246259164513198     
   1.2153763263333666       -1.2572648064313083     
   1.4765846423066622        1.1761649953505349     
   1.2566370614360001E-002 -0.47667662827400276     
   1.7771531752634635E-002 -0.83708111984952382     
   2.1765592370812048E-002 -0.16751555876671842     
   2.5132741228720001E-002   3.2108064044563069     
   2.9562133651285849E-002  -1.3848215103572672     
   3.8019517526813901E-002  -2.0928812251973254     
   4.5116083860089251E-002  0.11673671273676968     
   5.5056809371101592E-002   1.4176988474189325     
   6.5848341545415051E-002  0.50878008681472631     
   7.9166690278415927E-002 -0.53839157661396653     
   9.6964567215568481E-002   2.5727344089220545     
  0.11842995645747310       0.80912264553280067     
  0.14416104292042672       0.26056354654903757     
  0.17483851006932644       0.21493430512787304     
  0.21159335649904049      -0.18678363453906791     
  0.25709616209838343       0.51508523092125569     
  0.31264156338248622      -0.57762395547186962     
  0.37951482899164635       -1.7608697461732434     
  0.46065736128088758      -0.24042374811641384     
  0.55924736126635322       -1.2863452840339411     
  0.67897524277408394        1.5986026742297541     
  0.82441551550693815        2.1782625916707254     
   1.0009764843865627       -1.6552389636938647     
   1.2153763263333666        1.6512242673665096     
   1.4765846423066622       -3.3188903221804300     
   1.2566370614360001E-002   2.3548890535728484     
   1.7771531752634635E-002  -5.7123661914498873     
   2.1765592370812048E-002 -0.78739267960153680     
   2.5132741228720001E-002  -2.3310260782449510     
   2.9562133651285849E-002 -0.33462579108109725     
   3.8019517526813901E-002   1.8391298470762796     
   4.5116083860089251E-002  -5.1869687333375526E-002
   5.5056809371101592E-002  0.65054051238118671     
   6.5848341545415051E-002  0.28669004028640260     
   7.9166690278415927E-002  -1.3493427473375490E-002
   9.6964567215568481E-002   1.1277713208680211     
  0.11842995645747310        1.2354673459166781     
  0.14416104292042672       0.58549535879310999     
  0.17483851006932644      -0.28121724347974225     
  0.21159335649904049       0.86833229018809122     
  0.25709616209838343        2.8609332200537501     
  0.31264156338248622       0.31506818651315771     
  0.37951482899164635      -0.82784227616754569     
  0.46065736128088758       -1.8581007593199019     
  0.55924736126635322       -5.3447647795000481     
  0.67897524277408394        6.2867125693447073E-002
  0.82441551550693815        4.6130748700962174     
   1.0009764843865627        4.9962500234884422     
   1.2153763263333666       -10.036057090492239     
   1.4765846423066622        6.5769426005601028     
   1.2566370614360001E-002   3.2395613582807825     
   1.7771531752634635E-002  -2.8015640185209310     
   2.1765592370812048E-002  -1.0218193258280406     
   2.5132741228720001E-002  -1.3701844379289656     
   2.9562133651285849E-002 -0.25936535810430283     
   3.8019517526813901E-002  -6.8611126471220557E-002
   4.5116083860089251E-002  0.45780402914038887     
   5.5056809371101592E-002   2.4477915297956610E-002
   6.5848341545415051E-002 -0.18844707014224119     
   7.9166690278415927E-002 -0.44886494079529765     
   9.6964567215568481E-002   3.2728035872550465E-002
  0.11842995645747310       0.49468507615855672     
  0.14416104292042672      -0.24126227420682025     
  0.17483851006932644      -0.20916022981357385     
  0.21159335649904049       0.75596477089129743     
  0.25709616209838343      -0.88293351104751161     
  0.31264156338248622       0.50629811397998759     
  0.37951482899164635       -2.3618359758375989E-002
  0.46065736128088758       0.56150509290370287     
  0.55924736126635322      -0.41966076430073540     
  0.67897524277408394       0.11749771342499615     
  0.82441551550693815       -4.7931935509526007E-002
   1.0009764843865627       0.31801453997667245     
   1.2153763263333666      -0.75918354975306368     
   1.4765846423066622       0.40064722674127817     
   1.2566370614360001E-002   2.8933537106152496     
   1.7771531752634635E-002   1.2873970778815149     
   2.1765592370812048E-002  -1.1798907554213627     
   2.5132741228720001E-002   2.0537445021513019     
   2.9562133651285849E-002 -0.29446656920657527     
   3.8019517526813901E-002  -1.3559833518237703     
   4.5116083860089251E-002  0.20767106372355187     
   5.5056809371101592E-002  0.81254924513818849     
   6.5848341545415051E-002 -0.38278193906668811     
   7.9166690278415927E-002 -0.67669959818521930     
   9.6964567215568481E-002   9.7167065855102999E-002
  0.11842995645747310       0.48987146376908575     
  0.14416104292042672       -2.0813545038648729E-002
  0.17483851006932644      -0.54109776543549737     
  0.21159335649904049       0.40532650890395994     
  0.25709616209838343      -0.40704105759621617     
  0.31264156338248622       0.23178785744086394     
  0.37951482899164635       0.20930709675679701     
  0.46065736128088758      -0.68860432751049183     
  0.55924736126635322        5.8526472135093925E-002
  0.67897524277408394       -1.2544505050543739     
  0.82441551550693815       -1.5528385337900645     
   1.0009764843865627       -3.6271551081738154     
   1.2153763263333666       -6.9259170234061287     
   1.4765846423066622       -4.0680100936346966     
