   1.2566370614360001E-002  -8.3735944773225407E-002   0.0000000000000000                3  0.15463227516037506       -2.5450978575988006        4.4858539604295231     
   1.7771531752634635E-002   3.0820531819816116E-002   0.0000000000000000                5  0.26647656487395455       0.27038162640254193        2.1818193042473593     
   2.1765592370812048E-002  0.62430407047892011        0.0000000000000000                4  0.31488435704798734        2.0876688225397593       0.95531348515980763     
   2.5132741228720001E-002   1.3818250513500197        0.0000000000000000                3   1.9814987753832602        2.3760723857037780        3.1918358760762868     
   2.9562133651285849E-002  0.47323358554640016        0.0000000000000000               22  0.43707214404442662       0.83222945031463591       0.70237482817567320     
   3.8019517526813901E-002   2.0973714387829263        0.0000000000000000               30  0.52754744452752056        2.9116704866599057       0.70115868870212916     
   4.5116083860089251E-002   1.1234843960954219        0.0000000000000000               50  0.88673423726490552       0.75804900598037828       0.56133250392802381     
   5.5056809371101592E-002  0.55377694128950905        0.0000000000000000              100   1.0185356982455585       0.25275586231664587       0.43321775436637999     
   6.5848341545415051E-002   3.6671833618117451        0.0000000000000000              138   1.5522345700467035        1.1507170853048061       0.45764550385695113     
   7.9166690278415927E-002   1.1009500824538294        0.0000000000000000              297   1.8129702767344194       0.25076610285533163       0.38874310455877681     
   9.6964567215568481E-002   4.3221974388054871        0.0000000000000000              559   2.1639708171492797       0.86583573374944112       0.43349321422869508     
  0.11842995645747310        7.0117581570940004        0.0000000000000000              992   2.8167549584689473       0.96219426759242044       0.38653151086069515     
  0.14416104292042672        8.6732343989077787        0.0000000000000000             1795   3.6963351753864289       0.92973849894252369       0.39623339569665073     
  0.17483851006932644        17.176119083134022        0.0000000000000000             3101   4.9412206664586895        1.4521199138157401       0.41774541114868202     
  0.21159335649904049        27.083919012066758        0.0000000000000000             5565   6.2488465467742369        1.8624437889760859       0.42970610841507761     
  0.25709616209838343        25.700495388674682        0.0000000000000000            10259   8.1725451733739316        1.3821109438260595       0.43949985991361190     
  0.31264156338248622        31.082505750616427        0.0000000000000000            18325   10.801102659362222        1.3816405210482650       0.48011705445855390     
  0.37951482899164635        31.616362636790470        0.0000000000000000            32557   14.055544329090999        1.1779262115106000       0.52366536506699735     
  0.46065736128088758       -10.757065551572731        0.0000000000000000            58572   18.685095831792445      -0.33971201155330777       0.59008206844630573     
  0.55924736126635322       -23.452276016416285        0.0000000000000000           104783   24.665030530609133      -0.63123641928489516       0.66387865906046406     
  0.67897524277408394       -39.483682839469267        0.0000000000000000           187943   32.765033763708871      -0.91560044758590553       0.75979942654261279     
  0.82441551550693815        10.382033134709765        0.0000000000000000           336702   43.681690083655653       0.20932641383269188       0.88072648360106731     
   1.0009764843865627       -15.996119623075330        0.0000000000000000           602918   58.090683936078321      -0.28275491069006697        1.0268381667123885     
   1.2153763263333666       -40.828988001484518        0.0000000000000000          1080186   77.669305903362286      -0.63761877609733975        1.2129472268240178     
   1.4765846423066622        225.02779439192489        0.0000000000000000          1946989   103.99169497893585        3.1254503785710051        1.4443588327319041     
