   455308184216.96210        9.9721871690649061E-014   1.4763857171333951E-014
   503431722320.36792        9.0841812149985565E-014   1.2210654838935626E-014
   556641650257.88843        7.8980532971728241E-014   1.0098101846658284E-014
   615475571093.72388        5.9110339914245066E-014   8.3506534049591562E-015
   680527909540.44580        5.0670489739699864E-014   6.9049167498674564E-015
   752455917690.62463        3.8327760588817201E-014   5.7090702859096066E-015
   831986315520.81787        3.6061401806661987E-014   4.7197552597490610E-015
   919922633259.83630        2.7104906330120915E-014   3.9015059062188103E-015
   1017153329804.4224        2.4460713303017814E-014   3.2248130890682767E-015
   1124660769206.2258        1.9800890537347524E-014   2.6650842926432058E-015
   1243531145923.4409        1.5953907101059744E-014   2.2022776643619413E-015
   1374965459116.2439        1.3748422823673850E-014   1.8195347434171653E-015
   1520291646864.0950        1.1505326023155759E-014   1.5031131636068252E-015
   1680978002902.2117        9.1102457512229064E-015   1.2414735794501953E-015
   1858648011432.3140        7.8834161150060740E-015   1.0252174993104575E-015
   2055096749890.2207        6.1739522006956519E-015   8.4644349626444401E-016
   2272309025394.5869        5.2499821085806110E-015   6.9869622644731727E-016
   2512479428117.1997        4.3851686066436931E-015   5.7661988451216212E-016
   2778034504182.7896        3.6074082067141138E-015   4.7574262519240587E-016
   3071657272120.8115        3.0355410647970606E-015   3.9241732873458493E-016
   3396314330569.5435        2.4628261938428879E-015   3.2358123672233564E-016
   3755285831113.4990        2.0258050850936963E-015   2.6674667649866853E-016
   4152198619082.7471        1.6941657641935639E-015   2.1981404019393914E-016
   4591062877150.0273        1.3927528035426310E-015   1.8108442073783632E-016
   5076312641951.9277        1.1370899743127240E-015   1.4911977271385123E-016
   5612850603091.1680        9.5341131019200481E-016   1.2274834001999827E-016
   6206097637143.7676        7.8080040176254188E-016   1.0099895686413505E-016
   6862047577134.8047        6.4234798349817316E-016   8.3061424058231427E-017
   7587327770842.6162        5.2616764205922541E-016   6.8277436314485622E-017
   8389266039778.2578        4.3977250477607566E-016   5.6092205094012536E-017
   9275964715355.9961        3.5920062894444700E-016   4.6057656954219070E-017
   10256382500274.547        2.9578759608011852E-016   3.7794120389115457E-017
   11340424982190.203        2.4141225723860857E-016   3.0994031043117413E-017
   12539044714180.770        1.9884912015457868E-016   2.5398821371543596E-017
   13864351873156.953        1.6211401987025082E-016   2.0798220063814715E-017
   15329736614251.266        1.3410506089376787E-016   1.7017749005191769E-017
   16950004357384.064        1.0958453672911842E-016   1.3911734160286754E-017
   18741525372865.723        8.9087054601034432E-017   1.1362940655528575E-017
   20722400177363.582        7.3242994426251601E-017   9.2718305990247403E-018
   22912642411301.066        5.9808509698634342E-017   7.5580330766004510E-018
   25334381045378.711        4.7805096251664745E-017   6.1539485292548938E-018
   28012083959197.953        3.9518999624551705E-017   5.0049206971729716E-018
   30972805150899.453        3.2136112464915677E-017   4.0650744887742260E-018
   34246458075482.980        2.5989511593334006E-017   3.2973293186008159E-018
   37866117873464.703        2.1109023086693413E-017   2.6705733974308122E-018
   41868355543419.266        1.6958330326776362E-017   2.1596097322909524E-018
   46293607434697.734        1.3774485009311051E-017   1.7435872399801489E-018
   51186583793467.156        1.1036600035710752E-017   1.4051331308019336E-018
   56596720489789.625        9.2461289334220533E-018   1.1302946995386684E-018
   62578678489737.062        7.2392563945051891E-018   9.0732509801908488E-019
   69192896118925.578        5.7259669667660344E-018   7.2680303223573964E-019
   76506199697227.750        4.5700402828186547E-018   5.8082185450810321E-019
   84592478714171.516        3.6317087180275373E-018   4.6302843287120827E-019
   93533432366617.016        2.8369663095131538E-018   3.6812590207560887E-019
   103419395001306.55        2.2918075997537262E-018   2.9183595556610485E-019
   114350248802091.66        1.8305183603513866E-018   2.3066555348609056E-019
   126436432943115.47        1.4534736158751687E-018   1.8171243986229098E-019
   139800059403863.05        1.1391874381603950E-018   1.4265978260595623E-019
   154576146719645.50        8.4544649977309056E-019   1.1157662561226456E-019
   170913984132635.69        6.8639694225534080E-019   8.6922715290562917E-020
   188978639926067.34        5.3107740215737173E-019   6.7422730401758724E-020
   208952629180955.53        4.1022612799490715E-019   5.2060747656240223E-020
   231037757805406.66        3.0624870046905083E-019   3.9999366845711153E-020
   255457161467555.31        2.2868276383377181E-019   3.0570584983923194E-020
   282457560032351.88        1.7357331726878297E-019   2.3233955210680843E-020
   312311750279752.94        1.4423928523330454E-019   1.7550043283680889E-020
   345321362089338.19        9.4727010430917831E-020   1.3171548483947075E-020
   381819905938283.00        8.0043876406579152E-020   9.8159522333611919E-021
   422176142502886.50        5.9195871039344011E-020   7.2612333153470265E-021
   466797808408205.12        4.1943218549659684E-020   5.3280682124316910E-021
   516135735768663.31        2.8527469757580488E-020   3.8762377975862037E-021
   570688407141152.38        2.2174484302605173E-020   2.7938191342213542E-021
   631006991911294.25        1.6775401531843329E-020   1.9937547853086387E-021
   697700914997662.00        9.9244263865706426E-021   1.4077981566535477E-021
   771444014137016.88        6.2933353745073035E-021   9.8263897392523701E-022
   852981347960290.50        5.4118271068061225E-021   6.7749367742458750E-022
   943136723644249.75        4.3881770590399318E-021   4.6089549467735560E-022
   1042821020194007.4        2.4422811432213119E-021   3.0911893463236880E-022
   1153041391450117.2        1.2424618486345204E-021   2.0414024834396489E-022
   1274911441802237.8        5.6184684355333300E-022   1.3260892765986427E-022
   1409662477419032.8        5.0813934602140103E-022   8.4612895439271014E-023
   1558655946670379.0        6.6381726882619959E-022   5.2959536248253376E-023
   1723397195432886.2        2.3090858350551611E-022   3.2472140388069357E-023
   1905550676254563.8        8.3534321112250356E-023   1.9469418760425004E-023
   2106956765043448.2        7.5549192430928798E-023   1.1397110583553445E-023
   2329650355186525.0        0.0000000000000000        6.5002160869906927E-024
   2575881416963383.0        0.0000000000000000        3.6051529818057012E-024
   2848137729975369.0        0.0000000000000000        1.9396949618558453E-024
   3149170018265853.5        0.0000000000000000        1.0101494827417954E-024
   3482019742082599.5        0.0000000000000000        5.0775501393633441E-025
   3850049827074603.0        0.0000000000000000        2.4566444622934718E-025
   4256978641393801.0        0.0000000000000000        1.1406179448748422E-025
   4706917563987135.0        0.0000000000000000        5.0639122276156336E-026
   5204412523647679.0        0.0000000000000000        2.1422591833884630E-026
   5754489928512107.0        0.0000000000000000        8.5991063878827224E-027
   6362707450050128.0        0.0000000000000000        3.2615900453948666E-027
   7035210174638544.0        0.0000000000000000        1.1631164844306830E-027
   7778792690043883.0        0.0000000000000000        3.8803819278788591E-028
   8600967734100285.0        0.0000000000000000        1.2039610995348085E-028
   9510042099170130.0        0.0000000000000000        3.4529043270698878E-029
