   1.2566370614360001E-002   1.0764786292112003     
   1.7771531752634635E-002   1.1064216387501320     
   2.1765592370812048E-002  0.92727193532380681     
   2.5132741228720001E-002  0.98948761257157691     
   2.9562133651285849E-002  0.96070925790284301     
   3.8019517526813901E-002  0.98086155857857260     
   4.5116083860089251E-002   1.0407943460162270     
   5.5056809371101592E-002  0.99893729882479720     
   6.5848341545415051E-002   1.0043788834413241     
   7.9166690278415927E-002   1.0027470970385344     
   9.6964567215568481E-002   1.0566019296711782     
  0.11842995645747310        1.0448774511542716     
  0.14416104292042672        1.1119388878869874     
  0.17483851006932644        1.1156939440051428     
  0.21159335649904049        1.1753022013793197     
  0.25709616209838343        1.1896321777804437     
  0.31264156338248622        1.2979448734519492     
  0.37951482899164635        1.4221147566459822     
  0.46065736128088758        1.5714358068332890     
  0.55924736126635322        1.7505162612230407     
  0.67897524277408394        1.9847086529855982     
  0.82441551550693815        2.2545433980545266     
   1.0009764843865627        2.5723628008142274     
   1.2153763263333666        2.9421045004176682     
   1.4765846423066622        3.3822433477024081     
   1.2566370614360001E-002   1.0884325540670570     
   1.7771531752634635E-002   1.0393741991995864     
   2.1765592370812048E-002  0.87576230292489687     
   2.5132741228720001E-002   1.0412289923157234     
   2.9562133651285849E-002  0.97194986110363846     
   3.8019517526813901E-002  0.98910717004108228     
   4.5116083860089251E-002   1.0521657231129942     
   5.5056809371101592E-002  0.99628179190316735     
   6.5848341545415051E-002   1.0101093851412077     
   7.9166690278415927E-002   1.0021425071743459     
   9.6964567215568481E-002   1.0561986881029550     
  0.11842995645747310        1.0397327005430623     
  0.14416104292042672        1.1174802763905447     
  0.17483851006932644        1.1148641300988735     
  0.21159335649904049        1.1782578103681545     
  0.25709616209838343        1.2155686149714244     
  0.31264156338248622        1.3080378256161433     
  0.37951482899164635        1.4369237264714692     
  0.46065736128088758        1.5812641785210704     
  0.55924736126635322        1.7803405549804923     
  0.67897524277408394        1.9803075771330609     
  0.82441551550693815        2.2433715901938847     
   1.0009764843865627        2.4918969623074165     
   1.2153763263333666        2.7325410172803624     
   1.4765846423066622        2.9572587758519555     
   1.2566370614360001E-002  0.54869741851048714     
   1.7771531752634635E-002   1.0409904071465756     
   2.1765592370812048E-002   1.0283052574932590     
   2.5132741228720001E-002   1.1925250933861178     
   2.9562133651285849E-002   1.0157841785601553     
   3.8019517526813901E-002   1.0621621616665897     
   4.5116083860089251E-002   1.0113818939107093     
   5.5056809371101592E-002  0.98870164111087722     
   6.5848341545415051E-002   1.0037730127743862     
   7.9166690278415927E-002   1.0788890878403234     
   9.6964567215568481E-002   1.1032546339450546     
  0.11842995645747310        1.0095924984270306     
  0.14416104292042672        1.1441629367225508     
  0.17483851006932644        1.1542021336995889     
  0.21159335649904049        1.2218984514772557     
  0.25709616209838343        1.2171817172369408     
  0.31264156338248622        1.3219554279509329     
  0.37951482899164635        1.4478337969448534     
  0.46065736128088758        1.5235743845822434     
  0.55924736126635322        1.7125459361141797     
  0.67897524277408394        1.8521062258203158     
  0.82441551550693815        2.0090144756631947     
   1.0009764843865627        2.1482087509499230     
   1.2153763263333666        2.1709411860433510     
   1.4765846423066622        2.1829420617148458     
   1.2566370614360001E-002  0.96508446194795872     
   1.7771531752634635E-002   1.0319673225029387     
   2.1765592370812048E-002   1.6441012643089365     
   2.5132741228720001E-002   1.0543519742084586     
   2.9562133651285849E-002  0.91176744448166369     
   3.8019517526813901E-002  0.86294728025092382     
   4.5116083860089251E-002  0.89130214152457510     
   5.5056809371101592E-002   1.0546666577740955     
   6.5848341545415051E-002   1.0464945624851361     
   7.9166690278415927E-002   1.0119021670246213     
   9.6964567215568481E-002   1.0726142220728085     
  0.11842995645747310       0.95581285740241151     
  0.14416104292042672        1.1129448708286420     
  0.17483851006932644        1.0476202773570944     
  0.21159335649904049        1.1702127402830604     
  0.25709616209838343        1.1741316128339012     
  0.31264156338248622        1.2419797977579168     
  0.37951482899164635        1.3033482264208263     
  0.46065736128088758        1.4307554859267049     
  0.55924736126635322        1.5336309460000690     
  0.67897524277408394        1.6154047859793352     
  0.82441551550693815        1.6296775008674851     
   1.0009764843865627        1.6032662842667480     
   1.2153763263333666        1.5242228715053152     
   1.4765846423066622        1.2235707060852101     
   1.2566370614360001E-002  0.55185540002252331     
   1.7771531752634635E-002   1.9434728855521097     
   2.1765592370812048E-002   1.7508771282683255     
   2.5132741228720001E-002  0.82469618155269253     
   2.9562133651285849E-002  0.48700769840177943     
   3.8019517526813901E-002   1.1480755837587380     
   4.5116083860089251E-002  0.72241069666457192     
   5.5056809371101592E-002   1.1726736629305712     
   6.5848341545415051E-002  0.97623393206229214     
   7.9166690278415927E-002  0.76752239215451157     
   9.6964567215568481E-002   1.1029910777482521     
  0.11842995645747310        1.0057982704788468     
  0.14416104292042672       0.97356261938284261     
  0.17483851006932644       0.92083038321441202     
  0.21159335649904049       0.99529392678746254     
  0.25709616209838343       0.98797763930044269     
  0.31264156338248622        1.0179098563405544     
  0.37951482899164635        1.2350152993917998     
  0.46065736128088758        1.1863968461863890     
  0.55924736126635322        1.1647893955367417     
  0.67897524277408394        1.4329076283295041     
  0.82441551550693815        1.2579803662272586     
   1.0009764843865627        1.0366312760566316     
   1.2153763263333666       0.80535223564261160     
   1.4765846423066622       0.12738847918107041     
   1.2566370614360001E-002   1.3974143163207768     
   1.7771531752634635E-002  0.94437348132884713     
   2.1765592370812048E-002   2.4038669630615073     
   2.5132741228720001E-002   3.6316634300354189     
   2.9562133651285849E-002  0.21822421369128583     
   3.8019517526813901E-002   1.7089746404022201     
   4.5116083860089251E-002  0.53945849958824921     
   5.5056809371101592E-002  0.97264500057630321     
   6.5848341545415051E-002  0.86560206937486084     
   7.9166690278415927E-002   1.0321222609273477     
   9.6964567215568481E-002   1.2662633132339038     
  0.11842995645747310        1.1359408823751274     
  0.14416104292042672        1.0089894091849985     
  0.17483851006932644        1.1870077928834175     
  0.21159335649904049       0.77633009945415876     
  0.25709616209838343       0.91743623124662677     
  0.31264156338248622        1.0311899257981265     
  0.37951482899164635        1.0866128330558014     
  0.46065736128088758       0.85563659696468275     
  0.55924736126635322        1.2580270219924641     
  0.67897524277408394       0.89173226901687785     
  0.82441551550693815       0.95009934147232045     
   1.0009764843865627       0.64416633379694455     
   1.2153763263333666       0.56776198764967578     
   1.4765846423066622      -0.59063184413160230     
   1.2566370614360001E-002  0.93542408973295843     
   1.7771531752634635E-002  -1.0587549116858683     
   2.1765592370812048E-002  0.58258804074015202     
   2.5132741228720001E-002   4.3424073055684449     
   2.9562133651285849E-002   1.0021758365327746     
   3.8019517526813901E-002   2.1100188933169464     
   4.5116083860089251E-002   1.4496910798395677     
   5.5056809371101592E-002 -0.56936777660995819     
   6.5848341545415051E-002  0.46180838203492153     
   7.9166690278415927E-002  0.34434081700068669     
   9.6964567215568481E-002  0.95622582626871133     
  0.11842995645747310       0.90202070135757273     
  0.14416104292042672       0.62401772807973044     
  0.17483851006932644       0.19080329350253322     
  0.21159335649904049       0.18677974091952876     
  0.25709616209838343       0.73974520578367753     
  0.31264156338248622       0.45602723406341522     
  0.37951482899164635       0.78024630765792158     
  0.46065736128088758       0.84651384995281798     
  0.55924736126635322       0.82082705239619036     
  0.67897524277408394       0.65542783959154338     
  0.82441551550693815       0.54076819505704077     
   1.0009764843865627       0.24898517528891481     
   1.2153763263333666      -0.18714975571648201     
   1.4765846423066622       -1.3470500110634644     
   1.2566370614360001E-002   1.0266119306568966     
   1.7771531752634635E-002  -3.2309118898791507     
   2.1765592370812048E-002 -0.61159535882379290     
   2.5132741228720001E-002  0.78195774830447629     
   2.9562133651285849E-002   2.1441749135202874     
   3.8019517526813901E-002 -0.80466513549080587     
   4.5116083860089251E-002 -0.75612195822678963     
   5.5056809371101592E-002  0.39746941902495275     
   6.5848341545415051E-002 -0.17947454702421245     
   7.9166690278415927E-002 -0.87517990280879043     
   9.6964567215568481E-002  0.91548623051547262     
  0.11842995645747310      -0.13167055599523358     
  0.14416104292042672       0.41825897758049740     
  0.17483851006932644       0.52890791586588615     
  0.21159335649904049      -0.25719179790875119     
  0.25709616209838343       0.43209320885035657     
  0.31264156338248622       0.29551281557964326     
  0.37951482899164635       0.16033157040805493     
  0.46065736128088758       0.45938254930575900     
  0.55924736126635322        3.2026092061377111E-002
  0.67897524277408394       0.74531404360043541     
  0.82441551550693815       0.22066834123826937     
   1.0009764843865627       0.15260055424492680     
   1.2153763263333666        2.2562399640158267E-002
   1.4765846423066622      -0.32995258840890040     
   1.2566370614360001E-002   1.0884325540670570     
   1.7771531752634635E-002   1.0393741991995864     
   2.1765592370812048E-002  0.87576230292489687     
   2.5132741228720001E-002   1.0412289923157234     
   2.9562133651285849E-002  0.97194986110363846     
   3.8019517526813901E-002  0.98910717004108228     
   4.5116083860089251E-002   1.0521657231129942     
   5.5056809371101592E-002  0.99628179190316735     
   6.5848341545415051E-002   1.0101093851412077     
   7.9166690278415927E-002   1.0021425071743459     
   9.6964567215568481E-002   1.0561986881029550     
  0.11842995645747310        1.0397327005430623     
  0.14416104292042672        1.1174802763905447     
  0.17483851006932644        1.1148641300988735     
  0.21159335649904049        1.1782578103681545     
  0.25709616209838343        1.2155686149714244     
  0.31264156338248622        1.3080378256161433     
  0.37951482899164635        1.4369237264714692     
  0.46065736128088758        1.5812641785210704     
  0.55924736126635322        1.7803405549804923     
  0.67897524277408394        1.9803075771330609     
  0.82441551550693815        2.2433715901938847     
   1.0009764843865627        2.4918969623074165     
   1.2153763263333666        2.7325410172803624     
   1.4765846423066622        2.9572587758519555     
   1.2566370614360001E-002   1.1565486392931261     
   1.7771531752634635E-002  0.94460698875020221     
   2.1765592370812048E-002  0.79073712915645877     
   2.5132741228720001E-002   1.0743038306911006     
   2.9562133651285849E-002  0.97321189729402691     
   3.8019517526813901E-002  0.97074003640517537     
   4.5116083860089251E-002   1.0650597565285742     
   5.5056809371101592E-002   1.0028043811484819     
   6.5848341545415051E-002   1.0197285244780387     
   7.9166690278415927E-002   1.0258071916507461     
   9.6964567215568481E-002   1.0871972317826966     
  0.11842995645747310        1.0659801557980086     
  0.14416104292042672        1.1742142811466014     
  0.17483851006932644        1.1712479961287852     
  0.21159335649904049        1.2575365523835711     
  0.25709616209838343        1.3493287462508774     
  0.31264156338248622        1.4302307530277005     
  0.37951482899164635        1.6162337159675162     
  0.46065736128088758        1.8071643959701638     
  0.55924736126635322        2.0504584013052463     
  0.67897524277408394        2.3023731245206638     
  0.82441551550693815        2.6406203209355978     
   1.0009764843865627        2.8771856067661838     
   1.2153763263333666        3.0482411192202505     
   1.4765846423066622        3.3523329871415140     
   1.2566370614360001E-002  0.54255025114250177     
   1.7771531752634635E-002  0.92046961046486864     
   2.1765592370812048E-002  0.94684077508836140     
   2.5132741228720001E-002   1.2714422038458097     
   2.9562133651285849E-002   1.0369839113439980     
   3.8019517526813901E-002   1.0443736825676024     
   4.5116083860089251E-002   1.0076978506056520     
   5.5056809371101592E-002  0.96301150220408271     
   6.5848341545415051E-002   1.0356238160963189     
   7.9166690278415927E-002   1.1223743065714662     
   9.6964567215568481E-002   1.1640095585416854     
  0.11842995645747310        1.0557823247903091     
  0.14416104292042672        1.2466389073464401     
  0.17483851006932644        1.2788797515676174     
  0.21159335649904049        1.3528729295775466     
  0.25709616209838343        1.4258929434805578     
  0.31264156338248622        1.5750888464604058     
  0.37951482899164635        1.7608848894089897     
  0.46065736128088758        1.9405327648455897     
  0.55924736126635322        2.1824430987153383     
  0.67897524277408394        2.4485818038251015     
  0.82441551550693815        2.6340025417893131     
   1.0009764843865627        2.7241370780989680     
   1.2153763263333666        2.7310047408101745     
   1.4765846423066622        2.5482186810623406     
   1.2566370614360001E-002   1.1205799437710930     
   1.7771531752634635E-002  0.84514015038587031     
   2.1765592370812048E-002   1.5417429218431691     
   2.5132741228720001E-002   1.0762343837187451     
   2.9562133651285849E-002  0.93251414419196077     
   3.8019517526813901E-002  0.84837978534445335     
   4.5116083860089251E-002  0.87143771202619924     
   5.5056809371101592E-002   1.0456761637090808     
   6.5848341545415051E-002   1.0974287596030305     
   7.9166690278415927E-002   1.0353671062043222     
   9.6964567215568481E-002   1.1375802077312254     
  0.11842995645747310        1.0300158444720429     
  0.14416104292042672        1.1919516406511648     
  0.17483851006932644        1.2128853106018196     
  0.21159335649904049        1.3984451117003052     
  0.25709616209838343        1.3943668499514397     
  0.31264156338248622        1.4518708490358736     
  0.37951482899164635        1.6262942643594711     
  0.46065736128088758        1.7272158804753956     
  0.55924736126635322        1.9965619111748312     
  0.67897524277408394        2.0505900339211096     
  0.82441551550693815        2.0957494201492621     
   1.0009764843865627        2.0972394022997745     
   1.2153763263333666        1.9135744887205421     
   1.4765846423066622        1.3496910662761779     
   1.2566370614360001E-002  0.82795260542477356     
   1.7771531752634635E-002   1.5486618673088373     
   2.1765592370812048E-002   1.5597431350807316     
   2.5132741228720001E-002  0.95208759363403550     
   2.9562133651285849E-002  0.46495195072727713     
   3.8019517526813901E-002   1.2356945535372932     
   4.5116083860089251E-002  0.74246367799280655     
   5.5056809371101592E-002   1.2747768862170312     
   6.5848341545415051E-002   1.0087662175847514     
   7.9166690278415927E-002  0.71629600011073979     
   9.6964567215568481E-002   1.2471383762549146     
  0.11842995645747310        1.0351588016190738     
  0.14416104292042672        1.1690949443693264     
  0.17483851006932644       0.96960913398563597     
  0.21159335649904049        1.1706521832309640     
  0.25709616209838343        1.1873915005353692     
  0.31264156338248622        1.3137762089901570     
  0.37951482899164635        1.5393853292127357     
  0.46065736128088758        1.5453128280655084     
  0.55924736126635322        1.4635796609025469     
  0.67897524277408394        1.7541331801195001     
  0.82441551550693815        1.5298932345701348     
   1.0009764843865627        1.3050074061484065     
   1.2153763263333666       0.56834311468406840     
   1.4765846423066622       0.27360540877041784     
   1.2566370614360001E-002   1.3033613573185525     
   1.7771531752634635E-002  0.43733755631823318     
   2.1765592370812048E-002   2.2577793456834647     
   2.5132741228720001E-002   3.5630627648735711     
   2.9562133651285849E-002  0.39715540649319725     
   3.8019517526813901E-002   1.7245653056638803     
   4.5116083860089251E-002  0.51368770350878157     
   5.5056809371101592E-002   1.2103084508252768     
   6.5848341545415051E-002   1.0329467541842721     
   7.9166690278415927E-002  0.68494282554894925     
   9.6964567215568481E-002   1.1427960154772727     
  0.11842995645747310        1.0575373162914710     
  0.14416104292042672        1.0096504595851152     
  0.17483851006932644        1.3219013285213297     
  0.21159335649904049       0.99263620931545049     
  0.25709616209838343        1.1244645456312432     
  0.31264156338248622        1.1993656508769730     
  0.37951482899164635        1.2637203831475898     
  0.46065736128088758        1.3207049547820529     
  0.55924736126635322        1.7579087690064861     
  0.67897524277408394        1.2700598985441702     
  0.82441551550693815       0.77850544993185267     
   1.0009764843865627       0.78982349402299545     
   1.2153763263333666      -0.44475687919494833     
   1.4765846423066622       -2.0102174188824327     
   1.2566370614360001E-002  0.24652444241187887     
   1.7771531752634635E-002 -0.41320211579936117     
   2.1765592370812048E-002  0.34237567199267899     
   2.5132741228720001E-002   4.9794928228271793     
   2.9562133651285849E-002   1.3154902051883970     
   3.8019517526813901E-002   1.6302780950793709     
   4.5116083860089251E-002   1.9582163376575346     
   5.5056809371101592E-002 -0.25466600977791265     
   6.5848341545415051E-002  0.53493431493860821     
   7.9166690278415927E-002  0.43534010253705707     
   9.6964567215568481E-002   1.0011704239177013     
  0.11842995645747310       0.88144041990342792     
  0.14416104292042672       0.72710196645885616     
  0.17483851006932644       0.29425687733226474     
  0.21159335649904049       0.43340187983623929     
  0.25709616209838343       0.78728166795764509     
  0.31264156338248622       0.40245586102451308     
  0.37951482899164635       0.42281693771903650     
  0.46065736128088758       0.98171567436090046     
  0.55924736126635322        1.2706741751440775     
  0.67897524277408394        9.7788447148040053E-002
  0.82441551550693815       0.24637917441716811     
   1.0009764843865627       0.35372280230326991     
   1.2153763263333666       0.39675332306516403     
   1.4765846423066622      -0.53692481783384027     
   1.2566370614360001E-002  0.82437209782708898     
   1.7771531752634635E-002  -3.3531741028309718     
   2.1765592370812048E-002 -0.43763042876167307     
   2.5132741228720001E-002  0.54663403774364661     
   2.9562133651285849E-002   2.1942603858219885     
   3.8019517526813901E-002  -1.1479402805183583     
   4.5116083860089251E-002 -0.53873483367271258     
   5.5056809371101592E-002  0.48776999058150722     
   6.5848341545415051E-002  -1.8264200333795336E-003
   7.9166690278415927E-002 -0.88613908839068556     
   9.6964567215568481E-002   1.1088660347924963     
  0.11842995645747310       -1.8443793374862322E-002
  0.14416104292042672       0.33633034161630893     
  0.17483851006932644       0.43871550116232511     
  0.21159335649904049      -0.17281974771094114     
  0.25709616209838343       0.45212171739382506     
  0.31264156338248622       0.92101211392009963     
  0.37951482899164635       0.36939345359074216     
  0.46065736128088758       0.67538354603248874     
  0.55924736126635322       0.11078265293570677     
  0.67897524277408394       0.51134879206226203     
  0.82441551550693815        1.0816308021483572     
   1.0009764843865627        3.1758497257395706E-002
   1.2153763263333666       -1.5673818368097319     
   1.4765846423066622       -1.0602105883728989     
   1.2566370614360001E-002  0.54869741851048714     
   1.7771531752634635E-002   1.0409904071465756     
   2.1765592370812048E-002   1.0283052574932590     
   2.5132741228720001E-002   1.1925250933861178     
   2.9562133651285849E-002   1.0157841785601553     
   3.8019517526813901E-002   1.0621621616665897     
   4.5116083860089251E-002   1.0113818939107093     
   5.5056809371101592E-002  0.98870164111087722     
   6.5848341545415051E-002   1.0037730127743862     
   7.9166690278415927E-002   1.0788890878403234     
   9.6964567215568481E-002   1.1032546339450546     
  0.11842995645747310        1.0095924984270306     
  0.14416104292042672        1.1441629367225508     
  0.17483851006932644        1.1542021336995889     
  0.21159335649904049        1.2218984514772557     
  0.25709616209838343        1.2171817172369408     
  0.31264156338248622        1.3219554279509329     
  0.37951482899164635        1.4478337969448534     
  0.46065736128088758        1.5235743845822434     
  0.55924736126635322        1.7125459361141797     
  0.67897524277408394        1.8521062258203158     
  0.82441551550693815        2.0090144756631947     
   1.0009764843865627        2.1482087509499230     
   1.2153763263333666        2.1709411860433510     
   1.4765846423066622        2.1829420617148458     
   1.2566370614360001E-002  0.54255025114250177     
   1.7771531752634635E-002  0.92046961046486864     
   2.1765592370812048E-002  0.94684077508836140     
   2.5132741228720001E-002   1.2714422038458097     
   2.9562133651285849E-002   1.0369839113439980     
   3.8019517526813901E-002   1.0443736825676024     
   4.5116083860089251E-002   1.0076978506056520     
   5.5056809371101592E-002  0.96301150220408271     
   6.5848341545415051E-002   1.0356238160963189     
   7.9166690278415927E-002   1.1223743065714662     
   9.6964567215568481E-002   1.1640095585416854     
  0.11842995645747310        1.0557823247903091     
  0.14416104292042672        1.2466389073464401     
  0.17483851006932644        1.2788797515676174     
  0.21159335649904049        1.3528729295775466     
  0.25709616209838343        1.4258929434805578     
  0.31264156338248622        1.5750888464604058     
  0.37951482899164635        1.7608848894089897     
  0.46065736128088758        1.9405327648455897     
  0.55924736126635322        2.1824430987153383     
  0.67897524277408394        2.4485818038251015     
  0.82441551550693815        2.6340025417893131     
   1.0009764843865627        2.7241370780989680     
   1.2153763263333666        2.7310047408101745     
   1.4765846423066622        2.5482186810623406     
   1.2566370614360001E-002  0.13352981973509026     
   1.7771531752634635E-002  0.85239476399358005     
   2.1765592370812048E-002   1.1901572927998090     
   2.5132741228720001E-002   1.5606191468027149     
   2.9562133651285849E-002   1.1853520043739794     
   3.8019517526813901E-002   1.3261749345290055     
   4.5116083860089251E-002   1.0737633449853350     
   5.5056809371101592E-002  0.97945091266275419     
   6.5848341545415051E-002   1.0904458690141574     
   7.9166690278415927E-002   1.2909680968338209     
   9.6964567215568481E-002   1.3475916283237159     
  0.11842995645747310        1.2189239757747321     
  0.14416104292042672        1.4395425405539952     
  0.17483851006932644        1.5971952484559979     
  0.21159335649904049        1.7764192105864112     
  0.25709616209838343        1.8538495751920352     
  0.31264156338248622        2.1925000584419982     
  0.37951482899164635        2.2394062275504378     
  0.46065736128088758        2.5531241612199214     
  0.55924736126635322        2.8212105586265772     
  0.67897524277408394        3.2267633336086221     
  0.82441551550693815        3.2437191036723205     
   1.0009764843865627        3.2898741866686194     
   1.2153763263333666        3.1011839462618749     
   1.4765846423066622        3.7240406370763517     
   1.2566370614360001E-002  0.53206162377194466     
   1.7771531752634635E-002  0.84907548783018694     
   2.1765592370812048E-002   1.8506726628754644     
   2.5132741228720001E-002   1.2409436348206289     
   2.9562133651285849E-002   1.0460739003820549     
   3.8019517526813901E-002   1.1480416362973238     
   4.5116083860089251E-002  0.86636808051526459     
   5.5056809371101592E-002   1.1005963056174053     
   6.5848341545415051E-002   1.0468394452696494     
   7.9166690278415927E-002   1.1688262797633913     
   9.6964567215568481E-002   1.3273947067540910     
  0.11842995645747310        1.3083378651534505     
  0.14416104292042672        1.5320588476395398     
  0.17483851006932644        1.6517137735844947     
  0.21159335649904049        1.8215582198325704     
  0.25709616209838343        1.9695558873417951     
  0.31264156338248622        2.1599978237470374     
  0.37951482899164635        2.3610224479873279     
  0.46065736128088758        2.4624914150779031     
  0.55924736126635322        2.8548681162742811     
  0.67897524277408394        3.1799907239033369     
  0.82441551550693815        3.3578787650745641     
   1.0009764843865627        3.4143500040572552     
   1.2153763263333666        2.7489675970289764     
   1.4765846423066622        1.4583041467345055     
   1.2566370614360001E-002  0.61515456760286735     
   1.7771531752634635E-002   1.5933311597575639     
   2.1765592370812048E-002   1.5557367307692251     
   2.5132741228720001E-002   1.3948940169990647     
   2.9562133651285849E-002  0.35486089497941703     
   3.8019517526813901E-002   1.1781316637188686     
   4.5116083860089251E-002  0.83609416127614045     
   5.5056809371101592E-002   1.0604417217126514     
   6.5848341545415051E-002  0.90217745597725862     
   7.9166690278415927E-002  0.86863587828272271     
   9.6964567215568481E-002   1.2275431162046195     
  0.11842995645747310        1.1645002968082185     
  0.14416104292042672        1.3140458034691933     
  0.17483851006932644        1.1196593315322672     
  0.21159335649904049        1.6282082151832247     
  0.25709616209838343        1.3782584970070086     
  0.31264156338248622        1.6590303571739919     
  0.37951482899164635        1.4899691445786556     
  0.46065736128088758        1.6298182587977101     
  0.55924736126635322        2.0441391809140415     
  0.67897524277408394        2.1485598704083517     
  0.82441551550693815        1.5820778880130884     
   1.0009764843865627        1.8451258542839326     
   1.2153763263333666       0.76410078512170776     
   1.4765846423066622      -0.34855791434183370     
   1.2566370614360001E-002  0.83671195771827012     
   1.7771531752634635E-002   1.1273798127158214     
   2.1765592370812048E-002   3.4740482348108217     
   2.5132741228720001E-002   2.8914287067521625     
   2.9562133651285849E-002  0.50094443496035823     
   3.8019517526813901E-002   2.6240103534390711     
   4.5116083860089251E-002  0.20654356601471338     
   5.5056809371101592E-002  0.82263587305171926     
   6.5848341545415051E-002  0.67977392725187680     
   7.9166690278415927E-002  0.85399044880149211     
   9.6964567215568481E-002   1.4805322336710163     
  0.11842995645747310        1.3092739141169307     
  0.14416104292042672        1.4069264751462953     
  0.17483851006932644        1.5987830340770577     
  0.21159335649904049        1.4331384822045061     
  0.25709616209838343        1.3661307863529866     
  0.31264156338248622        1.3752598269732508     
  0.37951482899164635        1.4235247556150237     
  0.46065736128088758        1.6289271869225048     
  0.55924736126635322        2.3926671592082105     
  0.67897524277408394        1.4711345381898646     
  0.82441551550693815        2.1556615243364581     
   1.0009764843865627       0.94777912355769200     
   1.2153763263333666        2.2877063841768859E-002
   1.4765846423066622      -0.17507558526801939     
   1.2566370614360001E-002  0.64572867846495063     
   1.7771531752634635E-002 -0.51324953969895981     
   2.1765592370812048E-002 -0.99207242275708085     
   2.5132741228720001E-002   3.4016563416722239     
   2.9562133651285849E-002   1.0498929392737539     
   3.8019517526813901E-002   2.3668521841770089     
   4.5116083860089251E-002   1.5636473089102194     
   5.5056809371101592E-002 -0.38897844847296997     
   6.5848341545415051E-002  0.61845159357358537     
   7.9166690278415927E-002  0.10519816075022820     
   9.6964567215568481E-002   1.1246542142206299     
  0.11842995645747310       0.70153553069638119     
  0.14416104292042672       0.97592556979759215     
  0.17483851006932644       0.97247574542382254     
  0.21159335649904049        4.2156436697066681E-002
  0.25709616209838343        1.4563614662100870     
  0.31264156338248622       0.80473886244841264     
  0.37951482899164635       0.77468524601654498     
  0.46065736128088758        1.1249179371232882     
  0.55924736126635322       0.96852237036432309     
  0.67897524277408394       0.48424420099901866     
  0.82441551550693815        2.0150952338857100     
   1.0009764843865627       0.30879183593629894     
   1.2153763263333666      -0.25214090327070060     
   1.4765846423066622       -8.3829119049349601E-002
   1.2566370614360001E-002  0.43838551267199155     
   1.7771531752634635E-002  -5.2276138241300725     
   2.1765592370812048E-002 -0.53063679786036011     
   2.5132741228720001E-002   2.7880655531013256     
   2.9562133651285849E-002   2.4811774424063207     
   3.8019517526813901E-002 -0.74023203982789965     
   4.5116083860089251E-002  -1.5804625980081783     
   5.5056809371101592E-002  0.20113918834123853     
   6.5848341545415051E-002 -0.24821919938323703     
   7.9166690278415927E-002  -2.4096279395894236     
   9.6964567215568481E-002   1.8199334742344728     
  0.11842995645747310      -0.88837345163921866     
  0.14416104292042672      -0.23499589276052973     
  0.17483851006932644       -2.5348876671146523E-002
  0.21159335649904049       -1.1914805146507583     
  0.25709616209838343       -4.2345365804240663E-002
  0.31264156338248622        1.1840683986195180     
  0.37951482899164635      -0.78804114393220182     
  0.46065736128088758      -0.68883181983972375     
  0.55924736126635322      -0.59562428515656551     
  0.67897524277408394        1.7216874760744019     
  0.82441551550693815      -0.50398753265209439     
   1.0009764843865627       0.23913240208728512     
   1.2153763263333666       -1.1403436391841644     
   1.4765846423066622       0.25336176863503818     
   1.2566370614360001E-002  0.96508446194795872     
   1.7771531752634635E-002   1.0319673225029387     
   2.1765592370812048E-002   1.6441012643089365     
   2.5132741228720001E-002   1.0543519742084586     
   2.9562133651285849E-002  0.91176744448166369     
   3.8019517526813901E-002  0.86294728025092382     
   4.5116083860089251E-002  0.89130214152457510     
   5.5056809371101592E-002   1.0546666577740955     
   6.5848341545415051E-002   1.0464945624851361     
   7.9166690278415927E-002   1.0119021670246213     
   9.6964567215568481E-002   1.0726142220728085     
  0.11842995645747310       0.95581285740241151     
  0.14416104292042672        1.1129448708286420     
  0.17483851006932644        1.0476202773570944     
  0.21159335649904049        1.1702127402830604     
  0.25709616209838343        1.1741316128339012     
  0.31264156338248622        1.2419797977579168     
  0.37951482899164635        1.3033482264208263     
  0.46065736128088758        1.4307554859267049     
  0.55924736126635322        1.5336309460000690     
  0.67897524277408394        1.6154047859793352     
  0.82441551550693815        1.6296775008674851     
   1.0009764843865627        1.6032662842667480     
   1.2153763263333666        1.5242228715053152     
   1.4765846423066622        1.2235707060852101     
   1.2566370614360001E-002   1.1205799437710930     
   1.7771531752634635E-002  0.84514015038587031     
   2.1765592370812048E-002   1.5417429218431691     
   2.5132741228720001E-002   1.0762343837187451     
   2.9562133651285849E-002  0.93251414419196077     
   3.8019517526813901E-002  0.84837978534445335     
   4.5116083860089251E-002  0.87143771202619924     
   5.5056809371101592E-002   1.0456761637090808     
   6.5848341545415051E-002   1.0974287596030305     
   7.9166690278415927E-002   1.0353671062043222     
   9.6964567215568481E-002   1.1375802077312254     
  0.11842995645747310        1.0300158444720429     
  0.14416104292042672        1.1919516406511648     
  0.17483851006932644        1.2128853106018196     
  0.21159335649904049        1.3984451117003052     
  0.25709616209838343        1.3943668499514397     
  0.31264156338248622        1.4518708490358736     
  0.37951482899164635        1.6262942643594711     
  0.46065736128088758        1.7272158804753956     
  0.55924736126635322        1.9965619111748312     
  0.67897524277408394        2.0505900339211096     
  0.82441551550693815        2.0957494201492621     
   1.0009764843865627        2.0972394022997745     
   1.2153763263333666        1.9135744887205421     
   1.4765846423066622        1.3496910662761779     
   1.2566370614360001E-002  0.53206162377194466     
   1.7771531752634635E-002  0.84907548783018694     
   2.1765592370812048E-002   1.8506726628754644     
   2.5132741228720001E-002   1.2409436348206289     
   2.9562133651285849E-002   1.0460739003820549     
   3.8019517526813901E-002   1.1480416362973238     
   4.5116083860089251E-002  0.86636808051526459     
   5.5056809371101592E-002   1.1005963056174053     
   6.5848341545415051E-002   1.0468394452696494     
   7.9166690278415927E-002   1.1688262797633913     
   9.6964567215568481E-002   1.3273947067540910     
  0.11842995645747310        1.3083378651534505     
  0.14416104292042672        1.5320588476395398     
  0.17483851006932644        1.6517137735844947     
  0.21159335649904049        1.8215582198325704     
  0.25709616209838343        1.9695558873417951     
  0.31264156338248622        2.1599978237470374     
  0.37951482899164635        2.3610224479873279     
  0.46065736128088758        2.4624914150779031     
  0.55924736126635322        2.8548681162742811     
  0.67897524277408394        3.1799907239033369     
  0.82441551550693815        3.3578787650745641     
   1.0009764843865627        3.4143500040572552     
   1.2153763263333666        2.7489675970289764     
   1.4765846423066622        1.4583041467345055     
   1.2566370614360001E-002  0.95405123774870748     
   1.7771531752634635E-002  0.81838259426078663     
   2.1765592370812048E-002   2.5620035177156066     
   2.5132741228720001E-002   1.3846409996753302     
   2.9562133651285849E-002  0.77754594405904665     
   3.8019517526813901E-002  0.61507813638747078     
   4.5116083860089251E-002  0.73649678346164993     
   5.5056809371101592E-002  0.98914966488784906     
   6.5848341545415051E-002   1.3549875035287045     
   7.9166690278415927E-002   1.1245341625054115     
   9.6964567215568481E-002   1.3393564925127841     
  0.11842995645747310        1.4752870536471481     
  0.14416104292042672        1.7428780781412241     
  0.17483851006932644        1.7101973264408268     
  0.21159335649904049        2.0076617676879764     
  0.25709616209838343        2.1069536154748758     
  0.31264156338248622        2.5127272725802898     
  0.37951482899164635        2.2383637292108003     
  0.46065736128088758        3.3437054213353186     
  0.55924736126635322        3.4012966759780054     
  0.67897524277408394        3.7300388826940596     
  0.82441551550693815        3.6260608274644119     
   1.0009764843865627        3.5359719222240327     
   1.2153763263333666        2.5960558901710908     
   1.4765846423066622        4.6473667998372186     
   1.2566370614360001E-002   1.1045135064930724     
   1.7771531752634635E-002   2.2544000615273978     
   2.1765592370812048E-002   2.2360685236538664     
   2.5132741228720001E-002  0.92990988495751414     
   2.9562133651285849E-002  0.13008257842751203     
   3.8019517526813901E-002  0.90747984783548552     
   4.5116083860089251E-002  0.91328434420261939     
   5.5056809371101592E-002   1.1795783788090934     
   6.5848341545415051E-002  0.96442688050752445     
   7.9166690278415927E-002   1.1226646777012494     
   9.6964567215568481E-002   1.2892143512576442     
  0.11842995645747310        1.3711074101893599     
  0.14416104292042672        1.5583180376013444     
  0.17483851006932644        1.6274829474160644     
  0.21159335649904049        1.9361072165198898     
  0.25709616209838343        2.1926755352014768     
  0.31264156338248622        2.4027809063013077     
  0.37951482899164635        2.9652179698411847     
  0.46065736128088758        3.0899838030932982     
  0.55924736126635322        2.3664969253640198     
  0.67897524277408394        3.7298357190321449     
  0.82441551550693815        3.4460531762383932     
   1.0009764843865627        2.8714413228766178     
   1.2153763263333666        2.4016068736565148     
   1.4765846423066622        1.3044881004138542     
   1.2566370614360001E-002 -0.11747622467630325     
   1.7771531752634635E-002   1.7597500041760781     
   2.1765592370812048E-002   3.7883034109676474     
   2.5132741228720001E-002   2.8836869457327348     
   2.9562133651285849E-002  0.58138682152722709     
   3.8019517526813901E-002   1.4672327011995272     
   4.5116083860089251E-002  0.64990678653990730     
   5.5056809371101592E-002   1.1230774108685464     
   6.5848341545415051E-002  0.90002565941378543     
   7.9166690278415927E-002  0.43789754327547242     
   9.6964567215568481E-002   1.6042905823965161     
  0.11842995645747310       0.35933941774879830     
  0.14416104292042672        2.0228245529204143     
  0.17483851006932644        1.9207074293165374     
  0.21159335649904049        1.4460514843918606     
  0.25709616209838343        1.6768657514551804     
  0.31264156338248622        2.7936746740817977     
  0.37951482899164635        1.9115466927871756     
  0.46065736128088758        1.1855422268901485     
  0.55924736126635322        2.2022591887511984     
  0.67897524277408394        2.0428722370018790     
  0.82441551550693815        4.4378875429608380     
   1.0009764843865627      -0.10223860710850576     
   1.2153763263333666      -0.93436783512549404     
   1.4765846423066622       -3.3603397704980202     
   1.2566370614360001E-002  -1.9792217439511346     
   1.7771531752634635E-002  -2.4931571502622050     
   2.1765592370812048E-002  0.27179522098630082     
   2.5132741228720001E-002   2.6915905291158340     
   2.9562133651285849E-002   2.0061750618205183     
   3.8019517526813901E-002   1.9212692115643695     
   4.5116083860089251E-002   1.8117907369266734E-002
   5.5056809371101592E-002 -0.17423618665121982     
   6.5848341545415051E-002   1.3012334278324655     
   7.9166690278415927E-002  0.13048044670515493     
   9.6964567215568481E-002   1.3937585943544624     
  0.11842995645747310        2.6556300978604193     
  0.14416104292042672        1.4854988655917647     
  0.17483851006932644        1.8471315488100197     
  0.21159335649904049        2.4337108398460656     
  0.25709616209838343        1.7575387251795331     
  0.31264156338248622        1.9836579756095001     
  0.37951482899164635        1.7590191238366173     
  0.46065736128088758        1.4715506745455949     
  0.55924736126635322        2.5739508078094260     
  0.67897524277408394        8.8152297239598651E-002
  0.82441551550693815      -0.77535023005891412     
   1.0009764843865627        4.2583275997598644     
   1.2153763263333666        6.8672026076776005     
   1.4765846423066622        2.1681962050892549     
   1.2566370614360001E-002  -2.9471667496354068     
   1.7771531752634635E-002  -4.6105370629111633     
   2.1765592370812048E-002  -2.0208732924037753     
   2.5132741228720001E-002   1.4097720386988846     
   2.9562133651285849E-002   1.9986848022386767     
   3.8019517526813901E-002  -1.1024302998247006     
   4.5116083860089251E-002   2.9552922274082509E-002
   5.5056809371101592E-002  -8.9795905355523342E-002
   6.5848341545415051E-002  -9.2329855390724885E-002
   7.9166690278415927E-002  -2.3260767537319276     
   9.6964567215568481E-002   2.1521594621343016     
  0.11842995645747310        1.1323291931859749     
  0.14416104292042672       0.78460540784274013     
  0.17483851006932644        2.7482662601491086     
  0.21159335649904049        2.5655100817801828     
  0.25709616209838343       0.24215878276086042     
  0.31264156338248622      -0.77184171830905235     
  0.37951482899164635       -2.3073084124317869     
  0.46065736128088758      -0.35924471891400012     
  0.55924736126635322        2.1645251677511794     
  0.67897524277408394        2.2450581205662297     
  0.82441551550693815       -4.9708391272906107     
   1.0009764843865627       -6.6481995177013129     
   1.2153763263333666        6.8033630321156595     
   1.4765846423066622       0.47853613061804251     
   1.2566370614360001E-002  0.55185540002252331     
   1.7771531752634635E-002   1.9434728855521097     
   2.1765592370812048E-002   1.7508771282683255     
   2.5132741228720001E-002  0.82469618155269253     
   2.9562133651285849E-002  0.48700769840177943     
   3.8019517526813901E-002   1.1480755837587380     
   4.5116083860089251E-002  0.72241069666457192     
   5.5056809371101592E-002   1.1726736629305712     
   6.5848341545415051E-002  0.97623393206229214     
   7.9166690278415927E-002  0.76752239215451157     
   9.6964567215568481E-002   1.1029910777482521     
  0.11842995645747310        1.0057982704788468     
  0.14416104292042672       0.97356261938284261     
  0.17483851006932644       0.92083038321441202     
  0.21159335649904049       0.99529392678746254     
  0.25709616209838343       0.98797763930044269     
  0.31264156338248622        1.0179098563405544     
  0.37951482899164635        1.2350152993917998     
  0.46065736128088758        1.1863968461863890     
  0.55924736126635322        1.1647893955367417     
  0.67897524277408394        1.4329076283295041     
  0.82441551550693815        1.2579803662272586     
   1.0009764843865627        1.0366312760566316     
   1.2153763263333666       0.80535223564261160     
   1.4765846423066622       0.12738847918107041     
   1.2566370614360001E-002  0.82795260542477356     
   1.7771531752634635E-002   1.5486618673088373     
   2.1765592370812048E-002   1.5597431350807316     
   2.5132741228720001E-002  0.95208759363403550     
   2.9562133651285849E-002  0.46495195072727713     
   3.8019517526813901E-002   1.2356945535372932     
   4.5116083860089251E-002  0.74246367799280655     
   5.5056809371101592E-002   1.2747768862170312     
   6.5848341545415051E-002   1.0087662175847514     
   7.9166690278415927E-002  0.71629600011073979     
   9.6964567215568481E-002   1.2471383762549146     
  0.11842995645747310        1.0351588016190738     
  0.14416104292042672        1.1690949443693264     
  0.17483851006932644       0.96960913398563597     
  0.21159335649904049        1.1706521832309640     
  0.25709616209838343        1.1873915005353692     
  0.31264156338248622        1.3137762089901570     
  0.37951482899164635        1.5393853292127357     
  0.46065736128088758        1.5453128280655084     
  0.55924736126635322        1.4635796609025469     
  0.67897524277408394        1.7541331801195001     
  0.82441551550693815        1.5298932345701348     
   1.0009764843865627        1.3050074061484065     
   1.2153763263333666       0.56834311468406840     
   1.4765846423066622       0.27360540877041784     
   1.2566370614360001E-002  0.61515456760286735     
   1.7771531752634635E-002   1.5933311597575639     
   2.1765592370812048E-002   1.5557367307692251     
   2.5132741228720001E-002   1.3948940169990647     
   2.9562133651285849E-002  0.35486089497941703     
   3.8019517526813901E-002   1.1781316637188686     
   4.5116083860089251E-002  0.83609416127614045     
   5.5056809371101592E-002   1.0604417217126514     
   6.5848341545415051E-002  0.90217745597725862     
   7.9166690278415927E-002  0.86863587828272271     
   9.6964567215568481E-002   1.2275431162046195     
  0.11842995645747310        1.1645002968082185     
  0.14416104292042672        1.3140458034691933     
  0.17483851006932644        1.1196593315322672     
  0.21159335649904049        1.6282082151832247     
  0.25709616209838343        1.3782584970070086     
  0.31264156338248622        1.6590303571739919     
  0.37951482899164635        1.4899691445786556     
  0.46065736128088758        1.6298182587977101     
  0.55924736126635322        2.0441391809140415     
  0.67897524277408394        2.1485598704083517     
  0.82441551550693815        1.5820778880130884     
   1.0009764843865627        1.8451258542839326     
   1.2153763263333666       0.76410078512170776     
   1.4765846423066622      -0.34855791434183370     
   1.2566370614360001E-002   1.1045135064930724     
   1.7771531752634635E-002   2.2544000615273978     
   2.1765592370812048E-002   2.2360685236538664     
   2.5132741228720001E-002  0.92990988495751414     
   2.9562133651285849E-002  0.13008257842751203     
   3.8019517526813901E-002  0.90747984783548552     
   4.5116083860089251E-002  0.91328434420261939     
   5.5056809371101592E-002   1.1795783788090934     
   6.5848341545415051E-002  0.96442688050752445     
   7.9166690278415927E-002   1.1226646777012494     
   9.6964567215568481E-002   1.2892143512576442     
  0.11842995645747310        1.3711074101893599     
  0.14416104292042672        1.5583180376013444     
  0.17483851006932644        1.6274829474160644     
  0.21159335649904049        1.9361072165198898     
  0.25709616209838343        2.1926755352014768     
  0.31264156338248622        2.4027809063013077     
  0.37951482899164635        2.9652179698411847     
  0.46065736128088758        3.0899838030932982     
  0.55924736126635322        2.3664969253640198     
  0.67897524277408394        3.7298357190321449     
  0.82441551550693815        3.4460531762383932     
   1.0009764843865627        2.8714413228766178     
   1.2153763263333666        2.4016068736565148     
   1.4765846423066622        1.3044881004138542     
   1.2566370614360001E-002  -1.0664867645245235     
   1.7771531752634635E-002   2.0610509264586176     
   2.1765592370812048E-002   1.5164807064273238     
   2.5132741228720001E-002   1.2224775329281194     
   2.9562133651285849E-002  0.51248866290898065     
   3.8019517526813901E-002  0.61012060425042025     
   4.5116083860089251E-002   1.4352259338485480     
   5.5056809371101592E-002   1.2654974545193545     
   6.5848341545415051E-002  0.47948097695687597     
   7.9166690278415927E-002  0.97933876498493999     
   9.6964567215568481E-002   1.1101672721262537     
  0.11842995645747310        1.9060192973649386     
  0.14416104292042672        2.2131175274131021     
  0.17483851006932644        1.3757946708659530     
  0.21159335649904049        2.5387509931670440     
  0.25709616209838343        2.4320034923354932     
  0.31264156338248622        2.4800103727157965     
  0.37951482899164635        2.5822342317133473     
  0.46065736128088758        2.9714086536591666     
  0.55924736126635322        4.0007794574617428     
  0.67897524277408394        6.1042363109948301     
  0.82441551550693815        3.7686153956766844     
   1.0009764843865627        7.0644106256051700     
   1.2153763263333666        10.900857675834333     
   1.4765846423066622        21.898906569993393     
   1.2566370614360001E-002  0.22107240897061278     
   1.7771531752634635E-002   2.4599041439634450     
   2.1765592370812048E-002   2.3696307908856258     
   2.5132741228720001E-002  -1.1052575089118808     
   2.9562133651285849E-002 -0.70680271023683217     
   3.8019517526813901E-002   1.4149272718672274     
   4.5116083860089251E-002  0.79849407666811978     
   5.5056809371101592E-002  0.93569611377199646     
   6.5848341545415051E-002  0.76341342519195643     
   7.9166690278415927E-002  0.70332986802760156     
   9.6964567215568481E-002   1.1720210259119945     
  0.11842995645747310        1.8174840206932161     
  0.14416104292042672        1.4542309271296658     
  0.17483851006932644        2.0606122778907485     
  0.21159335649904049        2.6834992716696338     
  0.25709616209838343        1.7631558997512027     
  0.31264156338248622        2.5488127215995520     
  0.37951482899164635        3.8817231167554715     
  0.46065736128088758        2.6810328440879463     
  0.55924736126635322        1.9730768417555953     
  0.67897524277408394        2.9993126324777646     
  0.82441551550693815        6.0997642327913315     
   1.0009764843865627        4.8407214654567161     
   1.2153763263333666       -4.4772483058459098     
   1.4765846423066622      -0.47875188278677694     
   1.2566370614360001E-002  -1.5056480043522449     
   1.7771531752634635E-002  -4.2034164829547640     
   2.1765592370812048E-002 -0.88678974881212635     
   2.5132741228720001E-002  -1.1056179141901568     
   2.9562133651285849E-002   1.0513068512313311     
   3.8019517526813901E-002   1.9376027193962326     
   4.5116083860089251E-002  0.17146995155352726     
   5.5056809371101592E-002  -1.9566261232567876E-002
   6.5848341545415051E-002 -0.46625272278603408     
   7.9166690278415927E-002 -0.35373702057663881     
   9.6964567215568481E-002   1.5730213045103556     
  0.11842995645747310        2.5715475414317663     
  0.14416104292042672        1.5206074301714188     
  0.17483851006932644        1.2746996332713469     
  0.21159335649904049        2.0076281076627582     
  0.25709616209838343        1.5251540397450878     
  0.31264156338248622        3.0936547642282863     
  0.37951482899164635        3.9405796073233814     
  0.46065736128088758        2.8730437152542372     
  0.55924736126635322        2.1584285336077924     
  0.67897524277408394        3.1377003715284744     
  0.82441551550693815       -2.9622227241012102     
   1.0009764843865627        4.8787641826883030     
   1.2153763263333666        10.134250087611068     
   1.4765846423066622        6.8410246277612492     
   1.2566370614360001E-002 -0.93710105351017781     
   1.7771531752634635E-002  -4.9931408942166664     
   2.1765592370812048E-002 -0.91227558900439698     
   2.5132741228720001E-002   3.2961853622286035     
   2.9562133651285849E-002  0.29348144298926820     
   3.8019517526813901E-002 -0.81700518789555321     
   4.5116083860089251E-002  -1.5251060932504912     
   5.5056809371101592E-002  0.76784943514952053     
   6.5848341545415051E-002  -3.2036210239292380E-002
   7.9166690278415927E-002  -1.4917278358448465     
   9.6964567215568481E-002   1.2298056953316678     
  0.11842995645747310       -7.6940255530670548E-002
  0.14416104292042672       0.55519302961373318     
  0.17483851006932644       0.42142986586599496     
  0.21159335649904049      -0.41780627801010772     
  0.25709616209838343      -0.33388880953410899     
  0.31264156338248622      -0.73722302340837476     
  0.37951482899164635      -0.34782961280599023     
  0.46065736128088758       0.40853707343439200     
  0.55924736126635322        1.0628492924184390     
  0.67897524277408394      -0.82393723806591346     
  0.82441551550693815      -0.73828319048563318     
   1.0009764843865627        1.5914434458199826     
   1.2153763263333666       -2.1434271938897838     
   1.4765846423066622       0.38619766910791420     
   1.2566370614360001E-002   1.3974143163207768     
   1.7771531752634635E-002  0.94437348132884713     
   2.1765592370812048E-002   2.4038669630615073     
   2.5132741228720001E-002   3.6316634300354189     
   2.9562133651285849E-002  0.21822421369128583     
   3.8019517526813901E-002   1.7089746404022201     
   4.5116083860089251E-002  0.53945849958824921     
   5.5056809371101592E-002  0.97264500057630321     
   6.5848341545415051E-002  0.86560206937486084     
   7.9166690278415927E-002   1.0321222609273477     
   9.6964567215568481E-002   1.2662633132339038     
  0.11842995645747310        1.1359408823751274     
  0.14416104292042672        1.0089894091849985     
  0.17483851006932644        1.1870077928834175     
  0.21159335649904049       0.77633009945415876     
  0.25709616209838343       0.91743623124662677     
  0.31264156338248622        1.0311899257981265     
  0.37951482899164635        1.0866128330558014     
  0.46065736128088758       0.85563659696468275     
  0.55924736126635322        1.2580270219924641     
  0.67897524277408394       0.89173226901687785     
  0.82441551550693815       0.95009934147232045     
   1.0009764843865627       0.64416633379694455     
   1.2153763263333666       0.56776198764967578     
   1.4765846423066622      -0.59063184413160230     
   1.2566370614360001E-002   1.3033613573185525     
   1.7771531752634635E-002  0.43733755631823318     
   2.1765592370812048E-002   2.2577793456834647     
   2.5132741228720001E-002   3.5630627648735711     
   2.9562133651285849E-002  0.39715540649319725     
   3.8019517526813901E-002   1.7245653056638803     
   4.5116083860089251E-002  0.51368770350878157     
   5.5056809371101592E-002   1.2103084508252768     
   6.5848341545415051E-002   1.0329467541842721     
   7.9166690278415927E-002  0.68494282554894925     
   9.6964567215568481E-002   1.1427960154772727     
  0.11842995645747310        1.0575373162914710     
  0.14416104292042672        1.0096504595851152     
  0.17483851006932644        1.3219013285213297     
  0.21159335649904049       0.99263620931545049     
  0.25709616209838343        1.1244645456312432     
  0.31264156338248622        1.1993656508769730     
  0.37951482899164635        1.2637203831475898     
  0.46065736128088758        1.3207049547820529     
  0.55924736126635322        1.7579087690064861     
  0.67897524277408394        1.2700598985441702     
  0.82441551550693815       0.77850544993185267     
   1.0009764843865627       0.78982349402299545     
   1.2153763263333666      -0.44475687919494833     
   1.4765846423066622       -2.0102174188824327     
   1.2566370614360001E-002  0.83671195771827012     
   1.7771531752634635E-002   1.1273798127158214     
   2.1765592370812048E-002   3.4740482348108217     
   2.5132741228720001E-002   2.8914287067521625     
   2.9562133651285849E-002  0.50094443496035823     
   3.8019517526813901E-002   2.6240103534390711     
   4.5116083860089251E-002  0.20654356601471338     
   5.5056809371101592E-002  0.82263587305171926     
   6.5848341545415051E-002  0.67977392725187680     
   7.9166690278415927E-002  0.85399044880149211     
   9.6964567215568481E-002   1.4805322336710163     
  0.11842995645747310        1.3092739141169307     
  0.14416104292042672        1.4069264751462953     
  0.17483851006932644        1.5987830340770577     
  0.21159335649904049        1.4331384822045061     
  0.25709616209838343        1.3661307863529866     
  0.31264156338248622        1.3752598269732508     
  0.37951482899164635        1.4235247556150237     
  0.46065736128088758        1.6289271869225048     
  0.55924736126635322        2.3926671592082105     
  0.67897524277408394        1.4711345381898646     
  0.82441551550693815        2.1556615243364581     
   1.0009764843865627       0.94777912355769200     
   1.2153763263333666        2.2877063841768859E-002
   1.4765846423066622      -0.17507558526801939     
   1.2566370614360001E-002 -0.11747622467630325     
   1.7771531752634635E-002   1.7597500041760781     
   2.1765592370812048E-002   3.7883034109676474     
   2.5132741228720001E-002   2.8836869457327348     
   2.9562133651285849E-002  0.58138682152722709     
   3.8019517526813901E-002   1.4672327011995272     
   4.5116083860089251E-002  0.64990678653990730     
   5.5056809371101592E-002   1.1230774108685464     
   6.5848341545415051E-002  0.90002565941378543     
   7.9166690278415927E-002  0.43789754327547242     
   9.6964567215568481E-002   1.6042905823965161     
  0.11842995645747310       0.35933941774879830     
  0.14416104292042672        2.0228245529204143     
  0.17483851006932644        1.9207074293165374     
  0.21159335649904049        1.4460514843918606     
  0.25709616209838343        1.6768657514551804     
  0.31264156338248622        2.7936746740817977     
  0.37951482899164635        1.9115466927871756     
  0.46065736128088758        1.1855422268901485     
  0.55924736126635322        2.2022591887511984     
  0.67897524277408394        2.0428722370018790     
  0.82441551550693815        4.4378875429608380     
   1.0009764843865627      -0.10223860710850576     
   1.2153763263333666      -0.93436783512549404     
   1.4765846423066622       -3.3603397704980202     
   1.2566370614360001E-002  0.22107240897061278     
   1.7771531752634635E-002   2.4599041439634450     
   2.1765592370812048E-002   2.3696307908856258     
   2.5132741228720001E-002  -1.1052575089118808     
   2.9562133651285849E-002 -0.70680271023683217     
   3.8019517526813901E-002   1.4149272718672274     
   4.5116083860089251E-002  0.79849407666811978     
   5.5056809371101592E-002  0.93569611377199646     
   6.5848341545415051E-002  0.76341342519195643     
   7.9166690278415927E-002  0.70332986802760156     
   9.6964567215568481E-002   1.1720210259119945     
  0.11842995645747310        1.8174840206932161     
  0.14416104292042672        1.4542309271296658     
  0.17483851006932644        2.0606122778907485     
  0.21159335649904049        2.6834992716696338     
  0.25709616209838343        1.7631558997512027     
  0.31264156338248622        2.5488127215995520     
  0.37951482899164635        3.8817231167554715     
  0.46065736128088758        2.6810328440879463     
  0.55924736126635322        1.9730768417555953     
  0.67897524277408394        2.9993126324777646     
  0.82441551550693815        6.0997642327913315     
   1.0009764843865627        4.8407214654567161     
   1.2153763263333666       -4.4772483058459098     
   1.4765846423066622      -0.47875188278677694     
   1.2566370614360001E-002  -1.8556520413146653     
   1.7771531752634635E-002 -0.23087194188980981     
   2.1765592370812048E-002   1.5271347897029521     
   2.5132741228720001E-002   2.8424555507589107     
   2.9562133651285849E-002 -0.32750626621660173     
   3.8019517526813901E-002  0.11138459532253130     
   4.5116083860089251E-002 -0.52390931730057011     
   5.5056809371101592E-002  0.83108437683545844     
   6.5848341545415051E-002   1.4040403170229350     
   7.9166690278415927E-002  0.13377533278539114     
   9.6964567215568481E-002  0.14501256846971913     
  0.11842995645747310       0.17921815729757642     
  0.14416104292042672      -0.65336104847286014     
  0.17483851006932644       0.28139252307504425     
  0.21159335649904049       0.29970227076367656     
  0.25709616209838343       -1.1214152021151822     
  0.31264156338248622       0.51948050454642958     
  0.37951482899164635       0.19107107197610879     
  0.46065736128088758       -1.0174518840593281     
  0.55924736126635322      -0.21503514549003044     
  0.67897524277408394        2.9264197547127240     
  0.82441551550693815        1.7195161051711958     
   1.0009764843865627        5.9288011570675803     
   1.2153763263333666        14.702004019000764     
   1.4765846423066622        48.168624067381579     
   1.2566370614360001E-002   3.3264786740499668     
   1.7771531752634635E-002 -0.77807020691484319     
   2.1765592370812048E-002  -1.7738365042713509     
   2.5132741228720001E-002   3.6114463823078040     
   2.9562133651285849E-002  0.21171486367352804     
   3.8019517526813901E-002  0.93694018661865897     
   4.5116083860089251E-002  -7.5343953500178695E-002
   5.5056809371101592E-002  0.60894356908008829     
   6.5848341545415051E-002 -0.15047841050355473     
   7.9166690278415927E-002 -0.22071430665634434     
   9.6964567215568481E-002  0.21166237351583045     
  0.11842995645747310        3.9636134415070121E-002
  0.14416104292042672      -0.59210536880235332     
  0.17483851006932644      -0.41337155714854629     
  0.21159335649904049      -0.22067558007195059     
  0.25709616209838343        6.7617715547300158E-002
  0.31264156338248622       0.73041797459715874     
  0.37951482899164635      -0.54850373421693399     
  0.46065736128088758      -0.16640895379536969     
  0.55924736126635322       0.56097813013184117     
  0.67897524277408394       0.14757011161962016     
  0.82441551550693815      -0.27838130342661555     
   1.0009764843865627       0.37328319965416179     
   1.2153763263333666       0.45524500100191195     
   1.4765846423066622      -0.25635520583849863     
   1.2566370614360001E-002  0.96001333908235564     
   1.7771531752634635E-002   1.3033729049671969     
   2.1765592370812048E-002  0.91762371706943224     
   2.5132741228720001E-002  -4.1375323536822650     
   2.9562133651285849E-002   1.0031246828848002     
   3.8019517526813901E-002   2.1542559358437097     
   4.5116083860089251E-002  0.63049250903474596     
   5.5056809371101592E-002  0.73897264833792087     
   6.5848341545415051E-002 -0.75384601437347643     
   7.9166690278415927E-002 -0.72669359560857649     
   9.6964567215568481E-002  0.50675429879596379     
  0.11842995645747310      -0.35522048467440442     
  0.14416104292042672      -0.40295580355667932     
  0.17483851006932644       -8.5067311388895547E-002
  0.21159335649904049       -1.1537133094750383     
  0.25709616209838343        1.4024183250169440     
  0.31264156338248622       0.92633280441578114     
  0.37951482899164635       -2.5700593994103631     
  0.46065736128088758        1.5910172008657559     
  0.55924736126635322       0.10084342757455900     
  0.67897524277408394       0.19817143332295853     
  0.82441551550693815       -1.0424096866764501     
   1.0009764843865627       -1.0425011705371217     
   1.2153763263333666       0.28305326232084066     
   1.4765846423066622        5.0044125282170532E-002
   1.2566370614360001E-002  0.93542408973295843     
   1.7771531752634635E-002  -1.0587549116858683     
   2.1765592370812048E-002  0.58258804074015202     
   2.5132741228720001E-002   4.3424073055684449     
   2.9562133651285849E-002   1.0021758365327746     
   3.8019517526813901E-002   2.1100188933169464     
   4.5116083860089251E-002   1.4496910798395677     
   5.5056809371101592E-002 -0.56936777660995819     
   6.5848341545415051E-002  0.46180838203492153     
   7.9166690278415927E-002  0.34434081700068669     
   9.6964567215568481E-002  0.95622582626871133     
  0.11842995645747310       0.90202070135757273     
  0.14416104292042672       0.62401772807973044     
  0.17483851006932644       0.19080329350253322     
  0.21159335649904049       0.18677974091952876     
  0.25709616209838343       0.73974520578367753     
  0.31264156338248622       0.45602723406341522     
  0.37951482899164635       0.78024630765792158     
  0.46065736128088758       0.84651384995281798     
  0.55924736126635322       0.82082705239619036     
  0.67897524277408394       0.65542783959154338     
  0.82441551550693815       0.54076819505704077     
   1.0009764843865627       0.24898517528891481     
   1.2153763263333666      -0.18714975571648201     
   1.4765846423066622       -1.3470500110634644     
   1.2566370614360001E-002  0.24652444241187887     
   1.7771531752634635E-002 -0.41320211579936117     
   2.1765592370812048E-002  0.34237567199267899     
   2.5132741228720001E-002   4.9794928228271793     
   2.9562133651285849E-002   1.3154902051883970     
   3.8019517526813901E-002   1.6302780950793709     
   4.5116083860089251E-002   1.9582163376575346     
   5.5056809371101592E-002 -0.25466600977791265     
   6.5848341545415051E-002  0.53493431493860821     
   7.9166690278415927E-002  0.43534010253705707     
   9.6964567215568481E-002   1.0011704239177013     
  0.11842995645747310       0.88144041990342792     
  0.14416104292042672       0.72710196645885616     
  0.17483851006932644       0.29425687733226474     
  0.21159335649904049       0.43340187983623929     
  0.25709616209838343       0.78728166795764509     
  0.31264156338248622       0.40245586102451308     
  0.37951482899164635       0.42281693771903650     
  0.46065736128088758       0.98171567436090046     
  0.55924736126635322        1.2706741751440775     
  0.67897524277408394        9.7788447148040053E-002
  0.82441551550693815       0.24637917441716811     
   1.0009764843865627       0.35372280230326991     
   1.2153763263333666       0.39675332306516403     
   1.4765846423066622      -0.53692481783384027     
   1.2566370614360001E-002  0.64572867846495063     
   1.7771531752634635E-002 -0.51324953969895981     
   2.1765592370812048E-002 -0.99207242275708085     
   2.5132741228720001E-002   3.4016563416722239     
   2.9562133651285849E-002   1.0498929392737539     
   3.8019517526813901E-002   2.3668521841770089     
   4.5116083860089251E-002   1.5636473089102194     
   5.5056809371101592E-002 -0.38897844847296997     
   6.5848341545415051E-002  0.61845159357358537     
   7.9166690278415927E-002  0.10519816075022820     
   9.6964567215568481E-002   1.1246542142206299     
  0.11842995645747310       0.70153553069638119     
  0.14416104292042672       0.97592556979759215     
  0.17483851006932644       0.97247574542382254     
  0.21159335649904049        4.2156436697066681E-002
  0.25709616209838343        1.4563614662100870     
  0.31264156338248622       0.80473886244841264     
  0.37951482899164635       0.77468524601654498     
  0.46065736128088758        1.1249179371232882     
  0.55924736126635322       0.96852237036432309     
  0.67897524277408394       0.48424420099901866     
  0.82441551550693815        2.0150952338857100     
   1.0009764843865627       0.30879183593629894     
   1.2153763263333666      -0.25214090327070060     
   1.4765846423066622       -8.3829119049349601E-002
   1.2566370614360001E-002  -1.9792217439511346     
   1.7771531752634635E-002  -2.4931571502622050     
   2.1765592370812048E-002  0.27179522098630082     
   2.5132741228720001E-002   2.6915905291158340     
   2.9562133651285849E-002   2.0061750618205183     
   3.8019517526813901E-002   1.9212692115643695     
   4.5116083860089251E-002   1.8117907369266734E-002
   5.5056809371101592E-002 -0.17423618665121982     
   6.5848341545415051E-002   1.3012334278324655     
   7.9166690278415927E-002  0.13048044670515493     
   9.6964567215568481E-002   1.3937585943544624     
  0.11842995645747310        2.6556300978604193     
  0.14416104292042672        1.4854988655917647     
  0.17483851006932644        1.8471315488100197     
  0.21159335649904049        2.4337108398460656     
  0.25709616209838343        1.7575387251795331     
  0.31264156338248622        1.9836579756095001     
  0.37951482899164635        1.7590191238366173     
  0.46065736128088758        1.4715506745455949     
  0.55924736126635322        2.5739508078094260     
  0.67897524277408394        8.8152297239598651E-002
  0.82441551550693815      -0.77535023005891412     
   1.0009764843865627        4.2583275997598644     
   1.2153763263333666        6.8672026076776005     
   1.4765846423066622        2.1681962050892549     
   1.2566370614360001E-002  -1.5056480043522449     
   1.7771531752634635E-002  -4.2034164829547640     
   2.1765592370812048E-002 -0.88678974881212635     
   2.5132741228720001E-002  -1.1056179141901568     
   2.9562133651285849E-002   1.0513068512313311     
   3.8019517526813901E-002   1.9376027193962326     
   4.5116083860089251E-002  0.17146995155352726     
   5.5056809371101592E-002  -1.9566261232567876E-002
   6.5848341545415051E-002 -0.46625272278603408     
   7.9166690278415927E-002 -0.35373702057663881     
   9.6964567215568481E-002   1.5730213045103556     
  0.11842995645747310        2.5715475414317663     
  0.14416104292042672        1.5206074301714188     
  0.17483851006932644        1.2746996332713469     
  0.21159335649904049        2.0076281076627582     
  0.25709616209838343        1.5251540397450878     
  0.31264156338248622        3.0936547642282863     
  0.37951482899164635        3.9405796073233814     
  0.46065736128088758        2.8730437152542372     
  0.55924736126635322        2.1584285336077924     
  0.67897524277408394        3.1377003715284744     
  0.82441551550693815       -2.9622227241012102     
   1.0009764843865627        4.8787641826883030     
   1.2153763263333666        10.134250087611068     
   1.4765846423066622        6.8410246277612492     
   1.2566370614360001E-002   3.3264786740499668     
   1.7771531752634635E-002 -0.77807020691484319     
   2.1765592370812048E-002  -1.7738365042713509     
   2.5132741228720001E-002   3.6114463823078040     
   2.9562133651285849E-002  0.21171486367352804     
   3.8019517526813901E-002  0.93694018661865897     
   4.5116083860089251E-002  -7.5343953500178695E-002
   5.5056809371101592E-002  0.60894356908008829     
   6.5848341545415051E-002 -0.15047841050355473     
   7.9166690278415927E-002 -0.22071430665634434     
   9.6964567215568481E-002  0.21166237351583045     
  0.11842995645747310        3.9636134415070121E-002
  0.14416104292042672      -0.59210536880235332     
  0.17483851006932644      -0.41337155714854629     
  0.21159335649904049      -0.22067558007195059     
  0.25709616209838343        6.7617715547300158E-002
  0.31264156338248622       0.73041797459715874     
  0.37951482899164635      -0.54850373421693399     
  0.46065736128088758      -0.16640895379536969     
  0.55924736126635322       0.56097813013184117     
  0.67897524277408394       0.14757011161962016     
  0.82441551550693815      -0.27838130342661555     
   1.0009764843865627       0.37328319965416179     
   1.2153763263333666       0.45524500100191195     
   1.4765846423066622      -0.25635520583849863     
   1.2566370614360001E-002   3.8712724239569245     
   1.7771531752634635E-002  -1.5500277165134226     
   2.1765592370812048E-002  0.44308663598881182     
   2.5132741228720001E-002   3.4327383767383068     
   2.9562133651285849E-002 -0.48389476883156485     
   3.8019517526813901E-002  -1.9560471330338951     
   4.5116083860089251E-002  0.74901663872851065     
   5.5056809371101592E-002 -0.76317899408265655     
   6.5848341545415051E-002  0.61690392862916865     
   7.9166690278415927E-002  0.81352733054740767     
   9.6964567215568481E-002  -7.9028389875370295E-002
  0.11842995645747310       0.96569984650686069     
  0.14416104292042672       -1.2030623160420058     
  0.17483851006932644      -0.87355077321304531     
  0.21159335649904049       0.40223264993056124     
  0.25709616209838343       0.41407067993388674     
  0.31264156338248622       0.76147478653535339     
  0.37951482899164635      -0.56629036567500390     
  0.46065736128088758       0.61752802390222294     
  0.55924736126635322        2.5182470766116340     
  0.67897524277408394        2.0376104837159841     
  0.82441551550693815        7.4068671677272810     
   1.0009764843865627        18.494302707545895     
   1.2153763263333666        45.253018153107597     
   1.4765846423066622        119.52721209464789     
   1.2566370614360001E-002   3.4442119907776285     
   1.7771531752634635E-002   5.9387188161247364     
   2.1765592370812048E-002  0.15966305052498520     
   2.5132741228720001E-002  -8.8987920285720374     
   2.9562133651285849E-002  -1.4955562518759207     
   3.8019517526813901E-002  -3.9179169505286531     
   4.5116083860089251E-002  0.18287644335208975     
   5.5056809371101592E-002  0.21741767126319178     
   6.5848341545415051E-002 -0.33969544374883065     
   7.9166690278415927E-002  0.80744423181594682     
   9.6964567215568481E-002   1.9642644227378030     
  0.11842995645747310       -2.0900923576082753     
  0.14416104292042672        1.8371963281119172     
  0.17483851006932644       -1.4623759442662851     
  0.21159335649904049      -0.72023743130165474     
  0.25709616209838343        1.7191643431737713     
  0.31264156338248622       0.76891610494575657     
  0.37951482899164635      -0.22048213877041881     
  0.46065736128088758      -0.14965474495604708     
  0.55924736126635322      -0.89429234555911064     
  0.67897524277408394        1.6575324055470320     
  0.82441551550693815       0.66159679110541580     
   1.0009764843865627       -2.4695319484970160     
   1.2153763263333666        5.0496450854967873E-002
   1.4765846423066622      -0.35775054335589046     
   1.2566370614360001E-002   1.0266119306568966     
   1.7771531752634635E-002  -3.2309118898791507     
   2.1765592370812048E-002 -0.61159535882379290     
   2.5132741228720001E-002  0.78195774830447629     
   2.9562133651285849E-002   2.1441749135202874     
   3.8019517526813901E-002 -0.80466513549080587     
   4.5116083860089251E-002 -0.75612195822678963     
   5.5056809371101592E-002  0.39746941902495275     
   6.5848341545415051E-002 -0.17947454702421245     
   7.9166690278415927E-002 -0.87517990280879043     
   9.6964567215568481E-002  0.91548623051547262     
  0.11842995645747310      -0.13167055599523358     
  0.14416104292042672       0.41825897758049740     
  0.17483851006932644       0.52890791586588615     
  0.21159335649904049      -0.25719179790875119     
  0.25709616209838343       0.43209320885035657     
  0.31264156338248622       0.29551281557964326     
  0.37951482899164635       0.16033157040805493     
  0.46065736128088758       0.45938254930575900     
  0.55924736126635322        3.2026092061377111E-002
  0.67897524277408394       0.74531404360043541     
  0.82441551550693815       0.22066834123826937     
   1.0009764843865627       0.15260055424492680     
   1.2153763263333666        2.2562399640158267E-002
   1.4765846423066622      -0.32995258840890040     
   1.2566370614360001E-002  0.82437209782708898     
   1.7771531752634635E-002  -3.3531741028309718     
   2.1765592370812048E-002 -0.43763042876167307     
   2.5132741228720001E-002  0.54663403774364661     
   2.9562133651285849E-002   2.1942603858219885     
   3.8019517526813901E-002  -1.1479402805183583     
   4.5116083860089251E-002 -0.53873483367271258     
   5.5056809371101592E-002  0.48776999058150722     
   6.5848341545415051E-002  -1.8264200333795336E-003
   7.9166690278415927E-002 -0.88613908839068556     
   9.6964567215568481E-002   1.1088660347924963     
  0.11842995645747310       -1.8443793374862322E-002
  0.14416104292042672       0.33633034161630893     
  0.17483851006932644       0.43871550116232511     
  0.21159335649904049      -0.17281974771094114     
  0.25709616209838343       0.45212171739382506     
  0.31264156338248622       0.92101211392009963     
  0.37951482899164635       0.36939345359074216     
  0.46065736128088758       0.67538354603248874     
  0.55924736126635322       0.11078265293570677     
  0.67897524277408394       0.51134879206226203     
  0.82441551550693815        1.0816308021483572     
   1.0009764843865627        3.1758497257395706E-002
   1.2153763263333666       -1.5673818368097319     
   1.4765846423066622       -1.0602105883728989     
   1.2566370614360001E-002  0.43838551267199155     
   1.7771531752634635E-002  -5.2276138241300725     
   2.1765592370812048E-002 -0.53063679786036011     
   2.5132741228720001E-002   2.7880655531013256     
   2.9562133651285849E-002   2.4811774424063207     
   3.8019517526813901E-002 -0.74023203982789965     
   4.5116083860089251E-002  -1.5804625980081783     
   5.5056809371101592E-002  0.20113918834123853     
   6.5848341545415051E-002 -0.24821919938323703     
   7.9166690278415927E-002  -2.4096279395894236     
   9.6964567215568481E-002   1.8199334742344728     
  0.11842995645747310      -0.88837345163921866     
  0.14416104292042672      -0.23499589276052973     
  0.17483851006932644       -2.5348876671146523E-002
  0.21159335649904049       -1.1914805146507583     
  0.25709616209838343       -4.2345365804240663E-002
  0.31264156338248622        1.1840683986195180     
  0.37951482899164635      -0.78804114393220182     
  0.46065736128088758      -0.68883181983972375     
  0.55924736126635322      -0.59562428515656551     
  0.67897524277408394        1.7216874760744019     
  0.82441551550693815      -0.50398753265209439     
   1.0009764843865627       0.23913240208728512     
   1.2153763263333666       -1.1403436391841644     
   1.4765846423066622       0.25336176863503818     
   1.2566370614360001E-002  -2.9471667496354068     
   1.7771531752634635E-002  -4.6105370629111633     
   2.1765592370812048E-002  -2.0208732924037753     
   2.5132741228720001E-002   1.4097720386988846     
   2.9562133651285849E-002   1.9986848022386767     
   3.8019517526813901E-002  -1.1024302998247006     
   4.5116083860089251E-002   2.9552922274082509E-002
   5.5056809371101592E-002  -8.9795905355523342E-002
   6.5848341545415051E-002  -9.2329855390724885E-002
   7.9166690278415927E-002  -2.3260767537319276     
   9.6964567215568481E-002   2.1521594621343016     
  0.11842995645747310        1.1323291931859749     
  0.14416104292042672       0.78460540784274013     
  0.17483851006932644        2.7482662601491086     
  0.21159335649904049        2.5655100817801828     
  0.25709616209838343       0.24215878276086042     
  0.31264156338248622      -0.77184171830905235     
  0.37951482899164635       -2.3073084124317869     
  0.46065736128088758      -0.35924471891400012     
  0.55924736126635322        2.1645251677511794     
  0.67897524277408394        2.2450581205662297     
  0.82441551550693815       -4.9708391272906107     
   1.0009764843865627       -6.6481995177013129     
   1.2153763263333666        6.8033630321156595     
   1.4765846423066622       0.47853613061804251     
   1.2566370614360001E-002 -0.93710105351017781     
   1.7771531752634635E-002  -4.9931408942166664     
   2.1765592370812048E-002 -0.91227558900439698     
   2.5132741228720001E-002   3.2961853622286035     
   2.9562133651285849E-002  0.29348144298926820     
   3.8019517526813901E-002 -0.81700518789555321     
   4.5116083860089251E-002  -1.5251060932504912     
   5.5056809371101592E-002  0.76784943514952053     
   6.5848341545415051E-002  -3.2036210239292380E-002
   7.9166690278415927E-002  -1.4917278358448465     
   9.6964567215568481E-002   1.2298056953316678     
  0.11842995645747310       -7.6940255530670548E-002
  0.14416104292042672       0.55519302961373318     
  0.17483851006932644       0.42142986586599496     
  0.21159335649904049      -0.41780627801010772     
  0.25709616209838343      -0.33388880953410899     
  0.31264156338248622      -0.73722302340837476     
  0.37951482899164635      -0.34782961280599023     
  0.46065736128088758       0.40853707343439200     
  0.55924736126635322        1.0628492924184390     
  0.67897524277408394      -0.82393723806591346     
  0.82441551550693815      -0.73828319048563318     
   1.0009764843865627        1.5914434458199826     
   1.2153763263333666       -2.1434271938897838     
   1.4765846423066622       0.38619766910791420     
   1.2566370614360001E-002  0.96001333908235564     
   1.7771531752634635E-002   1.3033729049671969     
   2.1765592370812048E-002  0.91762371706943224     
   2.5132741228720001E-002  -4.1375323536822650     
   2.9562133651285849E-002   1.0031246828848002     
   3.8019517526813901E-002   2.1542559358437097     
   4.5116083860089251E-002  0.63049250903474596     
   5.5056809371101592E-002  0.73897264833792087     
   6.5848341545415051E-002 -0.75384601437347643     
   7.9166690278415927E-002 -0.72669359560857649     
   9.6964567215568481E-002  0.50675429879596379     
  0.11842995645747310      -0.35522048467440442     
  0.14416104292042672      -0.40295580355667932     
  0.17483851006932644       -8.5067311388895547E-002
  0.21159335649904049       -1.1537133094750383     
  0.25709616209838343        1.4024183250169440     
  0.31264156338248622       0.92633280441578114     
  0.37951482899164635       -2.5700593994103631     
  0.46065736128088758        1.5910172008657559     
  0.55924736126635322       0.10084342757455900     
  0.67897524277408394       0.19817143332295853     
  0.82441551550693815       -1.0424096866764501     
   1.0009764843865627       -1.0425011705371217     
   1.2153763263333666       0.28305326232084066     
   1.4765846423066622        5.0044125282170532E-002
   1.2566370614360001E-002   3.4442119907776285     
   1.7771531752634635E-002   5.9387188161247364     
   2.1765592370812048E-002  0.15966305052498520     
   2.5132741228720001E-002  -8.8987920285720374     
   2.9562133651285849E-002  -1.4955562518759207     
   3.8019517526813901E-002  -3.9179169505286531     
   4.5116083860089251E-002  0.18287644335208975     
   5.5056809371101592E-002  0.21741767126319178     
   6.5848341545415051E-002 -0.33969544374883065     
   7.9166690278415927E-002  0.80744423181594682     
   9.6964567215568481E-002   1.9642644227378030     
  0.11842995645747310       -2.0900923576082753     
  0.14416104292042672        1.8371963281119172     
  0.17483851006932644       -1.4623759442662851     
  0.21159335649904049      -0.72023743130165474     
  0.25709616209838343        1.7191643431737713     
  0.31264156338248622       0.76891610494575657     
  0.37951482899164635      -0.22048213877041881     
  0.46065736128088758      -0.14965474495604708     
  0.55924736126635322      -0.89429234555911064     
  0.67897524277408394        1.6575324055470320     
  0.82441551550693815       0.66159679110541580     
   1.0009764843865627       -2.4695319484970160     
   1.2153763263333666        5.0496450854967873E-002
   1.4765846423066622      -0.35775054335589046     
   1.2566370614360001E-002  -6.6458487732295763     
   1.7771531752634635E-002   4.5711031195247402     
   2.1765592370812048E-002  -2.1609463342840822     
   2.5132741228720001E-002  0.96166613111891075     
   2.9562133651285849E-002 -0.42973894757651393     
   3.8019517526813901E-002  0.16327110473347320     
   4.5116083860089251E-002 -0.16538278042016100     
   5.5056809371101592E-002  0.28557834668015286     
   6.5848341545415051E-002 -0.21245082770843043     
   7.9166690278415927E-002  0.16918876904278504     
   9.6964567215568481E-002  -9.1987892649177075E-002
  0.11842995645747310       -2.5075904910800053E-003
  0.14416104292042672        7.3194407261649427E-002
  0.17483851006932644       0.17744044367854478     
  0.21159335649904049      -0.58030473549940709     
  0.25709616209838343       -5.9659585133961093E-002
  0.31264156338248622      -0.19140092820472293     
  0.37951482899164635      -0.93138382563559186     
  0.46065736128088758       -1.2220355002983017     
  0.55924736126635322       -4.0203219878815775     
  0.67897524277408394       -8.4120971176245138     
  0.82441551550693815       -19.217390724850016     
   1.0009764843865627       -44.688527752962493     
   1.2153763263333666       -102.15409955166398     
   1.4765846423066622       -234.65976573094341     
