   455308184216.96210        1.0095563443499172E-013   1.4930236224944568E-014
   503431722320.36792        9.1489522505721732E-014   1.2348206009205748E-014
   556641650257.88843        7.9458377042221936E-014   1.0211740321274470E-014
   615475571093.72388        5.9281551291089187E-014   8.4444703988901165E-015
   680527909540.44580        5.0951526599680192E-014   6.9823075968434907E-015
   752455917690.62463        3.8554220357777426E-014   5.7728582940362810E-015
   831986315520.81787        3.6210538801190910E-014   4.7722823832871817E-015
   919922633259.83630        2.7192289043130740E-014   3.9447182739292770E-015
   1017153329804.4224        2.4610165532035509E-014   3.2603257804662797E-015
   1124660769206.2258        1.9817308599422367E-014   2.6942352051731903E-015
   1243531145923.4409        1.6001333155490443E-014   2.2261776796555875E-015
   1374965459116.2439        1.3790215565485669E-014   1.8391030739439090E-015
   1520291646864.0950        1.1599768002060041E-014   1.5191120517244529E-015
   1680978002902.2117        9.0982669338028681E-015   1.2545330989767590E-015
   1858648011432.3140        7.9184438138348409E-015   1.0358596009855319E-015
   2055096749890.2207        6.1839439812724935E-015   8.5509908678037239E-016
   2272309025394.5869        5.2654985378989813E-015   7.0572155864717856E-016
   2512479428117.1997        4.3687279068954567E-015   5.8230915259056394E-016
   2778034504182.7896        3.6184096342753907E-015   4.8033819361376270E-016
   3071657272120.8115        3.0350228465585525E-015   3.9611915366899687E-016
   3396314330569.5435        2.4517418824543699E-015   3.2655373038766234E-016
   3755285831113.4990        2.0255931453250017E-015   2.6912527967320698E-016
   4152198619082.7471        1.6931306909201980E-015   2.2170985580458225E-016
   4591062877150.0273        1.3878814625195357E-015   1.8258877772198519E-016
   5076312641951.9277        1.1318376455792559E-015   1.5030739174610666E-016
   5612850603091.1680        9.4782444498065306E-016   1.2368039394403592E-016
   6206097637143.7676        7.7672224448377417E-016   1.0172543347162192E-016
   6862047577134.8047        6.4002828401639870E-016   8.3623051813254325E-017
   7587327770842.6162        5.2337735910891132E-016   6.8707410813323713E-017
   8389266039778.2578        4.3605357862199904E-016   5.6417462565452123E-017
   9275964715355.9961        3.5647213190631557E-016   4.6300061690952190E-017
   10256382500274.547        2.9217920003170826E-016   3.7971325628549128E-017
   11340424982190.203        2.3981210622254943E-016   3.1120278453952643E-017
   12539044714180.770        1.9640539852346554E-016   2.5485545129387388E-017
   13864351873156.953        1.6107497462958101E-016   2.0854579699676469E-017
   15329736614251.266        1.3275518416777562E-016   1.7051048286080497E-017
   16950004357384.064        1.0814300563065928E-016   1.3927767152799337E-017
   18741525372865.723        8.7825787787395989E-017   1.1366283586667617E-017
   20722400177363.582        7.1560748408490823E-017   9.2660712583466885E-018
   22912642411301.066        5.8387805757018509E-017   7.5459644250599960E-018
   25334381045378.711        4.7525497541906044E-017   6.1377263105274314E-018
   28012083959197.953        3.8177927813293639E-017   4.9861897355003981E-018
   30972805150899.453        3.2169517987228476E-017   4.0450749964933523E-018
   34246458075482.980        2.5273713545337325E-017   3.2769783726228034E-018
   37866117873464.703        2.0505788034828333E-017   2.6505362335134572E-018
   41868355543419.266        1.6481193132289099E-017   2.1403521672745184E-018
   46293607434697.734        1.3514881010758136E-017   1.7254205831261057E-018
   51186583793467.156        1.0864007389336577E-017   1.3882523407362920E-018
   56596720489789.625        8.8130022852860843E-018   1.1148031575798657E-018
   62578678489737.062        6.8742411827653807E-018   8.9326090151903664E-019
   69192896118925.578        5.6293455876562824E-018   7.1415364867198833E-019
   76506199697227.750        4.4056727971174595E-018   5.6954121214530433E-019
   84592478714171.516        3.3795589935634494E-018   4.5304551137767232E-019
   93533432366617.016        2.7850602072695118E-018   3.5935524058318916E-019
   103419395001306.55        2.1925318508053611E-018   2.8418286122793899E-019
   114350248802091.66        1.7630049455399478E-018   2.2403079622309822E-019
   126436432943115.47        1.3936728391284640E-018   1.7599733961907319E-019
   139800059403863.05        1.0503752240909189E-018   1.3776722190481143E-019
   154576146719645.50        8.0940432255986503E-019   1.0741440484886839E-019
   170913984132635.69        6.4122699422361216E-019   8.3403630550452822E-020
   188978639926067.34        5.1886388537500551E-019   6.4466312728116028E-020
   208952629180955.53        3.7213642251719988E-019   4.9592830935045920E-020
   231037757805406.66        2.7834527556692132E-019   3.7952918910156351E-020
   255457161467555.31        2.2805965003585960E-019   2.8885171108952789E-020
   282457560032351.88        1.5863924938689093E-019   2.1855595662332267E-020
   312311750279752.94        1.2079403038972854E-019   1.6431164846006147E-020
   345321362089338.19        9.1500299613319663E-020   1.2270230665487553E-020
   381819905938283.00        6.7953915907668764E-020   9.0958096322340643E-021
   422176142502886.50        5.5048389628944110E-020   6.6906959626594552E-021
   466797808408205.12        3.7510195450915164E-020   4.8801443055109483E-021
   516135735768663.31        2.3901393580675545E-020   3.5278955937933829E-021
   570688407141152.38        2.2871795129731120E-020   2.5256679181949645E-021
   631006991911294.25        1.4505046437308142E-020   1.7895403161337615E-021
   697700914997662.00        7.1866535902752932E-021   1.2540336711240571E-021
   771444014137016.88        6.1901659421383308E-021   8.6827311448586828E-022
   852981347960290.50        4.6653681955225194E-021   5.9352898639431712E-022
   943136723644249.75        3.9662369572091691E-021   4.0011016098733837E-022
   1042821020194007.4        1.9080321431416499E-021   2.6576233301871737E-022
   1153041391450117.2        8.9733355734715352E-022   1.7370821660644162E-022
   1274911441802237.8        4.3699198943037011E-022   1.1161001927581037E-022
   1409662477419032.8        6.2105920069282351E-022   7.0388320789174741E-023
   1558655946670379.0        3.5744006782949207E-022   4.3512629674795290E-023
   1723397195432886.2        1.8472686680441288E-022   2.6329319012550302E-023
   1905550676254563.8        8.3534321112250356E-023   1.5565551254841440E-023
   2106956765043448.2        0.0000000000000000        8.9760872891465671E-024
   2329650355186525.0        0.0000000000000000        5.0381300355527739E-024
   2575881416963383.0        0.0000000000000000        2.7469508250450953E-024
   2848137729975369.0        0.0000000000000000        1.4512697077749912E-024
   3149170018265853.5        0.0000000000000000        7.4122872231720996E-025
   3482019742082599.5        0.0000000000000000        3.6491892763267626E-025
   3850049827074603.0        0.0000000000000000        1.7267900703714400E-025
   4256978641393801.0        0.0000000000000000        7.8293150570916705E-026
   4706917563987135.0        0.0000000000000000        3.3887144087338081E-026
   5204412523647679.0        0.0000000000000000        1.3951083191972594E-026
   5754489928512107.0        0.0000000000000000        5.4392140130003318E-027
   6362707450050128.0        0.0000000000000000        1.9996373369885313E-027
   7035210174638544.0        0.0000000000000000        6.8960826500670849E-028
   7778792690043883.0        0.0000000000000000        2.2194683210837836E-028
   8600967734100285.0        0.0000000000000000        6.6257052081729194E-029
   9510042099170130.0        0.0000000000000000        1.8230697489242860E-029
