   1.2566370614360001E-002  0.71960315827154298        0.0000000000000000                3  0.38519897170540607        6.2133792805963868        2.9555884893570621     
   1.7771531752634635E-002  0.11099118087105028        0.0000000000000000                5  0.29267242671057730       0.27660992774200754       0.45963789942565686     
   2.1765592370812048E-002  -2.4882709938137588        0.0000000000000000                4   2.2171754952003111       -2.3637707775887979        1.9372835192275817     
   2.5132741228720001E-002  0.84286245823711159        0.0000000000000000                3   4.3912383258874632       0.41172340818127690        1.7724068933188988     
   2.9562133651285849E-002  -2.1881715020726702        0.0000000000000000               22   3.2431382930497272       -1.0931786022012469        1.5055876082304704     
   3.8019517526813901E-002  -6.0724084739192570        0.0000000000000000               30   6.2292395785599144       -2.3948046670520560        2.4026630391297212     
   4.5116083860089251E-002   2.4054998559721237        0.0000000000000000               50   9.1745316027699264       0.46108162634586669        1.6945887011293377     
   5.5056809371101592E-002  -4.9838015853624631        0.0000000000000000              100   11.537392830244375      -0.64620357508261894        1.4411657541463037     
   6.5848341545415051E-002  -27.390194296112238        0.0000000000000000              138   14.160024296038443       -2.4415931186088939        1.2113302087239912     
   7.9166690278415927E-002   15.537785077271565        0.0000000000000000              297   16.629523152086652        1.0053853571110212        1.0341564559687095     
   9.6964567215568481E-002   35.809732206072049        0.0000000000000000              559   22.002733805294149        2.0378594169168003        1.2521310694255710     
  0.11842995645747310        45.372942277932282        0.0000000000000000              992   29.662313855742926        1.7687849036261387        1.1563334957049098     
  0.14416104292042672        53.164764116911911        0.0000000000000000             1795   41.807329035101802        1.6189963362236124        1.2731348226483286     
  0.17483851006932644        136.51266546954150        0.0000000000000000             3101   54.974510588572066        3.2786316634940182        1.3203256304521773     
  0.21159335649904049        186.79146682015514        0.0000000000000000             5565   73.732125116295649        3.6489754672743557        1.4403587073836051     
  0.25709616209838343        121.11794509919781        0.0000000000000000            10259   96.001611960178053        1.8503426041598992        1.4666354563104331     
  0.31264156338248622        226.29108902566389        0.0000000000000000            18325   127.78317468463038        2.8575164230752148        1.6135965487028485     
  0.37951482899164635        177.20867824754865        0.0000000000000000            32557   169.45323150794749        1.8755705783233116        1.7934871957802188     
  0.46065736128088758        8.4604234378890038        0.0000000000000000            58572   226.68884220330904        7.5901687399093531E-002   2.0337121143041941     
  0.55924736126635322       -403.89842641853176        0.0000000000000000           104783   299.75376883379147       -3.0883140368411857        2.2919964806353881     
  0.67897524277408394       -1129.7801044121120        0.0000000000000000           187943   403.53461426069191       -7.4425970686519323        2.6583452173279536     
  0.82441551550693815       -1475.5937149484898        0.0000000000000000           336702   533.40769112943633       -8.4518282432886256        3.0552245807258136     
   1.0009764843865627        996.83810650522457        0.0000000000000000           602918   712.93207594894341        5.0056719909728740        3.5800237779383766     
   1.2153763263333666        2311.0029144575933        0.0000000000000000          1080186   947.11082439367942        10.252628436317787        4.2018014385767675     
   1.4765846423066622       -268.95925805820531        0.0000000000000000          1946989   1256.4380304823860       -1.0612194136683644        4.9574661963508291     
