   6.2831853071800003E-003   1.0009322627624277     
   8.8857658763173177E-003  0.97934171379137658     
   1.0882796185406024E-002  0.88623163109310577     
   1.2566370614360001E-002   1.0269087750441639     
   1.4781066825642925E-002  0.94955517417823732     
   1.9009758763406950E-002   1.0598485977739693     
   2.2558041930044626E-002   1.0402533864701666     
   2.7528404685550796E-002   1.0191070456939115     
   3.2924170772707526E-002  0.97111205889308916     
   3.9583345139207964E-002  0.98283340365654137     
   4.8482283607784241E-002   1.0221151752841782     
   5.9214978228736552E-002  0.99280281586315355     
   7.2080521460213362E-002   1.0053433104948648     
   8.7419255034663218E-002   1.0213446084029862     
  0.10579667824952024        1.0512685230175378     
  0.12854808104919171       0.99464242684488513     
  0.15632078169124311        1.1082584186088169     
  0.18975741449582317        1.0790098423590453     
  0.23032868064044379        1.1771334275909648     
  0.27962368063317661        1.2437569784363181     
  0.33948762138704197        1.3381798469782871     
  0.41220775775346907        1.4572767129903961     
  0.50048824219328136        1.6059509639523830     
  0.60768816316668328        1.8000829267842968     
  0.73829232115333110        2.0440171612956042     
   6.2831853071800003E-003  0.98898825228289355     
   8.8857658763173177E-003   1.0175289769712184     
   1.0882796185406024E-002  0.89324195400110828     
   1.2566370614360001E-002   1.1453442440593005     
   1.4781066825642925E-002  0.93543311845637611     
   1.9009758763406950E-002  0.99697389934176062     
   2.2558041930044626E-002   1.0371972854076257     
   2.7528404685550796E-002   1.0065770307642001     
   3.2924170772707526E-002  0.96184203765504450     
   3.9583345139207964E-002  0.99880491530944593     
   4.8482283607784241E-002   1.0130352687107214     
   5.9214978228736552E-002   1.0038426711854365     
   7.2080521460213362E-002   1.0021580035598971     
   8.7419255034663218E-002   1.0152149828157229     
  0.10579667824952024        1.0547050984491477     
  0.12854808104919171       0.98376634492092008     
  0.15632078169124311        1.1006682382046897     
  0.18975741449582317        1.0788823837360499     
  0.23032868064044379        1.1799124530006051     
  0.27962368063317661        1.2620879007723218     
  0.33948762138704197        1.3529573972036815     
  0.41220775775346907        1.4723893548602782     
  0.50048824219328136        1.6180300507299938     
  0.60768816316668328        1.7968297672045481     
  0.73829232115333110        2.0094368417399422     
   6.2831853071800003E-003  0.79375006993441710     
   8.8857658763173177E-003   1.0406721442498623     
   1.0882796185406024E-002  0.79286451675693637     
   1.2566370614360001E-002  0.67246768371486620     
   1.4781066825642925E-002   1.0078810642967362     
   1.9009758763406950E-002   1.0406787268119124     
   2.2558041930044626E-002  0.99113075302323483     
   2.7528404685550796E-002   1.0712344679438610     
   3.2924170772707526E-002  0.98963681548332982     
   3.9583345139207964E-002  0.99070682701597712     
   4.8482283607784241E-002   1.0187957217099097     
   5.9214978228736552E-002  0.99479342147116367     
   7.2080521460213362E-002   1.0198731843991946     
   8.7419255034663218E-002   1.0256101837022322     
  0.10579667824952024        1.0512652790871253     
  0.12854808104919171        1.0057943095432922     
  0.15632078169124311        1.1080466634810486     
  0.18975741449582317        1.0802838703250739     
  0.23032868064044379        1.1660148797608358     
  0.27962368063317661        1.2418696246515424     
  0.33948762138704197        1.3244931978947447     
  0.41220775775346907        1.4248560628507005     
  0.50048824219328136        1.5427147840595417     
  0.60768816316668328        1.6823727803487876     
  0.73829232115333110        1.8364409291868626     
   6.2831853071800003E-003   1.0901361817875079     
   8.8857658763173177E-003   1.2206280396063431     
   1.0882796185406024E-002  0.83167888482012520     
   1.2566370614360001E-002  0.81892019916942149     
   1.4781066825642925E-002   1.0132419801112205     
   1.9009758763406950E-002   1.0456694261101362     
   2.2558041930044626E-002  0.95012498388203037     
   2.7528404685550796E-002  0.95448897786448816     
   3.2924170772707526E-002   1.0831452777018795     
   3.9583345139207964E-002   1.0148291760244539     
   4.8482283607784241E-002   1.0145867366791743     
   5.9214978228736552E-002   1.0054652081644644     
   7.2080521460213362E-002  0.98845145681203594     
   8.7419255034663218E-002   1.0172988812644208     
  0.10579667824952024        1.0286382355452750     
  0.12854808104919171       0.95802215825336379     
  0.15632078169124311        1.0669045618044140     
  0.18975741449582317        1.0342926736883289     
  0.23032868064044379        1.1097000794234710     
  0.27962368063317661        1.1550510053591778     
  0.33948762138704197        1.2263647498016506     
  0.41220775775346907        1.3088099314062742     
  0.50048824219328136        1.3724731380379003     
  0.60768816316668328        1.4832384442301447     
  0.73829232115333110        1.5444914584534513     
   6.2831853071800003E-003   1.3975640423009381     
   8.8857658763173177E-003   1.4340529562361879     
   1.0882796185406024E-002   1.8430049247640243     
   1.2566370614360001E-002  0.85605045396065382     
   1.4781066825642925E-002   1.4507168924438676     
   1.9009758763406950E-002   1.2217911097016954     
   2.2558041930044626E-002  0.98115117923229100     
   2.7528404685550796E-002  0.88016369309020148     
   3.2924170772707526E-002   1.1612002979914144     
   3.9583345139207964E-002  0.94983423426416946     
   4.8482283607784241E-002  0.94181681003449058     
   5.9214978228736552E-002   1.0488428643444465     
   7.2080521460213362E-002   1.0105989287406940     
   8.7419255034663218E-002  0.98311413547664528     
  0.10579667824952024       0.99730896756287934     
  0.12854808104919171       0.92777226772616794     
  0.15632078169124311       0.99524675557649300     
  0.18975741449582317       0.97111508872462105     
  0.23032868064044379        1.0837486676308994     
  0.27962368063317661        1.1012288763211704     
  0.33948762138704197        1.1717583239916409     
  0.41220775775346907        1.2152855192415488     
  0.50048824219328136        1.2859243677707848     
  0.60768816316668328        1.3269773511819434     
  0.73829232115333110        1.3361306784017069     
   6.2831853071800003E-003   2.5493659995702074     
   8.8857658763173177E-003  0.11554156627635358     
   1.0882796185406024E-002   1.2119404461137524     
   1.2566370614360001E-002   2.0588710488092419     
   1.4781066825642925E-002   1.0276217471040088     
   1.9009758763406950E-002   1.4547205055417458     
   2.2558041930044626E-002   1.2501929551331015     
   2.7528404685550796E-002   1.1280818627624212     
   3.2924170772707526E-002  0.94052802106586397     
   3.9583345139207964E-002  0.98832320679102825     
   4.8482283607784241E-002  0.86965884618852629     
   5.9214978228736552E-002  0.87405749408676836     
   7.2080521460213362E-002  0.90466962686284036     
   8.7419255034663218E-002  0.92731404360721315     
  0.10579667824952024       0.96350210764476862     
  0.12854808104919171       0.87318360479636115     
  0.15632078169124311       0.94353541984502409     
  0.18975741449582317       0.92508211803121987     
  0.23032868064044379       0.99947918075112729     
  0.27962368063317661       0.97862284660145960     
  0.33948762138704197        1.1079459354236003     
  0.41220775775346907        1.1561311186150192     
  0.50048824219328136        1.2260527191169983     
  0.60768816316668328        1.1578477661329680     
  0.73829232115333110        1.0605018949307305     
   6.2831853071800003E-003  -5.5751657545532565     
   8.8857658763173177E-003   3.4425483224557949     
   1.0882796185406024E-002  0.70327058269638631     
   1.2566370614360001E-002   2.4492202185439154     
   1.4781066825642925E-002  0.32738404444943037     
   1.9009758763406950E-002   4.3639374705593563E-003
   2.2558041930044626E-002   1.7461244719950726     
   2.7528404685550796E-002  0.95879814535797947     
   3.2924170772707526E-002  0.59864023772041419     
   3.9583345139207964E-002   1.5050209747643202     
   4.8482283607784241E-002  0.91738440449533476     
   5.9214978228736552E-002  0.74000827975235806     
   7.2080521460213362E-002   1.1502484871823075     
   8.7419255034663218E-002  0.77082073582990651     
  0.10579667824952024       0.66315252402070513     
  0.12854808104919171       0.86345293324577510     
  0.15632078169124311       0.91328919592669722     
  0.18975741449582317       0.81077656469211723     
  0.23032868064044379       0.84111647536337431     
  0.27962368063317661        1.0417886700194838     
  0.33948762138704197        1.0272426014549698     
  0.41220775775346907        1.0767311285513321     
  0.50048824219328136       0.96329067614920438     
  0.60768816316668328       0.96413795774792599     
  0.73829232115333110       0.69816805899466472     
   6.2831853071800003E-003  -7.5620106229361106     
   8.8857658763173177E-003  -3.5109696699431590     
   1.0882796185406024E-002   2.7358020431070269     
   1.2566370614360001E-002  -1.6588285671267460     
   1.4781066825642925E-002  0.77033904967702105     
   1.9009758763406950E-002  -1.1623618484035818     
   2.2558041930044626E-002   1.5070455920296753     
   2.7528404685550796E-002   1.8175720288352775     
   3.2924170772707526E-002   2.6783646554467899     
   3.9583345139207964E-002  0.80856988960327847     
   4.8482283607784241E-002  0.11764328496264033     
   5.9214978228736552E-002  0.49895783293962653     
   7.2080521460213362E-002  0.87752254550970232     
   8.7419255034663218E-002  0.81910792187853532     
  0.10579667824952024       0.66590336869826239     
  0.12854808104919171       0.81077574274718212     
  0.15632078169124311        1.3066406845974152     
  0.18975741449582317       0.66066325275527704     
  0.23032868064044379       0.51333629407594972     
  0.27962368063317661        1.0298260445672269     
  0.33948762138704197       0.90699600907492095     
  0.41220775775346907       0.93290754411676002     
  0.50048824219328136       0.64997855114953329     
  0.60768816316668328       0.49869260909012730     
  0.73829232115333110       0.38532603383818637     
   6.2831853071800003E-003  0.98898825228289355     
   8.8857658763173177E-003   1.0175289769712184     
   1.0882796185406024E-002  0.89324195400110828     
   1.2566370614360001E-002   1.1453442440593005     
   1.4781066825642925E-002  0.93543311845637611     
   1.9009758763406950E-002  0.99697389934176062     
   2.2558041930044626E-002   1.0371972854076257     
   2.7528404685550796E-002   1.0065770307642001     
   3.2924170772707526E-002  0.96184203765504450     
   3.9583345139207964E-002  0.99880491530944593     
   4.8482283607784241E-002   1.0130352687107214     
   5.9214978228736552E-002   1.0038426711854365     
   7.2080521460213362E-002   1.0021580035598971     
   8.7419255034663218E-002   1.0152149828157229     
  0.10579667824952024        1.0547050984491477     
  0.12854808104919171       0.98376634492092008     
  0.15632078169124311        1.1006682382046897     
  0.18975741449582317        1.0788823837360499     
  0.23032868064044379        1.1799124530006051     
  0.27962368063317661        1.2620879007723218     
  0.33948762138704197        1.3529573972036815     
  0.41220775775346907        1.4723893548602782     
  0.50048824219328136        1.6180300507299938     
  0.60768816316668328        1.7968297672045481     
  0.73829232115333110        2.0094368417399422     
   6.2831853071800003E-003  0.91562408616765756     
   8.8857658763173177E-003   1.0112718052306398     
   1.0882796185406024E-002  0.87547798880138805     
   1.2566370614360001E-002   1.3142076137311751     
   1.4781066825642925E-002  0.92831871732188509     
   1.9009758763406950E-002  0.93118734829015548     
   2.2558041930044626E-002   1.0259009620640573     
   2.7528404685550796E-002  0.98747706101222621     
   3.2924170772707526E-002  0.95345550192118900     
   3.9583345139207964E-002   1.0194669513592254     
   4.8482283607784241E-002   1.0069965974311492     
   5.9214978228736552E-002   1.0189802322210169     
   7.2080521460213362E-002   1.0036077701230486     
   8.7419255034663218E-002   1.0231310566460747     
  0.10579667824952024        1.0679997177159353     
  0.12854808104919171       0.99942171464124008     
  0.15632078169124311        1.1390036413186477     
  0.18975741449582317        1.1318418513531789     
  0.23032868064044379        1.2540520924150234     
  0.27962368063317661        1.3709385218212269     
  0.33948762138704197        1.4810017328412974     
  0.41220775775346907        1.6272106561192996     
  0.50048824219328136        1.8104094097807690     
  0.60768816316668328        2.0196879377683690     
  0.73829232115333110        2.2602520242486421     
   6.2831853071800003E-003  0.79081219420529725     
   8.8857658763173177E-003   1.0722115997207171     
   1.0882796185406024E-002  0.82960420412535818     
   1.2566370614360001E-002  0.73647430350537790     
   1.4781066825642925E-002  0.98359018850760016     
   1.9009758763406950E-002  0.97895475443705460     
   2.2558041930044626E-002  0.99213084642565152     
   2.7528404685550796E-002   1.0316279457903057     
   3.2924170772707526E-002  0.97283429513047359     
   3.9583345139207964E-002   1.0101967324651056     
   4.8482283607784241E-002   1.0125631542045390     
   5.9214978228736552E-002   1.0057010630864531     
   7.2080521460213362E-002   1.0282673770920325     
   8.7419255034663218E-002   1.0402672412939251     
  0.10579667824952024        1.0884232006196000     
  0.12854808104919171        1.0483701920305240     
  0.15632078169124311        1.1848849248561260     
  0.18975741449582317        1.1641143009707371     
  0.23032868064044379        1.2934170319868767     
  0.27962368063317661        1.4137066392918094     
  0.33948762138704197        1.5247580985924385     
  0.41220775775346907        1.6837792200740949     
  0.50048824219328136        1.8547232237417262     
  0.60768816316668328        2.0119209458119927     
  0.73829232115333110        2.1791925745239662     
   6.2831853071800003E-003   1.0392768609896363     
   8.8857658763173177E-003   1.2858205693115954     
   1.0882796185406024E-002  0.78476013687494539     
   1.2566370614360001E-002  0.86453462588487451     
   1.4781066825642925E-002  0.96932545257750091     
   1.9009758763406950E-002  0.96001853496276202     
   2.2558041930044626E-002  0.92877581230698647     
   2.7528404685550796E-002  0.93844716073380485     
   3.2924170772707526E-002   1.0529506420813906     
   3.9583345139207964E-002   1.0411649315928195     
   4.8482283607784241E-002   1.0055107861057389     
   5.9214978228736552E-002   1.0158492823652963     
   7.2080521460213362E-002   1.0101025203534062     
   8.7419255034663218E-002   1.0382880091930660     
  0.10579667824952024        1.0824902827477856     
  0.12854808104919171        1.0052708525371497     
  0.15632078169124311        1.1485487097221740     
  0.18975741449582317        1.1367559947314427     
  0.23032868064044379        1.2507517489777327     
  0.27962368063317661        1.3312212123996165     
  0.33948762138704197        1.4229093414863423     
  0.41220775775346907        1.5385712183426903     
  0.50048824219328136        1.6328666806436665     
  0.60768816316668328        1.7532939579690034     
  0.73829232115333110        1.7911718540416139     
   6.2831853071800003E-003   1.1349793627010523     
   8.8857658763173177E-003   1.3154817842829627     
   1.0882796185406024E-002   1.7704563366905350     
   1.2566370614360001E-002  0.86949393439721567     
   1.4781066825642925E-002   1.3041125355437575     
   1.9009758763406950E-002   1.0616939827465006     
   2.2558041930044626E-002  0.96586760235300362     
   2.7528404685550796E-002  0.82863389536948906     
   3.2924170772707526E-002   1.1118352188169922     
   3.9583345139207964E-002  0.94556659387357511     
   4.8482283607784241E-002  0.90287851123339424     
   5.9214978228736552E-002   1.0380827769036736     
   7.2080521460213362E-002  0.98938195278839591     
   8.7419255034663218E-002  0.98532113627340778     
  0.10579667824952024       0.98194391044521812     
  0.12854808104919171       0.95332516315456617     
  0.15632078169124311        1.0675755943349103     
  0.18975741449582317        1.0414501700234824     
  0.23032868064044379        1.1773389542500223     
  0.27962368063317661        1.2018163044298031     
  0.33948762138704197        1.2674178276244914     
  0.41220775775346907        1.3144960145962161     
  0.50048824219328136        1.3422127950417633     
  0.60768816316668328        1.2918331074753062     
  0.73829232115333110        1.1689758117592086     
   6.2831853071800003E-003   2.3608103191446981     
   8.8857658763173177E-003  -2.0066012328888022E-002
   1.0882796185406024E-002   1.1934538572040485     
   1.2566370614360001E-002   2.4283314120549258     
   1.4781066825642925E-002  0.95076981870490362     
   1.9009758763406950E-002   1.2924281662269845     
   2.2558041930044626E-002   1.2912507185957864     
   2.7528404685550796E-002   1.1038259983458409     
   3.2924170772707526E-002  0.92602541222948731     
   3.9583345139207964E-002   1.0082863246312572     
   4.8482283607784241E-002  0.89053623328604892     
   5.9214978228736552E-002  0.84363128621806149     
   7.2080521460213362E-002  0.85801151203995685     
   8.7419255034663218E-002  0.94880020225029105     
  0.10579667824952024       0.96395780077017268     
  0.12854808104919171       0.88110374426428040     
  0.15632078169124311        1.0816968369380122     
  0.18975741449582317       0.93503735031350699     
  0.23032868064044379        1.0227239048932775     
  0.27962368063317661        1.0523219057858255     
  0.33948762138704197        1.0771735940051266     
  0.41220775775346907        1.1657635025636122     
  0.50048824219328136        1.1539011123651468     
  0.60768816316668328        1.1632521086179959     
  0.73829232115333110       0.94549349495500701     
   6.2831853071800003E-003  -5.5082281620090248     
   8.8857658763173177E-003   3.3912874705455347     
   1.0882796185406024E-002   1.2185445337666256     
   1.2566370614360001E-002   3.0775591768158268     
   1.4781066825642925E-002  0.27990816420062314     
   1.9009758763406950E-002  -4.8604817620544041E-002
   2.2558041930044626E-002   1.4927009792163266     
   2.7528404685550796E-002  0.89217808814567601     
   3.2924170772707526E-002  0.55484298057937376     
   3.9583345139207964E-002   1.3474717851273781     
   4.8482283607784241E-002  0.93408275381084038     
   5.9214978228736552E-002  0.65628336104001872     
   7.2080521460213362E-002   1.0794876419789736     
   8.7419255034663218E-002  0.72992540954174912     
  0.10579667824952024       0.63460375744955722     
  0.12854808104919171       0.76990366201348559     
  0.15632078169124311       0.88497158966471245     
  0.18975741449582317       0.95224847253840939     
  0.23032868064044379       0.83237622370570108     
  0.27962368063317661       0.98103940146460000     
  0.33948762138704197        1.0339286783871671     
  0.41220775775346907       0.86501327514316995     
  0.50048824219328136       0.80408148311577210     
  0.60768816316668328       0.72895815163630484     
  0.73829232115333110       0.30299950758300526     
   6.2831853071800003E-003  -7.7792862207558295     
   8.8857658763173177E-003  -2.8105552258932121     
   1.0882796185406024E-002   3.2194294518294093     
   1.2566370614360001E-002 -0.47532557536214787     
   1.4781066825642925E-002   1.2960927270963567     
   1.9009758763406950E-002 -0.46494719538296952     
   2.2558041930044626E-002   1.2999457559128660     
   2.7528404685550796E-002   1.8299203797900145     
   3.2924170772707526E-002   2.5055033779129960     
   3.9583345139207964E-002  0.56730186018913054     
   4.8482283607784241E-002   8.3533727673539351E-002
   5.9214978228736552E-002  0.43772016465422220     
   7.2080521460213362E-002   1.0022994450715341     
   8.7419255034663218E-002  0.71463277831327576     
  0.10579667824952024       0.84476843669892665     
  0.12854808104919171       0.85357981791562421     
  0.15632078169124311        1.2932755389699973     
  0.18975741449582317       0.65369152249036333     
  0.23032868064044379       0.79043844938239427     
  0.27962368063317661        1.2789003034912130     
  0.33948762138704197        1.2542624686841239     
  0.41220775775346907       0.98443726434231893     
  0.50048824219328136       0.69602268628760899     
  0.60768816316668328       0.67324854065275275     
  0.73829232115333110       -8.8873592517177691E-002
   6.2831853071800003E-003  0.79375006993441710     
   8.8857658763173177E-003   1.0406721442498623     
   1.0882796185406024E-002  0.79286451675693637     
   1.2566370614360001E-002  0.67246768371486620     
   1.4781066825642925E-002   1.0078810642967362     
   1.9009758763406950E-002   1.0406787268119124     
   2.2558041930044626E-002  0.99113075302323483     
   2.7528404685550796E-002   1.0712344679438610     
   3.2924170772707526E-002  0.98963681548332982     
   3.9583345139207964E-002  0.99070682701597712     
   4.8482283607784241E-002   1.0187957217099097     
   5.9214978228736552E-002  0.99479342147116367     
   7.2080521460213362E-002   1.0198731843991946     
   8.7419255034663218E-002   1.0256101837022322     
  0.10579667824952024        1.0512652790871253     
  0.12854808104919171        1.0057943095432922     
  0.15632078169124311        1.1080466634810486     
  0.18975741449582317        1.0802838703250739     
  0.23032868064044379        1.1660148797608358     
  0.27962368063317661        1.2418696246515424     
  0.33948762138704197        1.3244931978947447     
  0.41220775775346907        1.4248560628507005     
  0.50048824219328136        1.5427147840595417     
  0.60768816316668328        1.6823727803487876     
  0.73829232115333110        1.8364409291868626     
   6.2831853071800003E-003  0.79081219420529725     
   8.8857658763173177E-003   1.0722115997207171     
   1.0882796185406024E-002  0.82960420412535818     
   1.2566370614360001E-002  0.73647430350537790     
   1.4781066825642925E-002  0.98359018850760016     
   1.9009758763406950E-002  0.97895475443705460     
   2.2558041930044626E-002  0.99213084642565152     
   2.7528404685550796E-002   1.0316279457903057     
   3.2924170772707526E-002  0.97283429513047359     
   3.9583345139207964E-002   1.0101967324651056     
   4.8482283607784241E-002   1.0125631542045390     
   5.9214978228736552E-002   1.0057010630864531     
   7.2080521460213362E-002   1.0282673770920325     
   8.7419255034663218E-002   1.0402672412939251     
  0.10579667824952024        1.0884232006196000     
  0.12854808104919171        1.0483701920305240     
  0.15632078169124311        1.1848849248561260     
  0.18975741449582317        1.1641143009707371     
  0.23032868064044379        1.2934170319868767     
  0.27962368063317661        1.4137066392918094     
  0.33948762138704197        1.5247580985924385     
  0.41220775775346907        1.6837792200740949     
  0.50048824219328136        1.8547232237417262     
  0.60768816316668328        2.0119209458119927     
  0.73829232115333110        2.1791925745239662     
   6.2831853071800003E-003  0.44447293712550390     
   8.8857658763173177E-003  0.99088894402860794     
   1.0882796185406024E-002  0.82960863468408297     
   1.2566370614360001E-002  0.22838187883238956     
   1.4781066825642925E-002   1.0657792343020729     
   1.9009758763406950E-002   1.0147616879076065     
   2.2558041930044626E-002  0.95498961696854068     
   2.7528404685550796E-002   1.1218285975594069     
   3.2924170772707526E-002   1.0181007539158877     
   3.9583345139207964E-002   1.0360143860361064     
   4.8482283607784241E-002   1.0321602994923114     
   5.9214978228736552E-002   1.0434859261362479     
   7.2080521460213362E-002   1.1031635245927693     
   8.7419255034663218E-002   1.1136318706064323     
  0.10579667824952024        1.1655687986307288     
  0.12854808104919171        1.1853075109350715     
  0.15632078169124311        1.3158055264306254     
  0.18975741449582317        1.3413374162500822     
  0.23032868064044379        1.5218011270955032     
  0.27962368063317661        1.6661829755391779     
  0.33948762138704197        1.8101488451404140     
  0.41220775775346907        2.0202671154429104     
  0.50048824219328136        2.2073980674965328     
  0.60768816316668328        2.4414021694108738     
  0.73829232115333110        2.7121119316746696     
   6.2831853071800003E-003  0.76038596935198710     
   8.8857658763173177E-003   1.3373698533249523     
   1.0882796185406024E-002  0.64795279412877305     
   1.2566370614360001E-002  0.38620039268639511     
   1.4781066825642925E-002   1.0431669165617699     
   1.9009758763406950E-002  0.91650273342720379     
   2.2558041930044626E-002  0.85712799179767984     
   2.7528404685550796E-002  0.94199379653582804     
   3.2924170772707526E-002   1.0420833567737302     
   3.9583345139207964E-002   1.0703329415310741     
   4.8482283607784241E-002   1.0382624796878925     
   5.9214978228736552E-002   1.0318530463257234     
   7.2080521460213362E-002   1.0780722439500847     
   8.7419255034663218E-002   1.1084690255291803     
  0.10579667824952024        1.2044195970049549     
  0.12854808104919171        1.1489423257476761     
  0.15632078169124311        1.3524715953449318     
  0.18975741449582317        1.3790711667913960     
  0.23032868064044379        1.5327156706772711     
  0.27962368063317661        1.7048727493328091     
  0.33948762138704197        1.8695504354430728     
  0.41220775775346907        2.0009329864294330     
  0.50048824219328136        2.1306074100050560     
  0.60768816316668328        2.2719282740918572     
  0.73829232115333110        2.3523997021997038     
   6.2831853071800003E-003  0.69229834649731392     
   8.8857658763173177E-003   1.5723273323752007     
   1.0882796185406024E-002   1.6943072632647913     
   1.2566370614360001E-002  0.63957769614938897     
   1.4781066825642925E-002   1.4226422329808073     
   1.9009758763406950E-002   1.0559231198473051     
   2.2558041930044626E-002  0.90504024403303140     
   2.7528404685550796E-002  0.87796780132390950     
   3.2924170772707526E-002   1.2046543758561259     
   3.9583345139207964E-002  0.89257955366941166     
   4.8482283607784241E-002  0.93080906940654484     
   5.9214978228736552E-002   1.0545150191710431     
   7.2080521460213362E-002   1.0399745969530265     
   8.7419255034663218E-002   1.0337502659441213     
  0.10579667824952024        1.1442957736979520     
  0.12854808104919171        1.0894439299385725     
  0.15632078169124311        1.2518411033212020     
  0.18975741449582317        1.2063722323872730     
  0.23032868064044379        1.4130121027613525     
  0.27962368063317661        1.4851447262238195     
  0.33948762138704197        1.5003817655089073     
  0.41220775775346907        1.5587100363705519     
  0.50048824219328136        1.6967853793485228     
  0.60768816316668328        1.6497161940477290     
  0.73829232115333110        1.4859194199738492     
   6.2831853071800003E-003   1.4567697639801225     
   8.8857658763173177E-003 -0.13132509990811533     
   1.0882796185406024E-002   1.0516138592425488     
   1.2566370614360001E-002   1.4334459378776725     
   1.4781066825642925E-002   1.2004719668628463     
   1.9009758763406950E-002   1.3284115132614356     
   2.2558041930044626E-002   1.2028064916941452     
   2.7528404685550796E-002  0.99056719067974830     
   3.2924170772707526E-002  0.86475550565165105     
   3.9583345139207964E-002  0.98820869621716845     
   4.8482283607784241E-002  0.90302531581473844     
   5.9214978228736552E-002  0.87235292779585294     
   7.2080521460213362E-002  0.88135162493858665     
   8.7419255034663218E-002  0.93692560607793729     
  0.10579667824952024        1.0611848163166611     
  0.12854808104919171       0.96397486021465761     
  0.15632078169124311        1.0884106393183060     
  0.18975741449582317        1.1469920134145968     
  0.23032868064044379        1.3739815253348326     
  0.27962368063317661        1.2371332329175586     
  0.33948762138704197        1.4213841226786044     
  0.41220775775346907        1.5234859088016635     
  0.50048824219328136        1.5392081324805267     
  0.60768816316668328        1.6855410294950257     
  0.73829232115333110       0.89022940848050658     
   6.2831853071800003E-003  -4.3082378316879177     
   8.8857658763173177E-003   3.7308378381207850     
   1.0882796185406024E-002   2.1320175228216840     
   1.2566370614360001E-002   2.0136488094542853     
   1.4781066825642925E-002  0.13183029560621667     
   1.9009758763406950E-002  0.17743316432400791     
   2.2558041930044626E-002   1.7370027782646253     
   2.7528404685550796E-002  0.82971990474384216     
   3.2924170772707526E-002  0.53297540454168713     
   3.9583345139207964E-002   1.4124189120489201     
   4.8482283607784241E-002  0.82928387074054843     
   5.9214978228736552E-002  0.51309986132243202     
   7.2080521460213362E-002   1.3356457470958782     
   8.7419255034663218E-002  0.88415545966856146     
  0.10579667824952024       0.78889577245958764     
  0.12854808104919171        1.0292589379131902     
  0.15632078169124311        1.0521036694399579     
  0.18975741449582317       0.74751476461246191     
  0.23032868064044379       0.78455675952022041     
  0.27962368063317661       0.86125946591268787     
  0.33948762138704197       0.71111757050601643     
  0.41220775775346907        1.2735076545310144     
  0.50048824219328136       0.81834865436610615     
  0.60768816316668328       0.95568694126755793     
  0.73829232115333110       0.42213677752060097     
   6.2831853071800003E-003  -5.0035414235706339     
   8.8857658763173177E-003  -3.2421750135432355     
   1.0882796185406024E-002   1.0067669821399470     
   1.2566370614360001E-002  0.55598924500834568     
   1.4781066825642925E-002  0.54978369573493491     
   1.9009758763406950E-002 -0.68081892780925890     
   2.2558041930044626E-002  0.81274630699705674     
   2.7528404685550796E-002   1.5666432820274621     
   3.2924170772707526E-002   2.2227757051143753     
   3.9583345139207964E-002  0.70163938024950900     
   4.8482283607784241E-002 -0.15559546908835473     
   5.9214978228736552E-002  0.53732785892766000     
   7.2080521460213362E-002  0.97970603384473498     
   8.7419255034663218E-002  0.53472197848280378     
  0.10579667824952024       0.95490377528283299     
  0.12854808104919171       0.47627853444731488     
  0.15632078169124311        1.0691316714446526     
  0.18975741449582317       0.17254786678041403     
  0.23032868064044379       0.13566356223980694     
  0.27962368063317661       0.61879427008095422     
  0.33948762138704197       0.52421856035366843     
  0.41220775775346907       0.40461802277381065     
  0.50048824219328136      -0.37982120235592448     
  0.60768816316668328        1.1646609269656139     
  0.73829232115333110       0.42305762039416017     
   6.2831853071800003E-003   1.0901361817875079     
   8.8857658763173177E-003   1.2206280396063431     
   1.0882796185406024E-002  0.83167888482012520     
   1.2566370614360001E-002  0.81892019916942149     
   1.4781066825642925E-002   1.0132419801112205     
   1.9009758763406950E-002   1.0456694261101362     
   2.2558041930044626E-002  0.95012498388203037     
   2.7528404685550796E-002  0.95448897786448816     
   3.2924170772707526E-002   1.0831452777018795     
   3.9583345139207964E-002   1.0148291760244539     
   4.8482283607784241E-002   1.0145867366791743     
   5.9214978228736552E-002   1.0054652081644644     
   7.2080521460213362E-002  0.98845145681203594     
   8.7419255034663218E-002   1.0172988812644208     
  0.10579667824952024        1.0286382355452750     
  0.12854808104919171       0.95802215825336379     
  0.15632078169124311        1.0669045618044140     
  0.18975741449582317        1.0342926736883289     
  0.23032868064044379        1.1097000794234710     
  0.27962368063317661        1.1550510053591778     
  0.33948762138704197        1.2263647498016506     
  0.41220775775346907        1.3088099314062742     
  0.50048824219328136        1.3724731380379003     
  0.60768816316668328        1.4832384442301447     
  0.73829232115333110        1.5444914584534513     
   6.2831853071800003E-003   1.0392768609896363     
   8.8857658763173177E-003   1.2858205693115954     
   1.0882796185406024E-002  0.78476013687494539     
   1.2566370614360001E-002  0.86453462588487451     
   1.4781066825642925E-002  0.96932545257750091     
   1.9009758763406950E-002  0.96001853496276202     
   2.2558041930044626E-002  0.92877581230698647     
   2.7528404685550796E-002  0.93844716073380485     
   3.2924170772707526E-002   1.0529506420813906     
   3.9583345139207964E-002   1.0411649315928195     
   4.8482283607784241E-002   1.0055107861057389     
   5.9214978228736552E-002   1.0158492823652963     
   7.2080521460213362E-002   1.0101025203534062     
   8.7419255034663218E-002   1.0382880091930660     
  0.10579667824952024        1.0824902827477856     
  0.12854808104919171        1.0052708525371497     
  0.15632078169124311        1.1485487097221740     
  0.18975741449582317        1.1367559947314427     
  0.23032868064044379        1.2507517489777327     
  0.27962368063317661        1.3312212123996165     
  0.33948762138704197        1.4229093414863423     
  0.41220775775346907        1.5385712183426903     
  0.50048824219328136        1.6328666806436665     
  0.60768816316668328        1.7532939579690034     
  0.73829232115333110        1.7911718540416139     
   6.2831853071800003E-003  0.76038596935198710     
   8.8857658763173177E-003   1.3373698533249523     
   1.0882796185406024E-002  0.64795279412877305     
   1.2566370614360001E-002  0.38620039268639511     
   1.4781066825642925E-002   1.0431669165617699     
   1.9009758763406950E-002  0.91650273342720379     
   2.2558041930044626E-002  0.85712799179767984     
   2.7528404685550796E-002  0.94199379653582804     
   3.2924170772707526E-002   1.0420833567737302     
   3.9583345139207964E-002   1.0703329415310741     
   4.8482283607784241E-002   1.0382624796878925     
   5.9214978228736552E-002   1.0318530463257234     
   7.2080521460213362E-002   1.0780722439500847     
   8.7419255034663218E-002   1.1084690255291803     
  0.10579667824952024        1.2044195970049549     
  0.12854808104919171        1.1489423257476761     
  0.15632078169124311        1.3524715953449318     
  0.18975741449582317        1.3790711667913960     
  0.23032868064044379        1.5327156706772711     
  0.27962368063317661        1.7048727493328091     
  0.33948762138704197        1.8695504354430728     
  0.41220775775346907        2.0009329864294330     
  0.50048824219328136        2.1306074100050560     
  0.60768816316668328        2.2719282740918572     
  0.73829232115333110        2.3523997021997038     
   6.2831853071800003E-003  0.60731774420190765     
   8.8857658763173177E-003   1.1045853316898353     
   1.0882796185406024E-002  0.39572635140053836     
   1.2566370614360001E-002  0.47917442190633042     
   1.4781066825642925E-002   1.0719450588924628     
   1.9009758763406950E-002   1.3864815209932182     
   2.2558041930044626E-002  0.75668523288801770     
   2.7528404685550796E-002  0.84549393335098222     
   3.2924170772707526E-002   1.1142723965978170     
   3.9583345139207964E-002   1.0509505186750276     
   4.8482283607784241E-002   1.0676480221545148     
   5.9214978228736552E-002   1.0473798126914295     
   7.2080521460213362E-002   1.1140075627358290     
   8.7419255034663218E-002   1.2143944098990076     
  0.10579667824952024        1.3272435222820187     
  0.12854808104919171        1.2701678194241033     
  0.15632078169124311        1.4576864464723895     
  0.18975741449582317        1.4606747031520391     
  0.23032868064044379        1.7132210204252434     
  0.27962368063317661        1.8373219862030330     
  0.33948762138704197        2.0219012838117854     
  0.41220775775346907        2.1160064533935277     
  0.50048824219328136        2.0963323305759913     
  0.60768816316668328        2.2854812412545700     
  0.73829232115333110        2.9501632282376247     
   6.2831853071800003E-003   1.8308243557425443     
   8.8857658763173177E-003   1.3875212576935787     
   1.0882796185406024E-002   1.1062081699657309     
   1.2566370614360001E-002  0.91277393075298441     
   1.4781066825642925E-002   1.3794893763391172     
   1.9009758763406950E-002  0.89061460042282170     
   2.2558041930044626E-002  0.82876762906926260     
   2.7528404685550796E-002  0.71453817232198347     
   3.2924170772707526E-002   1.0386296883959929     
   3.9583345139207964E-002  0.92289288258625446     
   4.8482283607784241E-002  0.93202946448684976     
   5.9214978228736552E-002   1.0843865629542229     
   7.2080521460213362E-002   1.0934101432981664     
   8.7419255034663218E-002   1.0473717925719046     
  0.10579667824952024        1.1131539295923261     
  0.12854808104919171        1.1421034168549291     
  0.15632078169124311        1.4125036392776578     
  0.18975741449582317        1.4125000299573525     
  0.23032868064044379        1.5583522060525825     
  0.27962368063317661        1.7698633221541220     
  0.33948762138704197        2.0667758802086253     
  0.41220775775346907        2.1277607756923880     
  0.50048824219328136        1.9415999494561575     
  0.60768816316668328        2.2305702051876484     
  0.73829232115333110        1.9112754740375550     
   6.2831853071800003E-003   2.7156946247615799     
   8.8857658763173177E-003 -0.52103164941901770     
   1.0882796185406024E-002  0.79121614206890600     
   1.2566370614360001E-002   1.3507518700226144     
   1.4781066825642925E-002   1.0116227181878201     
   1.9009758763406950E-002  0.99622215624312571     
   2.2558041930044626E-002  0.98006547310526548     
   2.7528404685550796E-002  0.85301039721729144     
   3.2924170772707526E-002  0.97954152927198335     
   3.9583345139207964E-002  0.96457805897883198     
   4.8482283607784241E-002  0.99962341716251535     
   5.9214978228736552E-002  0.94940198057569036     
   7.2080521460213362E-002   1.0580466244428781     
   8.7419255034663218E-002   1.2082124917662127     
  0.10579667824952024        1.2148954964868970     
  0.12854808104919171        1.1922535484397991     
  0.15632078169124311        1.5684687209523531     
  0.18975741449582317        1.3605380781323355     
  0.23032868064044379        1.4971317301283220     
  0.27962368063317661        1.9871108852363737     
  0.33948762138704197        2.1268827965613188     
  0.41220775775346907        2.2726265558619860     
  0.50048824219328136        2.4193329022192667     
  0.60768816316668328        2.2734524684985886     
  0.73829232115333110        1.9059765648862801     
   6.2831853071800003E-003  -5.9853967347355761     
   8.8857658763173177E-003   2.8290126954327186     
   1.0882796185406024E-002 -0.12190594101716699     
   1.2566370614360001E-002  -3.1385303849653523     
   1.4781066825642925E-002  0.74921458530869145     
   1.9009758763406950E-002  0.32848636158016464     
   2.2558041930044626E-002   1.2005981272011914     
   2.7528404685550796E-002  0.73208288358416118     
   3.2924170772707526E-002   1.1252513554941355     
   3.9583345139207964E-002   1.3854834129954423     
   4.8482283607784241E-002  0.94708352158340092     
   5.9214978228736552E-002  0.70714376989910932     
   7.2080521460213362E-002   1.1432315267083928     
   8.7419255034663218E-002  0.90326912722929897     
  0.10579667824952024        1.0506598863638077     
  0.12854808104919171        1.2617328990312409     
  0.15632078169124311        1.7621428052192492     
  0.18975741449582317        1.6110820332264801     
  0.23032868064044379        1.5144158416741726     
  0.27962368063317661        1.7849264766794821     
  0.33948762138704197        1.7254534409370801     
  0.41220775775346907        1.2650824834883383     
  0.50048824219328136       0.77354553924116520     
  0.60768816316668328      -0.49620151039577087     
  0.73829232115333110       -1.5932875690909780     
   6.2831853071800003E-003  -6.5650775697140107     
   8.8857658763173177E-003  -1.2351976709389145     
   1.0882796185406024E-002  0.99015659771730746     
   1.2566370614360001E-002  -8.1352923123226280     
   1.4781066825642925E-002  0.83112063691468407     
   1.9009758763406950E-002 -0.79566648319502276     
   2.2558041930044626E-002   4.0730369840914519E-003
   2.7528404685550796E-002   1.4514312626475474     
   3.2924170772707526E-002   2.5082047962266389     
   3.9583345139207964E-002  0.94032620958994551     
   4.8482283607784241E-002  0.68077022517719599     
   5.9214978228736552E-002   1.0762637442063359     
   7.2080521460213362E-002  0.69362339878624146     
   8.7419255034663218E-002   1.5722418042975790     
  0.10579667824952024        1.2309564473555126     
  0.12854808104919171        2.2469814135527253     
  0.15632078169124311        3.4156621826549043     
  0.18975741449582317        3.1920659917512499     
  0.23032868064044379        4.0236971171272469     
  0.27962368063317661        3.9164252631264325     
  0.33948762138704197        4.0928148732731886     
  0.41220775775346907        3.4584574780138690     
  0.50048824219328136        4.0490247991218693     
  0.60768816316668328        4.3315900432572461     
  0.73829232115333110        1.4668625985443748     
   6.2831853071800003E-003   1.3975640423009381     
   8.8857658763173177E-003   1.4340529562361879     
   1.0882796185406024E-002   1.8430049247640243     
   1.2566370614360001E-002  0.85605045396065382     
   1.4781066825642925E-002   1.4507168924438676     
   1.9009758763406950E-002   1.2217911097016954     
   2.2558041930044626E-002  0.98115117923229100     
   2.7528404685550796E-002  0.88016369309020148     
   3.2924170772707526E-002   1.1612002979914144     
   3.9583345139207964E-002  0.94983423426416946     
   4.8482283607784241E-002  0.94181681003449058     
   5.9214978228736552E-002   1.0488428643444465     
   7.2080521460213362E-002   1.0105989287406940     
   8.7419255034663218E-002  0.98311413547664528     
  0.10579667824952024       0.99730896756287934     
  0.12854808104919171       0.92777226772616794     
  0.15632078169124311       0.99524675557649300     
  0.18975741449582317       0.97111508872462105     
  0.23032868064044379        1.0837486676308994     
  0.27962368063317661        1.1012288763211704     
  0.33948762138704197        1.1717583239916409     
  0.41220775775346907        1.2152855192415488     
  0.50048824219328136        1.2859243677707848     
  0.60768816316668328        1.3269773511819434     
  0.73829232115333110        1.3361306784017069     
   6.2831853071800003E-003   1.1349793627010523     
   8.8857658763173177E-003   1.3154817842829627     
   1.0882796185406024E-002   1.7704563366905350     
   1.2566370614360001E-002  0.86949393439721567     
   1.4781066825642925E-002   1.3041125355437575     
   1.9009758763406950E-002   1.0616939827465006     
   2.2558041930044626E-002  0.96586760235300362     
   2.7528404685550796E-002  0.82863389536948906     
   3.2924170772707526E-002   1.1118352188169922     
   3.9583345139207964E-002  0.94556659387357511     
   4.8482283607784241E-002  0.90287851123339424     
   5.9214978228736552E-002   1.0380827769036736     
   7.2080521460213362E-002  0.98938195278839591     
   8.7419255034663218E-002  0.98532113627340778     
  0.10579667824952024       0.98194391044521812     
  0.12854808104919171       0.95332516315456617     
  0.15632078169124311        1.0675755943349103     
  0.18975741449582317        1.0414501700234824     
  0.23032868064044379        1.1773389542500223     
  0.27962368063317661        1.2018163044298031     
  0.33948762138704197        1.2674178276244914     
  0.41220775775346907        1.3144960145962161     
  0.50048824219328136        1.3422127950417633     
  0.60768816316668328        1.2918331074753062     
  0.73829232115333110        1.1689758117592086     
   6.2831853071800003E-003  0.69229834649731392     
   8.8857658763173177E-003   1.5723273323752007     
   1.0882796185406024E-002   1.6943072632647913     
   1.2566370614360001E-002  0.63957769614938897     
   1.4781066825642925E-002   1.4226422329808073     
   1.9009758763406950E-002   1.0559231198473051     
   2.2558041930044626E-002  0.90504024403303140     
   2.7528404685550796E-002  0.87796780132390950     
   3.2924170772707526E-002   1.2046543758561259     
   3.9583345139207964E-002  0.89257955366941166     
   4.8482283607784241E-002  0.93080906940654484     
   5.9214978228736552E-002   1.0545150191710431     
   7.2080521460213362E-002   1.0399745969530265     
   8.7419255034663218E-002   1.0337502659441213     
  0.10579667824952024        1.1442957736979520     
  0.12854808104919171        1.0894439299385725     
  0.15632078169124311        1.2518411033212020     
  0.18975741449582317        1.2063722323872730     
  0.23032868064044379        1.4130121027613525     
  0.27962368063317661        1.4851447262238195     
  0.33948762138704197        1.5003817655089073     
  0.41220775775346907        1.5587100363705519     
  0.50048824219328136        1.6967853793485228     
  0.60768816316668328        1.6497161940477290     
  0.73829232115333110        1.4859194199738492     
   6.2831853071800003E-003   1.8308243557425443     
   8.8857658763173177E-003   1.3875212576935787     
   1.0882796185406024E-002   1.1062081699657309     
   1.2566370614360001E-002  0.91277393075298441     
   1.4781066825642925E-002   1.3794893763391172     
   1.9009758763406950E-002  0.89061460042282170     
   2.2558041930044626E-002  0.82876762906926260     
   2.7528404685550796E-002  0.71453817232198347     
   3.2924170772707526E-002   1.0386296883959929     
   3.9583345139207964E-002  0.92289288258625446     
   4.8482283607784241E-002  0.93202946448684976     
   5.9214978228736552E-002   1.0843865629542229     
   7.2080521460213362E-002   1.0934101432981664     
   8.7419255034663218E-002   1.0473717925719046     
  0.10579667824952024        1.1131539295923261     
  0.12854808104919171        1.1421034168549291     
  0.15632078169124311        1.4125036392776578     
  0.18975741449582317        1.4125000299573525     
  0.23032868064044379        1.5583522060525825     
  0.27962368063317661        1.7698633221541220     
  0.33948762138704197        2.0667758802086253     
  0.41220775775346907        2.1277607756923880     
  0.50048824219328136        1.9415999494561575     
  0.60768816316668328        2.2305702051876484     
  0.73829232115333110        1.9112754740375550     
   6.2831853071800003E-003   1.2174189058322122     
   8.8857658763173177E-003   1.7887054966648963     
   1.0882796185406024E-002   2.4124864360993525     
   1.2566370614360001E-002   1.4688232013808602     
   1.4781066825642925E-002   2.0026977829468389     
   1.9009758763406950E-002  0.92004507719711448     
   2.2558041930044626E-002   1.0301634822740204     
   2.7528404685550796E-002  0.62849176424287090     
   3.2924170772707526E-002   1.1883952634739099     
   3.9583345139207964E-002  0.60307031456842108     
   4.8482283607784241E-002  0.97049635555178404     
   5.9214978228736552E-002   1.0894622435595809     
   7.2080521460213362E-002   1.0056209063605190     
   8.7419255034663218E-002   1.1651720196913375     
  0.10579667824952024        1.3081545684265576     
  0.12854808104919171        1.2952389721811048     
  0.15632078169124311        1.7506967022274049     
  0.18975741449582317        1.8690662142580041     
  0.23032868064044379        2.1147781102512373     
  0.27962368063317661        2.0244114694690958     
  0.33948762138704197        2.4009935987840976     
  0.41220775775346907        2.7995128777503262     
  0.50048824219328136        2.7758277075218536     
  0.60768816316668328        2.5896203130838931     
  0.73829232115333110        4.3193430910108619     
   6.2831853071800003E-003   3.3720963846208978     
   8.8857658763173177E-003  0.73274783296675561     
   1.0882796185406024E-002   2.2936752990960785     
   1.2566370614360001E-002   2.8743141171552185     
   1.4781066825642925E-002   1.4983638114701510     
   1.9009758763406950E-002   1.7680827609956664     
   2.2558041930044626E-002  0.63126173260783502     
   2.7528404685550796E-002  0.37323854769421161     
   3.2924170772707526E-002   1.1139866968433654     
   3.9583345139207964E-002  0.65157267252797835     
   4.8482283607784241E-002  0.89805269454278347     
   5.9214978228736552E-002   1.0688284240496009     
   7.2080521460213362E-002  0.94049538426821278     
   8.7419255034663218E-002   1.0809302088856314     
  0.10579667824952024        1.2455543412681140     
  0.12854808104919171        1.0317813554576312     
  0.15632078169124311        1.3204017521116025     
  0.18975741449582317        1.0115129418596081     
  0.23032868064044379        1.3763297896868192     
  0.27962368063317661        1.1729048086637737     
  0.33948762138704197        1.4178824469300164     
  0.41220775775346907        2.1743926400464102     
  0.50048824219328136        2.0703329951193261     
  0.60768816316668328       0.75591498653354938     
  0.73829232115333110       0.99391209471405639     
   6.2831853071800003E-003  -5.1230466601092850     
   8.8857658763173177E-003   5.4063649934902305     
   1.0882796185406024E-002   2.0440688607839768     
   1.2566370614360001E-002  -5.5667693893404548     
   1.4781066825642925E-002  0.88230613629775334     
   1.9009758763406950E-002  0.75741867218821524     
   2.2558041930044626E-002   1.0913563599010268     
   2.7528404685550796E-002  0.72258350042850561     
   3.2924170772707526E-002  0.27520640397200608     
   3.9583345139207964E-002  0.82923054879885405     
   4.8482283607784241E-002   1.1233596934469678     
   5.9214978228736552E-002   1.0522598792792668     
   7.2080521460213362E-002  0.96462734625655699     
   8.7419255034663218E-002  0.80573733518876256     
  0.10579667824952024        1.4379217001511886     
  0.12854808104919171        1.6150197766283005     
  0.15632078169124311        2.3155916927190185     
  0.18975741449582317        2.2820169340142868     
  0.23032868064044379        2.7412368826090252     
  0.27962368063317661        3.0886334649002678     
  0.33948762138704197        3.1526962800784100     
  0.41220775775346907        3.0593507681914280     
  0.50048824219328136        2.7275439098970042     
  0.60768816316668328        2.5207827905677767     
  0.73829232115333110       0.39448944364948996     
   6.2831853071800003E-003   3.1418452671019836     
   8.8857658763173177E-003  -14.696384057676385     
   1.0882796185406024E-002   1.4144347927521086     
   1.2566370614360001E-002   8.1289217783305792E-002
   1.4781066825642925E-002   2.1301345559633624     
   1.9009758763406950E-002  -1.1158103190946809     
   2.2558041930044626E-002  0.61749555850718119     
   2.7528404685550796E-002 -0.28476350880823875     
   3.2924170772707526E-002   1.5718548711408320     
   3.9583345139207964E-002 -0.91721908573466393     
   4.8482283607784241E-002  0.82533402603296258     
   5.9214978228736552E-002  0.59322768680969262     
   7.2080521460213362E-002 -0.22740059597096313     
   8.7419255034663218E-002   1.3246524898072813     
  0.10579667824952024        1.5757029630570463     
  0.12854808104919171       0.48671040779206981     
  0.15632078169124311       0.53259318167591030     
  0.18975741449582317       0.40977750317271189     
  0.23032868064044379      -0.79574932296704559     
  0.27962368063317661      -0.76948542294946054     
  0.33948762138704197       -1.0846400439950756     
  0.41220775775346907       0.86396610720705524     
  0.50048824219328136       -1.0808526332085666     
  0.60768816316668328       0.74890215325365017     
  0.73829232115333110        1.6586422280749080     
   6.2831853071800003E-003   2.5493659995702074     
   8.8857658763173177E-003  0.11554156627635358     
   1.0882796185406024E-002   1.2119404461137524     
   1.2566370614360001E-002   2.0588710488092419     
   1.4781066825642925E-002   1.0276217471040088     
   1.9009758763406950E-002   1.4547205055417458     
   2.2558041930044626E-002   1.2501929551331015     
   2.7528404685550796E-002   1.1280818627624212     
   3.2924170772707526E-002  0.94052802106586397     
   3.9583345139207964E-002  0.98832320679102825     
   4.8482283607784241E-002  0.86965884618852629     
   5.9214978228736552E-002  0.87405749408676836     
   7.2080521460213362E-002  0.90466962686284036     
   8.7419255034663218E-002  0.92731404360721315     
  0.10579667824952024       0.96350210764476862     
  0.12854808104919171       0.87318360479636115     
  0.15632078169124311       0.94353541984502409     
  0.18975741449582317       0.92508211803121987     
  0.23032868064044379       0.99947918075112729     
  0.27962368063317661       0.97862284660145960     
  0.33948762138704197        1.1079459354236003     
  0.41220775775346907        1.1561311186150192     
  0.50048824219328136        1.2260527191169983     
  0.60768816316668328        1.1578477661329680     
  0.73829232115333110        1.0605018949307305     
   6.2831853071800003E-003   2.3608103191446981     
   8.8857658763173177E-003  -2.0066012328888022E-002
   1.0882796185406024E-002   1.1934538572040485     
   1.2566370614360001E-002   2.4283314120549258     
   1.4781066825642925E-002  0.95076981870490362     
   1.9009758763406950E-002   1.2924281662269845     
   2.2558041930044626E-002   1.2912507185957864     
   2.7528404685550796E-002   1.1038259983458409     
   3.2924170772707526E-002  0.92602541222948731     
   3.9583345139207964E-002   1.0082863246312572     
   4.8482283607784241E-002  0.89053623328604892     
   5.9214978228736552E-002  0.84363128621806149     
   7.2080521460213362E-002  0.85801151203995685     
   8.7419255034663218E-002  0.94880020225029105     
  0.10579667824952024       0.96395780077017268     
  0.12854808104919171       0.88110374426428040     
  0.15632078169124311        1.0816968369380122     
  0.18975741449582317       0.93503735031350699     
  0.23032868064044379        1.0227239048932775     
  0.27962368063317661        1.0523219057858255     
  0.33948762138704197        1.0771735940051266     
  0.41220775775346907        1.1657635025636122     
  0.50048824219328136        1.1539011123651468     
  0.60768816316668328        1.1632521086179959     
  0.73829232115333110       0.94549349495500701     
   6.2831853071800003E-003   1.4567697639801225     
   8.8857658763173177E-003 -0.13132509990811533     
   1.0882796185406024E-002   1.0516138592425488     
   1.2566370614360001E-002   1.4334459378776725     
   1.4781066825642925E-002   1.2004719668628463     
   1.9009758763406950E-002   1.3284115132614356     
   2.2558041930044626E-002   1.2028064916941452     
   2.7528404685550796E-002  0.99056719067974830     
   3.2924170772707526E-002  0.86475550565165105     
   3.9583345139207964E-002  0.98820869621716845     
   4.8482283607784241E-002  0.90302531581473844     
   5.9214978228736552E-002  0.87235292779585294     
   7.2080521460213362E-002  0.88135162493858665     
   8.7419255034663218E-002  0.93692560607793729     
  0.10579667824952024        1.0611848163166611     
  0.12854808104919171       0.96397486021465761     
  0.15632078169124311        1.0884106393183060     
  0.18975741449582317        1.1469920134145968     
  0.23032868064044379        1.3739815253348326     
  0.27962368063317661        1.2371332329175586     
  0.33948762138704197        1.4213841226786044     
  0.41220775775346907        1.5234859088016635     
  0.50048824219328136        1.5392081324805267     
  0.60768816316668328        1.6855410294950257     
  0.73829232115333110       0.89022940848050658     
   6.2831853071800003E-003   2.7156946247615799     
   8.8857658763173177E-003 -0.52103164941901770     
   1.0882796185406024E-002  0.79121614206890600     
   1.2566370614360001E-002   1.3507518700226144     
   1.4781066825642925E-002   1.0116227181878201     
   1.9009758763406950E-002  0.99622215624312571     
   2.2558041930044626E-002  0.98006547310526548     
   2.7528404685550796E-002  0.85301039721729144     
   3.2924170772707526E-002  0.97954152927198335     
   3.9583345139207964E-002  0.96457805897883198     
   4.8482283607784241E-002  0.99962341716251535     
   5.9214978228736552E-002  0.94940198057569036     
   7.2080521460213362E-002   1.0580466244428781     
   8.7419255034663218E-002   1.2082124917662127     
  0.10579667824952024        1.2148954964868970     
  0.12854808104919171        1.1922535484397991     
  0.15632078169124311        1.5684687209523531     
  0.18975741449582317        1.3605380781323355     
  0.23032868064044379        1.4971317301283220     
  0.27962368063317661        1.9871108852363737     
  0.33948762138704197        2.1268827965613188     
  0.41220775775346907        2.2726265558619860     
  0.50048824219328136        2.4193329022192667     
  0.60768816316668328        2.2734524684985886     
  0.73829232115333110        1.9059765648862801     
   6.2831853071800003E-003   3.3720963846208978     
   8.8857658763173177E-003  0.73274783296675561     
   1.0882796185406024E-002   2.2936752990960785     
   1.2566370614360001E-002   2.8743141171552185     
   1.4781066825642925E-002   1.4983638114701510     
   1.9009758763406950E-002   1.7680827609956664     
   2.2558041930044626E-002  0.63126173260783502     
   2.7528404685550796E-002  0.37323854769421161     
   3.2924170772707526E-002   1.1139866968433654     
   3.9583345139207964E-002  0.65157267252797835     
   4.8482283607784241E-002  0.89805269454278347     
   5.9214978228736552E-002   1.0688284240496009     
   7.2080521460213362E-002  0.94049538426821278     
   8.7419255034663218E-002   1.0809302088856314     
  0.10579667824952024        1.2455543412681140     
  0.12854808104919171        1.0317813554576312     
  0.15632078169124311        1.3204017521116025     
  0.18975741449582317        1.0115129418596081     
  0.23032868064044379        1.3763297896868192     
  0.27962368063317661        1.1729048086637737     
  0.33948762138704197        1.4178824469300164     
  0.41220775775346907        2.1743926400464102     
  0.50048824219328136        2.0703329951193261     
  0.60768816316668328       0.75591498653354938     
  0.73829232115333110       0.99391209471405639     
   6.2831853071800003E-003  -4.3566733559796305     
   8.8857658763173177E-003  -3.5156032456117354     
   1.0882796185406024E-002  -4.0262120300592477     
   1.2566370614360001E-002  -2.4686658094904721     
   1.4781066825642925E-002   1.9544985698574280     
   1.9009758763406950E-002   1.3001554531431025     
   2.2558041930044626E-002   1.8975458710331308     
   2.7528404685550796E-002  0.42361299391163276     
   3.2924170772707526E-002   1.0597815110129687     
   3.9583345139207964E-002  0.80289190829938317     
   4.8482283607784241E-002  0.62650794693015099     
   5.9214978228736552E-002  0.67206701020790194     
   7.2080521460213362E-002   1.3524656276109110     
   8.7419255034663218E-002   1.7429216504605374     
  0.10579667824952024        1.6687267461997728     
  0.12854808104919171        2.0058065943121162     
  0.15632078169124311        3.0478917594964852     
  0.18975741449582317        2.4848880211633224     
  0.23032868064044379        2.5605927060776534     
  0.27962368063317661        1.8264111185529852     
  0.33948762138704197        4.1672520450598984     
  0.41220775775346907        3.2899063214256157     
  0.50048824219328136        7.7810826171856107     
  0.60768816316668328        18.339866015871703     
  0.73829232115333110        45.938088148792950     
   6.2831853071800003E-003  -5.3570755863486621     
   8.8857658763173177E-003   4.8527477450411975     
   1.0882796185406024E-002   1.3793035000686016     
   1.2566370614360001E-002   1.9740422579944865     
   1.4781066825642925E-002  0.17089277168170242     
   1.9009758763406950E-002  0.41670339307097354     
   2.2558041930044626E-002  0.37632029899901420     
   2.7528404685550796E-002  0.38473397029979362     
   3.2924170772707526E-002  0.97881252727240775     
   3.9583345139207964E-002  0.82809704698029307     
   4.8482283607784241E-002   1.4488876878267218     
   5.9214978228736552E-002   1.6749863268152991     
   7.2080521460213362E-002  0.61011255558002886     
   8.7419255034663218E-002   1.0929961610976566     
  0.10579667824952024        1.2262661836835971     
  0.12854808104919171       0.41810873097319123     
  0.15632078169124311       0.56872823137873441     
  0.18975741449582317       0.36856122914632866     
  0.23032868064044379        1.3612755009729816     
  0.27962368063317661      -0.20793883164859409     
  0.33948762138704197        1.0186005284115038     
  0.41220775775346907       -1.3475331904745851     
  0.50048824219328136       -1.4348574380842880     
  0.60768816316668328       -1.7698843812763625     
  0.73829232115333110       -1.5050510992794859     
   6.2831853071800003E-003  -3.2416682888438544     
   8.8857658763173177E-003  -5.5838312831045886     
   1.0882796185406024E-002  0.95470923401184693     
   1.2566370614360001E-002 -0.28560613233228105     
   1.4781066825642925E-002   1.9806618212976466     
   1.9009758763406950E-002  -1.4470631584740816     
   2.2558041930044626E-002 -0.46456746899711460     
   2.7528404685550796E-002   1.4349177041557100     
   3.2924170772707526E-002   2.2742193469332914     
   3.9583345139207964E-002   1.0748030215990720     
   4.8482283607784241E-002  0.45951044985957401     
   5.9214978228736552E-002 -0.25838076879844585     
   7.2080521460213362E-002  0.13048550879631282     
   8.7419255034663218E-002  0.10261917609216488     
  0.10579667824952024      -0.47798165369937357     
  0.12854808104919171       0.37589865469020800     
  0.15632078169124311      -0.60093030807658232     
  0.18975741449582317      -0.20339112348257224     
  0.23032868064044379       -1.0146198968577589     
  0.27962368063317661       0.93773731034210250     
  0.33948762138704197      -0.56455606450435514     
  0.41220775775346907        1.1619080223719935     
  0.50048824219328136       -1.2814608120611382     
  0.60768816316668328        1.5681330549330084     
  0.73829232115333110       -2.1406282054254793     
   6.2831853071800003E-003  -5.5751657545532565     
   8.8857658763173177E-003   3.4425483224557949     
   1.0882796185406024E-002  0.70327058269638631     
   1.2566370614360001E-002   2.4492202185439154     
   1.4781066825642925E-002  0.32738404444943037     
   1.9009758763406950E-002   4.3639374705593563E-003
   2.2558041930044626E-002   1.7461244719950726     
   2.7528404685550796E-002  0.95879814535797947     
   3.2924170772707526E-002  0.59864023772041419     
   3.9583345139207964E-002   1.5050209747643202     
   4.8482283607784241E-002  0.91738440449533476     
   5.9214978228736552E-002  0.74000827975235806     
   7.2080521460213362E-002   1.1502484871823075     
   8.7419255034663218E-002  0.77082073582990651     
  0.10579667824952024       0.66315252402070513     
  0.12854808104919171       0.86345293324577510     
  0.15632078169124311       0.91328919592669722     
  0.18975741449582317       0.81077656469211723     
  0.23032868064044379       0.84111647536337431     
  0.27962368063317661        1.0417886700194838     
  0.33948762138704197        1.0272426014549698     
  0.41220775775346907        1.0767311285513321     
  0.50048824219328136       0.96329067614920438     
  0.60768816316668328       0.96413795774792599     
  0.73829232115333110       0.69816805899466472     
   6.2831853071800003E-003  -5.5082281620090248     
   8.8857658763173177E-003   3.3912874705455347     
   1.0882796185406024E-002   1.2185445337666256     
   1.2566370614360001E-002   3.0775591768158268     
   1.4781066825642925E-002  0.27990816420062314     
   1.9009758763406950E-002  -4.8604817620544041E-002
   2.2558041930044626E-002   1.4927009792163266     
   2.7528404685550796E-002  0.89217808814567601     
   3.2924170772707526E-002  0.55484298057937376     
   3.9583345139207964E-002   1.3474717851273781     
   4.8482283607784241E-002  0.93408275381084038     
   5.9214978228736552E-002  0.65628336104001872     
   7.2080521460213362E-002   1.0794876419789736     
   8.7419255034663218E-002  0.72992540954174912     
  0.10579667824952024       0.63460375744955722     
  0.12854808104919171       0.76990366201348559     
  0.15632078169124311       0.88497158966471245     
  0.18975741449582317       0.95224847253840939     
  0.23032868064044379       0.83237622370570108     
  0.27962368063317661       0.98103940146460000     
  0.33948762138704197        1.0339286783871671     
  0.41220775775346907       0.86501327514316995     
  0.50048824219328136       0.80408148311577210     
  0.60768816316668328       0.72895815163630484     
  0.73829232115333110       0.30299950758300526     
   6.2831853071800003E-003  -4.3082378316879177     
   8.8857658763173177E-003   3.7308378381207850     
   1.0882796185406024E-002   2.1320175228216840     
   1.2566370614360001E-002   2.0136488094542853     
   1.4781066825642925E-002  0.13183029560621667     
   1.9009758763406950E-002  0.17743316432400791     
   2.2558041930044626E-002   1.7370027782646253     
   2.7528404685550796E-002  0.82971990474384216     
   3.2924170772707526E-002  0.53297540454168713     
   3.9583345139207964E-002   1.4124189120489201     
   4.8482283607784241E-002  0.82928387074054843     
   5.9214978228736552E-002  0.51309986132243202     
   7.2080521460213362E-002   1.3356457470958782     
   8.7419255034663218E-002  0.88415545966856146     
  0.10579667824952024       0.78889577245958764     
  0.12854808104919171        1.0292589379131902     
  0.15632078169124311        1.0521036694399579     
  0.18975741449582317       0.74751476461246191     
  0.23032868064044379       0.78455675952022041     
  0.27962368063317661       0.86125946591268787     
  0.33948762138704197       0.71111757050601643     
  0.41220775775346907        1.2735076545310144     
  0.50048824219328136       0.81834865436610615     
  0.60768816316668328       0.95568694126755793     
  0.73829232115333110       0.42213677752060097     
   6.2831853071800003E-003  -5.9853967347355761     
   8.8857658763173177E-003   2.8290126954327186     
   1.0882796185406024E-002 -0.12190594101716699     
   1.2566370614360001E-002  -3.1385303849653523     
   1.4781066825642925E-002  0.74921458530869145     
   1.9009758763406950E-002  0.32848636158016464     
   2.2558041930044626E-002   1.2005981272011914     
   2.7528404685550796E-002  0.73208288358416118     
   3.2924170772707526E-002   1.1252513554941355     
   3.9583345139207964E-002   1.3854834129954423     
   4.8482283607784241E-002  0.94708352158340092     
   5.9214978228736552E-002  0.70714376989910932     
   7.2080521460213362E-002   1.1432315267083928     
   8.7419255034663218E-002  0.90326912722929897     
  0.10579667824952024        1.0506598863638077     
  0.12854808104919171        1.2617328990312409     
  0.15632078169124311        1.7621428052192492     
  0.18975741449582317        1.6110820332264801     
  0.23032868064044379        1.5144158416741726     
  0.27962368063317661        1.7849264766794821     
  0.33948762138704197        1.7254534409370801     
  0.41220775775346907        1.2650824834883383     
  0.50048824219328136       0.77354553924116520     
  0.60768816316668328      -0.49620151039577087     
  0.73829232115333110       -1.5932875690909780     
   6.2831853071800003E-003  -5.1230466601092850     
   8.8857658763173177E-003   5.4063649934902305     
   1.0882796185406024E-002   2.0440688607839768     
   1.2566370614360001E-002  -5.5667693893404548     
   1.4781066825642925E-002  0.88230613629775334     
   1.9009758763406950E-002  0.75741867218821524     
   2.2558041930044626E-002   1.0913563599010268     
   2.7528404685550796E-002  0.72258350042850561     
   3.2924170772707526E-002  0.27520640397200608     
   3.9583345139207964E-002  0.82923054879885405     
   4.8482283607784241E-002   1.1233596934469678     
   5.9214978228736552E-002   1.0522598792792668     
   7.2080521460213362E-002  0.96462734625655699     
   8.7419255034663218E-002  0.80573733518876256     
  0.10579667824952024        1.4379217001511886     
  0.12854808104919171        1.6150197766283005     
  0.15632078169124311        2.3155916927190185     
  0.18975741449582317        2.2820169340142868     
  0.23032868064044379        2.7412368826090252     
  0.27962368063317661        3.0886334649002678     
  0.33948762138704197        3.1526962800784100     
  0.41220775775346907        3.0593507681914280     
  0.50048824219328136        2.7275439098970042     
  0.60768816316668328        2.5207827905677767     
  0.73829232115333110       0.39448944364948996     
   6.2831853071800003E-003  -5.3570755863486621     
   8.8857658763173177E-003   4.8527477450411975     
   1.0882796185406024E-002   1.3793035000686016     
   1.2566370614360001E-002   1.9740422579944865     
   1.4781066825642925E-002  0.17089277168170242     
   1.9009758763406950E-002  0.41670339307097354     
   2.2558041930044626E-002  0.37632029899901420     
   2.7528404685550796E-002  0.38473397029979362     
   3.2924170772707526E-002  0.97881252727240775     
   3.9583345139207964E-002  0.82809704698029307     
   4.8482283607784241E-002   1.4488876878267218     
   5.9214978228736552E-002   1.6749863268152991     
   7.2080521460213362E-002  0.61011255558002886     
   8.7419255034663218E-002   1.0929961610976566     
  0.10579667824952024        1.2262661836835971     
  0.12854808104919171       0.41810873097319123     
  0.15632078169124311       0.56872823137873441     
  0.18975741449582317       0.36856122914632866     
  0.23032868064044379        1.3612755009729816     
  0.27962368063317661      -0.20793883164859409     
  0.33948762138704197        1.0186005284115038     
  0.41220775775346907       -1.3475331904745851     
  0.50048824219328136       -1.4348574380842880     
  0.60768816316668328       -1.7698843812763625     
  0.73829232115333110       -1.5050510992794859     
   6.2831853071800003E-003   6.5748433131419857     
   8.8857658763173177E-003   6.2889139726556573     
   1.0882796185406024E-002  -3.9021715953615685     
   1.2566370614360001E-002   18.921181286839101     
   1.4781066825642925E-002 -0.56442705487202360     
   1.9009758763406950E-002 -0.16063722705460473     
   2.2558041930044626E-002   2.4257758151278279E-002
   2.7528404685550796E-002 -0.13145802972676507     
   3.2924170772707526E-002  -2.0527653671527615     
   3.9583345139207964E-002 -0.39819530003825260     
   4.8482283607784241E-002  0.33296747761616674     
   5.9214978228736552E-002  0.64517940742001167     
   7.2080521460213362E-002  -3.2412045982813310E-002
   8.7419255034663218E-002  -1.0270557705693195     
  0.10579667824952024      -0.67731966183143277     
  0.12854808104919171       -1.3743983588828934     
  0.15632078169124311        2.9283638887689998     
  0.18975741449582317       -1.3124397683042266     
  0.23032868064044379      -0.19099108155312847     
  0.27962368063317661      -0.60880832366990056     
  0.33948762138704197       -3.1827979232954600     
  0.41220775775346907       -3.0311753674939288     
  0.50048824219328136       -8.1940122924810179     
  0.60768816316668328       -20.247677087727094     
  0.73829232115333110       -38.275181498656949     
   6.2831853071800003E-003   8.9232100331962982     
   8.8857658763173177E-003  -5.9022795686792415     
   1.0882796185406024E-002   1.8089190335697598     
   1.2566370614360001E-002   4.8017965419097832     
   1.4781066825642925E-002  -3.3979667322405961E-002
   1.9009758763406950E-002  0.23978668036909254     
   2.2558041930044626E-002   3.5706093124317446E-002
   2.7528404685550796E-002  0.85359976601176013     
   3.2924170772707526E-002  0.42368009207235396     
   3.9583345139207964E-002   9.2001999119895650E-002
   4.8482283607784241E-002  0.59704316249055889     
   5.9214978228736552E-002   1.0068731161355284     
   7.2080521460213362E-002  0.53392268395704967     
   8.7419255034663218E-002  0.87930549701340677     
  0.10579667824952024        1.4973633411131599     
  0.12854808104919171        2.0235800820538890     
  0.15632078169124311        2.7482048022342123     
  0.18975741449582317        3.4516943916262579     
  0.23032868064044379        4.8616360221284420     
  0.27962368063317661        6.2641839333441238     
  0.33948762138704197        8.0827615695582775     
  0.41220775775346907        9.5208795797601606     
  0.50048824219328136        8.8577996214352410     
  0.60768816316668328        4.4483864680663618     
  0.73829232115333110       -6.7471163048382765     
   6.2831853071800003E-003  -7.5620106229361106     
   8.8857658763173177E-003  -3.5109696699431590     
   1.0882796185406024E-002   2.7358020431070269     
   1.2566370614360001E-002  -1.6588285671267460     
   1.4781066825642925E-002  0.77033904967702105     
   1.9009758763406950E-002  -1.1623618484035818     
   2.2558041930044626E-002   1.5070455920296753     
   2.7528404685550796E-002   1.8175720288352775     
   3.2924170772707526E-002   2.6783646554467899     
   3.9583345139207964E-002  0.80856988960327847     
   4.8482283607784241E-002  0.11764328496264033     
   5.9214978228736552E-002  0.49895783293962653     
   7.2080521460213362E-002  0.87752254550970232     
   8.7419255034663218E-002  0.81910792187853532     
  0.10579667824952024       0.66590336869826239     
  0.12854808104919171       0.81077574274718212     
  0.15632078169124311        1.3066406845974152     
  0.18975741449582317       0.66066325275527704     
  0.23032868064044379       0.51333629407594972     
  0.27962368063317661        1.0298260445672269     
  0.33948762138704197       0.90699600907492095     
  0.41220775775346907       0.93290754411676002     
  0.50048824219328136       0.64997855114953329     
  0.60768816316668328       0.49869260909012730     
  0.73829232115333110       0.38532603383818637     
   6.2831853071800003E-003  -7.7792862207558295     
   8.8857658763173177E-003  -2.8105552258932121     
   1.0882796185406024E-002   3.2194294518294093     
   1.2566370614360001E-002 -0.47532557536214787     
   1.4781066825642925E-002   1.2960927270963567     
   1.9009758763406950E-002 -0.46494719538296952     
   2.2558041930044626E-002   1.2999457559128660     
   2.7528404685550796E-002   1.8299203797900145     
   3.2924170772707526E-002   2.5055033779129960     
   3.9583345139207964E-002  0.56730186018913054     
   4.8482283607784241E-002   8.3533727673539351E-002
   5.9214978228736552E-002  0.43772016465422220     
   7.2080521460213362E-002   1.0022994450715341     
   8.7419255034663218E-002  0.71463277831327576     
  0.10579667824952024       0.84476843669892665     
  0.12854808104919171       0.85357981791562421     
  0.15632078169124311        1.2932755389699973     
  0.18975741449582317       0.65369152249036333     
  0.23032868064044379       0.79043844938239427     
  0.27962368063317661        1.2789003034912130     
  0.33948762138704197        1.2542624686841239     
  0.41220775775346907       0.98443726434231893     
  0.50048824219328136       0.69602268628760899     
  0.60768816316668328       0.67324854065275275     
  0.73829232115333110       -8.8873592517177691E-002
   6.2831853071800003E-003  -5.0035414235706339     
   8.8857658763173177E-003  -3.2421750135432355     
   1.0882796185406024E-002   1.0067669821399470     
   1.2566370614360001E-002  0.55598924500834568     
   1.4781066825642925E-002  0.54978369573493491     
   1.9009758763406950E-002 -0.68081892780925890     
   2.2558041930044626E-002  0.81274630699705674     
   2.7528404685550796E-002   1.5666432820274621     
   3.2924170772707526E-002   2.2227757051143753     
   3.9583345139207964E-002  0.70163938024950900     
   4.8482283607784241E-002 -0.15559546908835473     
   5.9214978228736552E-002  0.53732785892766000     
   7.2080521460213362E-002  0.97970603384473498     
   8.7419255034663218E-002  0.53472197848280378     
  0.10579667824952024       0.95490377528283299     
  0.12854808104919171       0.47627853444731488     
  0.15632078169124311        1.0691316714446526     
  0.18975741449582317       0.17254786678041403     
  0.23032868064044379       0.13566356223980694     
  0.27962368063317661       0.61879427008095422     
  0.33948762138704197       0.52421856035366843     
  0.41220775775346907       0.40461802277381065     
  0.50048824219328136      -0.37982120235592448     
  0.60768816316668328        1.1646609269656139     
  0.73829232115333110       0.42305762039416017     
   6.2831853071800003E-003  -6.5650775697140107     
   8.8857658763173177E-003  -1.2351976709389145     
   1.0882796185406024E-002  0.99015659771730746     
   1.2566370614360001E-002  -8.1352923123226280     
   1.4781066825642925E-002  0.83112063691468407     
   1.9009758763406950E-002 -0.79566648319502276     
   2.2558041930044626E-002   4.0730369840914519E-003
   2.7528404685550796E-002   1.4514312626475474     
   3.2924170772707526E-002   2.5082047962266389     
   3.9583345139207964E-002  0.94032620958994551     
   4.8482283607784241E-002  0.68077022517719599     
   5.9214978228736552E-002   1.0762637442063359     
   7.2080521460213362E-002  0.69362339878624146     
   8.7419255034663218E-002   1.5722418042975790     
  0.10579667824952024        1.2309564473555126     
  0.12854808104919171        2.2469814135527253     
  0.15632078169124311        3.4156621826549043     
  0.18975741449582317        3.1920659917512499     
  0.23032868064044379        4.0236971171272469     
  0.27962368063317661        3.9164252631264325     
  0.33948762138704197        4.0928148732731886     
  0.41220775775346907        3.4584574780138690     
  0.50048824219328136        4.0490247991218693     
  0.60768816316668328        4.3315900432572461     
  0.73829232115333110        1.4668625985443748     
   6.2831853071800003E-003   3.1418452671019836     
   8.8857658763173177E-003  -14.696384057676385     
   1.0882796185406024E-002   1.4144347927521086     
   1.2566370614360001E-002   8.1289217783305792E-002
   1.4781066825642925E-002   2.1301345559633624     
   1.9009758763406950E-002  -1.1158103190946809     
   2.2558041930044626E-002  0.61749555850718119     
   2.7528404685550796E-002 -0.28476350880823875     
   3.2924170772707526E-002   1.5718548711408320     
   3.9583345139207964E-002 -0.91721908573466393     
   4.8482283607784241E-002  0.82533402603296258     
   5.9214978228736552E-002  0.59322768680969262     
   7.2080521460213362E-002 -0.22740059597096313     
   8.7419255034663218E-002   1.3246524898072813     
  0.10579667824952024        1.5757029630570463     
  0.12854808104919171       0.48671040779206981     
  0.15632078169124311       0.53259318167591030     
  0.18975741449582317       0.40977750317271189     
  0.23032868064044379      -0.79574932296704559     
  0.27962368063317661      -0.76948542294946054     
  0.33948762138704197       -1.0846400439950756     
  0.41220775775346907       0.86396610720705524     
  0.50048824219328136       -1.0808526332085666     
  0.60768816316668328       0.74890215325365017     
  0.73829232115333110        1.6586422280749080     
   6.2831853071800003E-003  -3.2416682888438544     
   8.8857658763173177E-003  -5.5838312831045886     
   1.0882796185406024E-002  0.95470923401184693     
   1.2566370614360001E-002 -0.28560613233228105     
   1.4781066825642925E-002   1.9806618212976466     
   1.9009758763406950E-002  -1.4470631584740816     
   2.2558041930044626E-002 -0.46456746899711460     
   2.7528404685550796E-002   1.4349177041557100     
   3.2924170772707526E-002   2.2742193469332914     
   3.9583345139207964E-002   1.0748030215990720     
   4.8482283607784241E-002  0.45951044985957401     
   5.9214978228736552E-002 -0.25838076879844585     
   7.2080521460213362E-002  0.13048550879631282     
   8.7419255034663218E-002  0.10261917609216488     
  0.10579667824952024      -0.47798165369937357     
  0.12854808104919171       0.37589865469020800     
  0.15632078169124311      -0.60093030807658232     
  0.18975741449582317      -0.20339112348257224     
  0.23032868064044379       -1.0146198968577589     
  0.27962368063317661       0.93773731034210250     
  0.33948762138704197      -0.56455606450435514     
  0.41220775775346907        1.1619080223719935     
  0.50048824219328136       -1.2814608120611382     
  0.60768816316668328        1.5681330549330084     
  0.73829232115333110       -2.1406282054254793     
   6.2831853071800003E-003   8.9232100331962982     
   8.8857658763173177E-003  -5.9022795686792415     
   1.0882796185406024E-002   1.8089190335697598     
   1.2566370614360001E-002   4.8017965419097832     
   1.4781066825642925E-002  -3.3979667322405961E-002
   1.9009758763406950E-002  0.23978668036909254     
   2.2558041930044626E-002   3.5706093124317446E-002
   2.7528404685550796E-002  0.85359976601176013     
   3.2924170772707526E-002  0.42368009207235396     
   3.9583345139207964E-002   9.2001999119895650E-002
   4.8482283607784241E-002  0.59704316249055889     
   5.9214978228736552E-002   1.0068731161355284     
   7.2080521460213362E-002  0.53392268395704967     
   8.7419255034663218E-002  0.87930549701340677     
  0.10579667824952024        1.4973633411131599     
  0.12854808104919171        2.0235800820538890     
  0.15632078169124311        2.7482048022342123     
  0.18975741449582317        3.4516943916262579     
  0.23032868064044379        4.8616360221284420     
  0.27962368063317661        6.2641839333441238     
  0.33948762138704197        8.0827615695582775     
  0.41220775775346907        9.5208795797601606     
  0.50048824219328136        8.8577996214352410     
  0.60768816316668328        4.4483864680663618     
  0.73829232115333110       -6.7471163048382765     
   6.2831853071800003E-003   5.7222459943852018     
   8.8857658763173177E-003  0.90628256730384205     
   1.0882796185406024E-002  -1.4074010678345572     
   1.2566370614360001E-002  -4.0636739414276422     
   1.4781066825642925E-002  0.54074029356887965     
   1.9009758763406950E-002   5.0418481623948974     
   2.2558041930044626E-002  -1.8296959635846991E-002
   2.7528404685550796E-002  -1.9242006030146488     
   3.2924170772707526E-002 -0.49140492062460639     
   3.9583345139207964E-002  -1.4566962730511883     
   4.8482283607784241E-002  -1.5273430148007882E-003
   5.9214978228736552E-002  0.89506226256298471     
   7.2080521460213362E-002  0.23673312534933691     
   8.7419255034663218E-002  -1.2123801504529577     
  0.10579667824952024        1.0574972739898063     
  0.12854808104919171      -0.38865682888892844     
  0.15632078169124311        1.1519139268608369     
  0.18975741449582317      -0.75715060759142272     
  0.23032868064044379       0.25676423049724362     
  0.27962368063317661       0.77390566376903069     
  0.33948762138704197        1.1599958554334027     
  0.41220775775346907       0.34904922582205655     
  0.50048824219328136        2.3966975268751578     
  0.60768816316668328        8.8767926706255356     
  0.73829232115333110        21.615851320383936     
