   6.2831853071800003E-003   1.0582895022690606     
   8.8857658763173177E-003   1.0134997741115706     
   1.0882796185406024E-002  0.88410966739684960     
   1.2566370614360001E-002   1.0543820744025842     
   1.4781066825642925E-002  0.94936223153104504     
   1.9009758763406950E-002   1.0493167686924827     
   2.2558041930044626E-002   1.0421873997908888     
   2.7528404685550796E-002   1.0220736872265130     
   3.2924170772707526E-002  0.97393524496812700     
   3.9583345139207964E-002  0.98420981278812991     
   4.8482283607784241E-002   1.0171239829817340     
   5.9214978228736552E-002  0.99087423110346029     
   7.2080521460213362E-002   1.0029109772793603     
   8.7419255034663218E-002   1.0167559039091405     
  0.10579667824952024        1.0462590874804301     
  0.12854808104919171       0.98951439285158216     
  0.15632078169124311        1.1023278687069953     
  0.18975741449582317        1.0740533331104929     
  0.23032868064044379        1.1718102393684433     
  0.27962368063317661        1.2390127430611733     
  0.33948762138704197        1.3361730139199646     
  0.41220775775346907        1.4544708424711248     
  0.50048824219328136        1.6063598777708374     
  0.60768816316668328        1.8000410418441672     
  0.73829232115333110        2.0461014950795029     
   6.2831853071800003E-003  0.99562521824387662     
   8.8857658763173177E-003   1.0599132375917053     
   1.0882796185406024E-002  0.89966796384383640     
   1.2566370614360001E-002   1.1805717480767575     
   1.4781066825642925E-002  0.94110074577254754     
   1.9009758763406950E-002  0.98902593116972237     
   2.2558041930044626E-002   1.0103531551734068     
   2.7528404685550796E-002   1.0002727909639748     
   3.2924170772707526E-002  0.97809481896432748     
   3.9583345139207964E-002  0.99933280800715485     
   4.8482283607784241E-002   1.0096644722667731     
   5.9214978228736552E-002   1.0030009656749175     
   7.2080521460213362E-002   1.0027227465812643     
   8.7419255034663218E-002   1.0117657365034876     
  0.10579667824952024        1.0531471395297829     
  0.12854808104919171       0.98048548384458389     
  0.15632078169124311        1.0939408369235741     
  0.18975741449582317        1.0789712016999140     
  0.23032868064044379        1.1789922804117861     
  0.27962368063317661        1.2611440398346283     
  0.33948762138704197        1.3542882633194762     
  0.41220775775346907        1.4740069867844243     
  0.50048824219328136        1.6200084589435568     
  0.60768816316668328        1.8019712689285101     
  0.73829232115333110        2.0200678667607801     
   6.2831853071800003E-003  0.68846808682026850     
   8.8857658763173177E-003   1.0397745036112847     
   1.0882796185406024E-002  0.83471636504431679     
   1.2566370614360001E-002  0.44819202145527431     
   1.4781066825642925E-002   1.0176560387500611     
   1.9009758763406950E-002   1.0536557706134837     
   2.2558041930044626E-002   1.0114785874835812     
   2.7528404685550796E-002   1.0633203296541343     
   3.2924170772707526E-002   1.0057320995392431     
   3.9583345139207964E-002   1.0050723987610466     
   4.8482283607784241E-002   1.0284979700563395     
   5.9214978228736552E-002   1.0122313757639536     
   7.2080521460213362E-002   1.0411399442477567     
   8.7419255034663218E-002   1.0290907601760400     
  0.10579667824952024        1.0621894405394903     
  0.12854808104919171        1.0196738623565200     
  0.15632078169124311        1.1211319579798249     
  0.18975741449582317        1.1012150655526454     
  0.23032868064044379        1.1826101877113155     
  0.27962368063317661        1.2588635208280519     
  0.33948762138704197        1.3426145683535742     
  0.41220775775346907        1.4531036480257185     
  0.50048824219328136        1.5718443774133857     
  0.60768816316668328        1.7190428199400785     
  0.73829232115333110        1.8798574789327045     
   6.2831853071800003E-003   1.3476464421048222     
   8.8857658763173177E-003   1.3106266312139456     
   1.0882796185406024E-002  0.71273265762934890     
   1.2566370614360001E-002  0.81848454076520682     
   1.4781066825642925E-002   1.0330599979665460     
   1.9009758763406950E-002  0.99834199976338234     
   2.2558041930044626E-002   1.0109479456506900     
   2.7528404685550796E-002  0.93611946172673555     
   3.2924170772707526E-002   1.0995064316802310     
   3.9583345139207964E-002   1.0267668957863678     
   4.8482283607784241E-002   1.0075823424511150     
   5.9214978228736552E-002   1.0068164269805093     
   7.2080521460213362E-002  0.98312146562386671     
   8.7419255034663218E-002   1.0160161762231446     
  0.10579667824952024        1.0409122458190376     
  0.12854808104919171       0.97509624642049320     
  0.15632078169124311        1.0658393308395608     
  0.18975741449582317        1.0372852957451424     
  0.23032868064044379        1.1222721583373854     
  0.27962368063317661        1.1762833069880818     
  0.33948762138704197        1.2378443044314886     
  0.41220775775346907        1.3111711767933203     
  0.50048824219328136        1.3864383876676962     
  0.60768816316668328        1.4796019497233850     
  0.73829232115333110        1.5574424291787603     
   6.2831853071800003E-003   1.6076840094986731     
   8.8857658763173177E-003   1.1601799719533163     
   1.0882796185406024E-002   1.4482553228050543     
   1.2566370614360001E-002  0.93367661494458853     
   1.4781066825642925E-002   1.4260411976353715     
   1.9009758763406950E-002   1.2126704192831077     
   2.2558041930044626E-002  0.90597803420375700     
   2.7528404685550796E-002  0.95972162284954765     
   3.2924170772707526E-002   1.0193532038028150     
   3.9583345139207964E-002  0.94396654235464639     
   4.8482283607784241E-002  0.93306944083985943     
   5.9214978228736552E-002   1.0306164112884106     
   7.2080521460213362E-002  0.98249944360399655     
   8.7419255034663218E-002  0.96992067412248750     
  0.10579667824952024       0.95917645499615523     
  0.12854808104919171       0.87502477560487113     
  0.15632078169124311       0.97771121501100278     
  0.18975741449582317       0.93967818582598384     
  0.23032868064044379        1.0651834861935170     
  0.27962368063317661        1.0615871389946498     
  0.33948762138704197        1.1426546591592555     
  0.41220775775346907        1.1908754377217208     
  0.50048824219328136        1.2213501424606030     
  0.60768816316668328        1.2420778364600231     
  0.73829232115333110        1.2350961645006489     
   6.2831853071800003E-003   1.5960843099627904     
   8.8857658763173177E-003   1.3757520024296388     
   1.0882796185406024E-002   2.1026282487768517     
   1.2566370614360001E-002   2.0865041130737452     
   1.4781066825642925E-002  0.83145507091900028     
   1.9009758763406950E-002   1.3363118281489093     
   2.2558041930044626E-002   1.4582393982474573     
   2.7528404685550796E-002   1.0135990655670861     
   3.2924170772707526E-002  0.81331693945854044     
   3.9583345139207964E-002   1.0216095110984038     
   4.8482283607784241E-002  0.88041403837568644     
   5.9214978228736552E-002  0.80210861582451964     
   7.2080521460213362E-002  0.91704223067719137     
   8.7419255034663218E-002  0.91499999012131950     
  0.10579667824952024       0.90470123318110829     
  0.12854808104919171       0.84152657823238175     
  0.15632078169124311       0.88703970787546782     
  0.18975741449582317       0.88771429169761007     
  0.23032868064044379       0.93770138902513245     
  0.27962368063317661       0.94779749011119496     
  0.33948762138704197        1.0286121393773460     
  0.41220775775346907       0.99506098891892591     
  0.50048824219328136        1.1490020412560036     
  0.60768816316668328        1.0581037505846660     
  0.73829232115333110       0.91154109361607072     
   6.2831853071800003E-003  -6.9356701066975806     
   8.8857658763173177E-003 -0.56763892608384758     
   1.0882796185406024E-002  0.26714365783666405     
   1.2566370614360001E-002  -1.7085530629930781     
   1.4781066825642925E-002  0.57004144929722089     
   1.9009758763406950E-002  0.17608393612495890     
   2.2558041930044626E-002   1.0121525373484264     
   2.7528404685550796E-002  0.89751056262856599     
   3.2924170772707526E-002   1.3843013444016437     
   3.9583345139207964E-002   1.4088241962618095     
   4.8482283607784241E-002   1.2044054613473547     
   5.9214978228736552E-002  0.76657935870478611     
   7.2080521460213362E-002   1.1137039974896759     
   8.7419255034663218E-002  0.84980828806576236     
  0.10579667824952024       0.89807779234968754     
  0.12854808104919171       0.99851109823785966     
  0.15632078169124311        1.0055551409434509     
  0.18975741449582317       0.82823020603636210     
  0.23032868064044379       0.91375732038676560     
  0.27962368063317661        1.0846064078656388     
  0.33948762138704197        1.1132909288694481     
  0.41220775775346907        1.3802448675830430     
  0.50048824219328136        1.2404971069346782     
  0.60768816316668328        1.3223767038530629     
  0.73829232115333110        1.2169107655373341     
   6.2831853071800003E-003  0.39916921006245043     
   8.8857658763173177E-003  -2.6984210178527266     
   1.0882796185406024E-002   2.8432494448258807     
   1.2566370614360001E-002  -2.4185443842497270     
   1.4781066825642925E-002   2.0105354282255639     
   1.9009758763406950E-002  -1.2308885596459482     
   2.2558041930044626E-002   1.2404394418662383     
   2.7528404685550796E-002   1.5303322957114787     
   3.2924170772707526E-002   2.1827488176281298     
   3.9583345139207964E-002  0.80603684442746637     
   4.8482283607784241E-002  0.18440165540534673     
   5.9214978228736552E-002  0.62558117464765706     
   7.2080521460213362E-002  0.88207633376155614     
   8.7419255034663218E-002  0.97770720950256362     
  0.10579667824952024       0.53954874975998823     
  0.12854808104919171       0.42742391199498642     
  0.15632078169124311        1.1473962754651805     
  0.18975741449582317       0.45879255051900991     
  0.23032868064044379       0.53865161228542868     
  0.27962368063317661       0.88635526264538000     
  0.33948762138704197       0.90369099235958905     
  0.41220775775346907       0.75381537284401612     
  0.50048824219328136       0.39042287117017138     
  0.60768816316668328       0.22559352079330228     
  0.73829232115333110       -5.3433725115940509E-002
   6.2831853071800003E-003  0.99562521824387662     
   8.8857658763173177E-003   1.0599132375917053     
   1.0882796185406024E-002  0.89966796384383640     
   1.2566370614360001E-002   1.1805717480767575     
   1.4781066825642925E-002  0.94110074577254754     
   1.9009758763406950E-002  0.98902593116972237     
   2.2558041930044626E-002   1.0103531551734068     
   2.7528404685550796E-002   1.0002727909639748     
   3.2924170772707526E-002  0.97809481896432748     
   3.9583345139207964E-002  0.99933280800715485     
   4.8482283607784241E-002   1.0096644722667731     
   5.9214978228736552E-002   1.0030009656749175     
   7.2080521460213362E-002   1.0027227465812643     
   8.7419255034663218E-002   1.0117657365034876     
  0.10579667824952024        1.0531471395297829     
  0.12854808104919171       0.98048548384458389     
  0.15632078169124311        1.0939408369235741     
  0.18975741449582317        1.0789712016999140     
  0.23032868064044379        1.1789922804117861     
  0.27962368063317661        1.2611440398346283     
  0.33948762138704197        1.3542882633194762     
  0.41220775775346907        1.4740069867844243     
  0.50048824219328136        1.6200084589435568     
  0.60768816316668328        1.8019712689285101     
  0.73829232115333110        2.0200678667607801     
   6.2831853071800003E-003  0.86275259274207672     
   8.8857658763173177E-003   1.0745367157248302     
   1.0882796185406024E-002  0.89627475174820903     
   1.2566370614360001E-002   1.4536386208248004     
   1.4781066825642925E-002  0.92978527033457103     
   1.9009758763406950E-002  0.91867023043386931     
   2.2558041930044626E-002  0.98300450334616529     
   2.7528404685550796E-002  0.97372858235068716     
   3.2924170772707526E-002  0.97903703522484109     
   3.9583345139207964E-002   1.0207224448510450     
   4.8482283607784241E-002  0.99916162712133105     
   5.9214978228736552E-002   1.0168344815222912     
   7.2080521460213362E-002   1.0096726953545534     
   8.7419255034663218E-002   1.0200590892769392     
  0.10579667824952024        1.0710767224634943     
  0.12854808104919171        1.0015068805299769     
  0.15632078169124311        1.1359861641262317     
  0.18975741449582317        1.1408091219208230     
  0.23032868064044379        1.2580889438441667     
  0.27962368063317661        1.3800936197516289     
  0.33948762138704197        1.4951285038315021     
  0.41220775775346907        1.6492826641658205     
  0.50048824219328136        1.8379738276522262     
  0.60768816316668328        2.0532472067789413     
  0.73829232115333110        2.3099190679326567     
   6.2831853071800003E-003  0.64122649359353723     
   8.8857658763173177E-003   1.0793029021067690     
   1.0882796185406024E-002  0.86164279397799914     
   1.2566370614360001E-002  0.50587090591348927     
   1.4781066825642925E-002  0.99148705666614811     
   1.9009758763406950E-002  0.98180284672747120     
   2.2558041930044626E-002  0.98339258279031350     
   2.7528404685550796E-002   1.0307644095079935     
   3.2924170772707526E-002  0.99685382336493478     
   3.9583345139207964E-002   1.0199145878612381     
   4.8482283607784241E-002   1.0207828618748935     
   5.9214978228736552E-002   1.0259302334130684     
   7.2080521460213362E-002   1.0544191154202878     
   8.7419255034663218E-002   1.0452598161411939     
  0.10579667824952024        1.1050967820630642     
  0.12854808104919171        1.0698911145782424     
  0.15632078169124311        1.2014303777254141     
  0.18975741449582317        1.1973993982171423     
  0.23032868064044379        1.3263022259110790     
  0.27962368063317661        1.4586499640016553     
  0.33948762138704197        1.5794452651438353     
  0.41220775775346907        1.7598116873676155     
  0.50048824219328136        1.9391807054032073     
  0.60768816316668328        2.1117727559334414     
  0.73829232115333110        2.3069876207537607     
   6.2831853071800003E-003   1.2119723482695266     
   8.8857658763173177E-003   1.3912148913405231     
   1.0882796185406024E-002  0.70548008316344646     
   1.2566370614360001E-002  0.94325711619004182     
   1.4781066825642925E-002  0.98378581434785128     
   1.9009758763406950E-002  0.94214794702340332     
   2.2558041930044626E-002  0.95282368670846340     
   2.7528404685550796E-002  0.90158760473354826     
   3.2924170772707526E-002   1.1060683344105371     
   3.9583345139207964E-002   1.0568010569405595     
   4.8482283607784241E-002  0.99086382229585712     
   5.9214978228736552E-002   1.0096036438504929     
   7.2080521460213362E-002   1.0036953244018441     
   8.7419255034663218E-002   1.0446540644976667     
  0.10579667824952024        1.1016044987581453     
  0.12854808104919171        1.0279848522972148     
  0.15632078169124311        1.1477468220367355     
  0.18975741449582317        1.1586465532129373     
  0.23032868064044379        1.3057259475014893     
  0.27962368063317661        1.3977805869359761     
  0.33948762138704197        1.4733651714228821     
  0.41220775775346907        1.6050502898233470     
  0.50048824219328136        1.7150645061260024     
  0.60768816316668328        1.8574389557318614     
  0.73829232115333110        1.9405069221052837     
   6.2831853071800003E-003   1.2124791438725795     
   8.8857658763173177E-003   1.1511654277612546     
   1.0882796185406024E-002   1.4747315822359315     
   1.2566370614360001E-002   1.0567242562412686     
   1.4781066825642925E-002   1.3713112389722770     
   1.9009758763406950E-002   1.0823335636193863     
   2.2558041930044626E-002  0.94142341349419789     
   2.7528404685550796E-002  0.92855832367526803     
   3.2924170772707526E-002  0.99924968671202707     
   3.9583345139207964E-002  0.93634080804925890     
   4.8482283607784241E-002  0.89995008351124373     
   5.9214978228736552E-002   1.0614029826891609     
   7.2080521460213362E-002  0.97741739896393698     
   8.7419255034663218E-002   1.0098055776081967     
  0.10579667824952024       0.98474608167417033     
  0.12854808104919171       0.92136496068909690     
  0.15632078169124311        1.1060072464277826     
  0.18975741449582317        1.0566728431390053     
  0.23032868064044379        1.2050849143025693     
  0.27962368063317661        1.2418074192952966     
  0.33948762138704197        1.3183583232328038     
  0.41220775775346907        1.3717664263706157     
  0.50048824219328136        1.3228491464296779     
  0.60768816316668328        1.3485471971757979     
  0.73829232115333110        1.2481587100751310     
   6.2831853071800003E-003   1.4076745348253399     
   8.8857658763173177E-003   1.3875603550695004     
   1.0882796185406024E-002   2.3801871768062361     
   1.2566370614360001E-002   3.1983656928282773     
   1.4781066825642925E-002  0.75830710050114336     
   1.9009758763406950E-002   1.1906505298347678     
   2.2558041930044626E-002   1.4457187748572529     
   2.7528404685550796E-002  0.98737674080739324     
   3.2924170772707526E-002  0.77360155827519517     
   3.9583345139207964E-002   1.0322253421448366     
   4.8482283607784241E-002  0.93040047944174775     
   5.9214978228736552E-002  0.79911821339851730     
   7.2080521460213362E-002  0.89275706313795333     
   8.7419255034663218E-002  0.93711064865322569     
  0.10579667824952024       0.95781421764767427     
  0.12854808104919171       0.92377960057671304     
  0.15632078169124311        1.0549492156815907     
  0.18975741449582317        1.0035589651359877     
  0.23032868064044379        1.0125830248020762     
  0.27962368063317661        1.1441654286284884     
  0.33948762138704197        1.1251114113319554     
  0.41220775775346907        1.1856772868246177     
  0.50048824219328136        1.4072593858686291     
  0.60768816316668328        1.3523791888007097     
  0.73829232115333110        1.2779514901768685     
   6.2831853071800003E-003  -6.4762071026575949     
   8.8857658763173177E-003 -0.51128770785205724     
   1.0882796185406024E-002  0.43185850993453501     
   1.2566370614360001E-002  -1.2931666253185528     
   1.4781066825642925E-002  0.98407858186902419     
   1.9009758763406950E-002  0.24487613700684446     
   2.2558041930044626E-002  0.67411791113128994     
   2.7528404685550796E-002  0.90906827254295153     
   3.2924170772707526E-002   1.4516538451864578     
   3.9583345139207964E-002   1.3036772000221670     
   4.8482283607784241E-002   1.1629755574685501     
   5.9214978228736552E-002  0.74724772503132508     
   7.2080521460213362E-002   1.1517508749446264     
   8.7419255034663218E-002  0.87138687835593587     
  0.10579667824952024        1.0219946964675066     
  0.12854808104919171       0.95141474280967619     
  0.15632078169124311        1.1174401912296965     
  0.18975741449582317        1.0115986414637981     
  0.23032868064044379       0.87650824394363525     
  0.27962368063317661       0.94018837132222599     
  0.33948762138704197       0.88334203567354208     
  0.41220775775346907       0.98383191142594184     
  0.50048824219328136       0.69658146043503344     
  0.60768816316668328       0.50620744948901630     
  0.73829232115333110       -5.7025526019312094E-003
   6.2831853071800003E-003  0.21400971195789126     
   8.8857658763173177E-003  -3.2260982425181344     
   1.0882796185406024E-002   3.7159261533157371     
   1.2566370614360001E-002  -3.5311027253006300     
   1.4781066825642925E-002   1.6389819297970658     
   1.9009758763406950E-002 -0.70802209874814936     
   2.2558041930044626E-002   1.1019482116483243     
   2.7528404685550796E-002   1.6405513555424462     
   3.2924170772707526E-002   2.1211610750991170     
   3.9583345139207964E-002  0.72617589774995295     
   4.8482283607784241E-002  0.37290197959847582     
   5.9214978228736552E-002  0.58373943530382966     
   7.2080521460213362E-002  0.86532876442091600     
   8.7419255034663218E-002  0.81115953405877350     
  0.10579667824952024       0.66894857420069054     
  0.12854808104919171       0.41223029379040560     
  0.15632078169124311       0.95488791832458264     
  0.18975741449582317       0.64573454941087538     
  0.23032868064044379        1.0557836626951835     
  0.27962368063317661        1.1529236941815950     
  0.33948762138704197        1.2265760769990974     
  0.41220775775346907       0.53732916902380290     
  0.50048824219328136       0.25310918336454219     
  0.60768816316668328       0.49521707955585809     
  0.73829232115333110       0.32731994196885711     
   6.2831853071800003E-003  0.68846808682026850     
   8.8857658763173177E-003   1.0397745036112847     
   1.0882796185406024E-002  0.83471636504431679     
   1.2566370614360001E-002  0.44819202145527431     
   1.4781066825642925E-002   1.0176560387500611     
   1.9009758763406950E-002   1.0536557706134837     
   2.2558041930044626E-002   1.0114785874835812     
   2.7528404685550796E-002   1.0633203296541343     
   3.2924170772707526E-002   1.0057320995392431     
   3.9583345139207964E-002   1.0050723987610466     
   4.8482283607784241E-002   1.0284979700563395     
   5.9214978228736552E-002   1.0122313757639536     
   7.2080521460213362E-002   1.0411399442477567     
   8.7419255034663218E-002   1.0290907601760400     
  0.10579667824952024        1.0621894405394903     
  0.12854808104919171        1.0196738623565200     
  0.15632078169124311        1.1211319579798249     
  0.18975741449582317        1.1012150655526454     
  0.23032868064044379        1.1826101877113155     
  0.27962368063317661        1.2588635208280519     
  0.33948762138704197        1.3426145683535742     
  0.41220775775346907        1.4531036480257185     
  0.50048824219328136        1.5718443774133857     
  0.60768816316668328        1.7190428199400785     
  0.73829232115333110        1.8798574789327045     
   6.2831853071800003E-003  0.64122649359353723     
   8.8857658763173177E-003   1.0793029021067690     
   1.0882796185406024E-002  0.86164279397799914     
   1.2566370614360001E-002  0.50587090591348927     
   1.4781066825642925E-002  0.99148705666614811     
   1.9009758763406950E-002  0.98180284672747120     
   2.2558041930044626E-002  0.98339258279031350     
   2.7528404685550796E-002   1.0307644095079935     
   3.2924170772707526E-002  0.99685382336493478     
   3.9583345139207964E-002   1.0199145878612381     
   4.8482283607784241E-002   1.0207828618748935     
   5.9214978228736552E-002   1.0259302334130684     
   7.2080521460213362E-002   1.0544191154202878     
   8.7419255034663218E-002   1.0452598161411939     
  0.10579667824952024        1.1050967820630642     
  0.12854808104919171        1.0698911145782424     
  0.15632078169124311        1.2014303777254141     
  0.18975741449582317        1.1973993982171423     
  0.23032868064044379        1.3263022259110790     
  0.27962368063317661        1.4586499640016553     
  0.33948762138704197        1.5794452651438353     
  0.41220775775346907        1.7598116873676155     
  0.50048824219328136        1.9391807054032073     
  0.60768816316668328        2.1117727559334414     
  0.73829232115333110        2.3069876207537607     
   6.2831853071800003E-003  0.34200094121448554     
   8.8857658763173177E-003  0.95945768826565825     
   1.0882796185406024E-002  0.93475409766249862     
   1.2566370614360001E-002   8.0753248122926238E-002
   1.4781066825642925E-002   1.1349983453489905     
   1.9009758763406950E-002   1.0634831521034593     
   2.2558041930044626E-002   1.0418308067454460     
   2.7528404685550796E-002   1.1642291257587862     
   3.2924170772707526E-002   1.1141756817391364     
   3.9583345139207964E-002   1.1321417199745334     
   4.8482283607784241E-002   1.0915440249589805     
   5.9214978228736552E-002   1.1379254707595072     
   7.2080521460213362E-002   1.2113039239171677     
   8.7419255034663218E-002   1.2049012338334883     
  0.10579667824952024        1.2865351449060138     
  0.12854808104919171        1.3132935148964524     
  0.15632078169124311        1.4554701318068108     
  0.18975741449582317        1.5100788084471466     
  0.23032868064044379        1.7126609829663459     
  0.27962368063317661        1.8976430279059766     
  0.33948762138704197        2.0546616238332387     
  0.41220775775346907        2.2943022831157669     
  0.50048824219328136        2.5313015808269612     
  0.60768816316668328        2.8515212691085816     
  0.73829232115333110        3.1068625092339484     
   6.2831853071800003E-003  0.95760361444953190     
   8.8857658763173177E-003   1.3608188994180295     
   1.0882796185406024E-002  0.56602597676326893     
   1.2566370614360001E-002  0.10536420882434169     
   1.4781066825642925E-002   1.0989711359817094     
   1.9009758763406950E-002  0.94825629907514908     
   2.2558041930044626E-002  0.94826355629998793     
   2.7528404685550796E-002  0.89800847518206195     
   3.2924170772707526E-002   1.1487672911032649     
   3.9583345139207964E-002   1.0917976471250141     
   4.8482283607784241E-002   1.0418289897678676     
   5.9214978228736552E-002   1.0646882998457450     
   7.2080521460213362E-002   1.1127925977487789     
   8.7419255034663218E-002   1.1459299248145118     
  0.10579667824952024        1.2669474242561209     
  0.12854808104919171        1.2355215042548098     
  0.15632078169124311        1.4177343224806374     
  0.18975741449582317        1.4671858171393177     
  0.23032868064044379        1.6324936725350658     
  0.27962368063317661        1.8166115952486073     
  0.33948762138704197        2.0109677678606506     
  0.41220775775346907        2.1500588460020897     
  0.50048824219328136        2.2965869003395261     
  0.60768816316668328        2.4162263291929897     
  0.73829232115333110        2.6125582573432964     
   6.2831853071800003E-003  0.31498046814962644     
   8.8857658763173177E-003   1.3128194779079558     
   1.0882796185406024E-002   1.4510545404996051     
   1.2566370614360001E-002  0.54251652903461534     
   1.4781066825642925E-002   1.5760827862950122     
   1.9009758763406950E-002   1.0561278923601203     
   2.2558041930044626E-002  0.96296226001293439     
   2.7528404685550796E-002  0.98380086336831973     
   3.2924170772707526E-002   1.0913583002449012     
   3.9583345139207964E-002   1.0648306567157990     
   4.8482283607784241E-002   1.0242404306619655     
   5.9214978228736552E-002   1.1536287945060992     
   7.2080521460213362E-002   1.1712249691510839     
   8.7419255034663218E-002   1.1718313336718384     
  0.10579667824952024        1.2869364881355085     
  0.12854808104919171        1.1712470165156716     
  0.15632078169124311        1.4190124510848223     
  0.18975741449582317        1.3694273103579184     
  0.23032868064044379        1.6398803258218737     
  0.27962368063317661        1.6935190341334057     
  0.33948762138704197        1.7557615340201704     
  0.41220775775346907        1.8974486633313181     
  0.50048824219328136        2.0657612120901816     
  0.60768816316668328        2.1694879844635420     
  0.73829232115333110        1.9222115953146424     
   6.2831853071800003E-003  0.33641675915933950     
   8.8857658763173177E-003   1.0577766678023515     
   1.0882796185406024E-002   1.9167012762187703     
   1.2566370614360001E-002   1.1248360322188291     
   1.4781066825642925E-002  0.91891687317766380     
   1.9009758763406950E-002   1.1010142819895785     
   2.2558041930044626E-002   1.4207248358943991     
   2.7528404685550796E-002  0.99672332527393126     
   3.2924170772707526E-002  0.90546288249159090     
   3.9583345139207964E-002   1.0451838463550898     
   4.8482283607784241E-002  0.95525819974772841     
   5.9214978228736552E-002  0.89758879528631941     
   7.2080521460213362E-002   1.0470541905121926     
   8.7419255034663218E-002   1.0067581909619892     
  0.10579667824952024        1.1544414121119821     
  0.12854808104919171        1.1565640859730923     
  0.15632078169124311        1.2067279806663307     
  0.18975741449582317        1.2997000779538950     
  0.23032868064044379        1.5299154330402085     
  0.27962368063317661        1.5852127594472734     
  0.33948762138704197        1.6960728732997845     
  0.41220775775346907        2.0299962973367642     
  0.50048824219328136        2.0659407973083659     
  0.60768816316668328        2.1075325702980536     
  0.73829232115333110        1.8920472589878903     
   6.2831853071800003E-003  -5.2534851337402850     
   8.8857658763173177E-003  0.50248763887577108     
   1.0882796185406024E-002   1.5539393373749686     
   1.2566370614360001E-002   1.2522209898578323     
   1.4781066825642925E-002  0.46593669070361371     
   1.9009758763406950E-002  0.24706905986800315     
   2.2558041930044626E-002   1.0508419527358144     
   2.7528404685550796E-002  0.94952944335145273     
   3.2924170772707526E-002   1.2022663691266255     
   3.9583345139207964E-002   1.3258773485492248     
   4.8482283607784241E-002   1.0826893464031559     
   5.9214978228736552E-002  0.69032403091470906     
   7.2080521460213362E-002   1.2630300373335199     
   8.7419255034663218E-002   1.0598404331022004     
  0.10579667824952024        1.0021251525055550     
  0.12854808104919171        1.0170332939418643     
  0.15632078169124311        1.3098595918996028     
  0.18975741449582317       0.77933286554344350     
  0.23032868064044379       0.98147872214877507     
  0.27962368063317661        1.1126709348388226     
  0.33948762138704197        1.2509361265380858     
  0.41220775775346907        1.7220386328355477     
  0.50048824219328136        1.5222015102252209     
  0.60768816316668328        1.4602232006041167     
  0.73829232115333110       0.48450810851939347     
   6.2831853071800003E-003 -0.53399181195786793     
   8.8857658763173177E-003  -2.9704287959321869     
   1.0882796185406024E-002   1.8323913316672766     
   1.2566370614360001E-002 -0.55512820613136715     
   1.4781066825642925E-002   1.9819022982947661     
   1.9009758763406950E-002 -0.81529122916873342     
   2.2558041930044626E-002  0.85355186151239815     
   2.7528404685550796E-002   1.3618418330755266     
   3.2924170772707526E-002   2.1582145447789869     
   3.9583345139207964E-002  0.95880145556083873     
   4.8482283607784241E-002   2.4355177152938678E-002
   5.9214978228736552E-002  0.67793666703459521     
   7.2080521460213362E-002   1.0895500811765810     
   8.7419255034663218E-002  0.83515010977656046     
  0.10579667824952024        1.1288998510970749     
  0.12854808104919171       0.34855760419853282     
  0.15632078169124311        1.3223827601098281     
  0.18975741449582317       0.43762677151664148     
  0.23032868064044379       0.87554986189324191     
  0.27962368063317661        1.2355216807119078     
  0.33948762138704197        1.6552301138417278     
  0.41220775775346907        1.4346802805027032     
  0.50048824219328136       0.78843634860144296     
  0.60768816316668328        2.3471497816518179     
  0.73829232115333110       -7.4097806198083335E-003
   6.2831853071800003E-003   1.3476464421048222     
   8.8857658763173177E-003   1.3106266312139456     
   1.0882796185406024E-002  0.71273265762934890     
   1.2566370614360001E-002  0.81848454076520682     
   1.4781066825642925E-002   1.0330599979665460     
   1.9009758763406950E-002  0.99834199976338234     
   2.2558041930044626E-002   1.0109479456506900     
   2.7528404685550796E-002  0.93611946172673555     
   3.2924170772707526E-002   1.0995064316802310     
   3.9583345139207964E-002   1.0267668957863678     
   4.8482283607784241E-002   1.0075823424511150     
   5.9214978228736552E-002   1.0068164269805093     
   7.2080521460213362E-002  0.98312146562386671     
   8.7419255034663218E-002   1.0160161762231446     
  0.10579667824952024        1.0409122458190376     
  0.12854808104919171       0.97509624642049320     
  0.15632078169124311        1.0658393308395608     
  0.18975741449582317        1.0372852957451424     
  0.23032868064044379        1.1222721583373854     
  0.27962368063317661        1.1762833069880818     
  0.33948762138704197        1.2378443044314886     
  0.41220775775346907        1.3111711767933203     
  0.50048824219328136        1.3864383876676962     
  0.60768816316668328        1.4796019497233850     
  0.73829232115333110        1.5574424291787603     
   6.2831853071800003E-003   1.2119723482695266     
   8.8857658763173177E-003   1.3912148913405231     
   1.0882796185406024E-002  0.70548008316344646     
   1.2566370614360001E-002  0.94325711619004182     
   1.4781066825642925E-002  0.98378581434785128     
   1.9009758763406950E-002  0.94214794702340332     
   2.2558041930044626E-002  0.95282368670846340     
   2.7528404685550796E-002  0.90158760473354826     
   3.2924170772707526E-002   1.1060683344105371     
   3.9583345139207964E-002   1.0568010569405595     
   4.8482283607784241E-002  0.99086382229585712     
   5.9214978228736552E-002   1.0096036438504929     
   7.2080521460213362E-002   1.0036953244018441     
   8.7419255034663218E-002   1.0446540644976667     
  0.10579667824952024        1.1016044987581453     
  0.12854808104919171        1.0279848522972148     
  0.15632078169124311        1.1477468220367355     
  0.18975741449582317        1.1586465532129373     
  0.23032868064044379        1.3057259475014893     
  0.27962368063317661        1.3977805869359761     
  0.33948762138704197        1.4733651714228821     
  0.41220775775346907        1.6050502898233470     
  0.50048824219328136        1.7150645061260024     
  0.60768816316668328        1.8574389557318614     
  0.73829232115333110        1.9405069221052837     
   6.2831853071800003E-003  0.95760361444953190     
   8.8857658763173177E-003   1.3608188994180295     
   1.0882796185406024E-002  0.56602597676326893     
   1.2566370614360001E-002  0.10536420882434169     
   1.4781066825642925E-002   1.0989711359817094     
   1.9009758763406950E-002  0.94825629907514908     
   2.2558041930044626E-002  0.94826355629998793     
   2.7528404685550796E-002  0.89800847518206195     
   3.2924170772707526E-002   1.1487672911032649     
   3.9583345139207964E-002   1.0917976471250141     
   4.8482283607784241E-002   1.0418289897678676     
   5.9214978228736552E-002   1.0646882998457450     
   7.2080521460213362E-002   1.1127925977487789     
   8.7419255034663218E-002   1.1459299248145118     
  0.10579667824952024        1.2669474242561209     
  0.12854808104919171        1.2355215042548098     
  0.15632078169124311        1.4177343224806374     
  0.18975741449582317        1.4671858171393177     
  0.23032868064044379        1.6324936725350658     
  0.27962368063317661        1.8166115952486073     
  0.33948762138704197        2.0109677678606506     
  0.41220775775346907        2.1500588460020897     
  0.50048824219328136        2.2965869003395261     
  0.60768816316668328        2.4162263291929897     
  0.73829232115333110        2.6125582573432964     
   6.2831853071800003E-003   1.4296334102179684     
   8.8857658763173177E-003   1.2371087112372410     
   1.0882796185406024E-002  0.20773710496572048     
   1.2566370614360001E-002  0.87809978119327847     
   1.4781066825642925E-002   1.0237095226038428     
   1.9009758763406950E-002   1.2172901336008837     
   2.2558041930044626E-002  0.97426428847338653     
   2.7528404685550796E-002  0.80932966335400958     
   3.2924170772707526E-002   1.1275178515877331     
   3.9583345139207964E-002   1.0512083324131754     
   4.8482283607784241E-002   1.0707601068661805     
   5.9214978228736552E-002   1.0548366544803227     
   7.2080521460213362E-002   1.0669637725107319     
   8.7419255034663218E-002   1.1689376128028146     
  0.10579667824952024        1.3268344145166870     
  0.12854808104919171        1.3018245468640817     
  0.15632078169124311        1.4961379661777536     
  0.18975741449582317        1.5786097045933889     
  0.23032868064044379        1.8342399684658812     
  0.27962368063317661        2.0469167348698432     
  0.33948762138704197        2.3079780010677000     
  0.41220775775346907        2.5273305492456157     
  0.50048824219328136        2.7251067652452483     
  0.60768816316668328        3.0699909316056839     
  0.73829232115333110        3.6500704362602092     
   6.2831853071800003E-003   1.5641165651882041     
   8.8857658763173177E-003   1.5057528845215065     
   1.0882796185406024E-002  0.93878891222666727     
   1.2566370614360001E-002   1.3909192948210052     
   1.4781066825642925E-002   1.3315071783094445     
   1.9009758763406950E-002  0.88084241577800659     
   2.2558041930044626E-002  0.74470397806965760     
   2.7528404685550796E-002  0.75326093674709771     
   3.2924170772707526E-002  0.98268560259258086     
   3.9583345139207964E-002  0.85645293047838567     
   4.8482283607784241E-002  0.95192109758671950     
   5.9214978228736552E-002   1.1094002329840280     
   7.2080521460213362E-002   1.1152780099369572     
   8.7419255034663218E-002   1.1172054353683167     
  0.10579667824952024        1.2022260005211578     
  0.12854808104919171        1.1569635007145314     
  0.15632078169124311        1.5152008427988655     
  0.18975741449582317        1.4556291131092871     
  0.23032868064044379        1.6936319891669163     
  0.27962368063317661        1.8744139947463316     
  0.33948762138704197        2.2053407317300344     
  0.41220775775346907        2.3446621142380244     
  0.50048824219328136        2.1954916022873019     
  0.60768816316668328        2.5636013165113689     
  0.73829232115333110        2.6884326669297143     
   6.2831853071800003E-003   2.2332083234566467     
   8.8857658763173177E-003   1.0549327526986525     
   1.0882796185406024E-002   1.3033213359223219     
   1.2566370614360001E-002   2.0230170826972822     
   1.4781066825642925E-002  0.81633205371098549     
   1.9009758763406950E-002   1.0230792816326191     
   2.2558041930044626E-002   1.3229128861649788     
   2.7528404685550796E-002  0.91481726660860363     
   3.2924170772707526E-002  0.89947890156959354     
   3.9583345139207964E-002  0.96024184550175917     
   4.8482283607784241E-002  0.95487375915131534     
   5.9214978228736552E-002  0.84972173119040240     
   7.2080521460213362E-002   1.0561036987320052     
   8.7419255034663218E-002   1.1222173315889890     
  0.10579667824952024        1.1970598106173482     
  0.12854808104919171        1.3452488750546248     
  0.15632078169124311        1.6334769379985044     
  0.18975741449582317        1.4733259254590154     
  0.23032868064044379        1.6249766403013590     
  0.27962368063317661        2.1529457373691634     
  0.33948762138704197        2.4290856031237600     
  0.41220775775346907        2.0490380666661814     
  0.50048824219328136        2.2651997251776841     
  0.60768816316668328        2.1838642904968935     
  0.73829232115333110        2.3644152034784396     
   6.2831853071800003E-003  -9.2777497854018662     
   8.8857658763173177E-003 -0.24158002674144161     
   1.0882796185406024E-002 -0.90120366201586244     
   1.2566370614360001E-002  -11.625196153068867     
   1.4781066825642925E-002   1.4294018509312594     
   1.9009758763406950E-002  0.16264659658842801     
   2.2558041930044626E-002  0.56444059349450348     
   2.7528404685550796E-002  0.72733372737228219     
   3.2924170772707526E-002   1.8864903973042877     
   3.9583345139207964E-002   1.5326548640185804     
   4.8482283607784241E-002  0.67083364384887723     
   5.9214978228736552E-002  0.83013268019011388     
   7.2080521460213362E-002   1.0283642307370242     
   8.7419255034663218E-002   1.3136736944852094     
  0.10579667824952024        1.3478441131770758     
  0.12854808104919171        1.4025004155155640     
  0.15632078169124311        1.7591183379330673     
  0.18975741449582317        2.4598716719231728     
  0.23032868064044379        1.8764223884595961     
  0.27962368063317661        2.3497583753135030     
  0.33948762138704197        2.5055284375789384     
  0.41220775775346907        3.4562190995841844     
  0.50048824219328136        3.5637437263198306     
  0.60768816316668328        4.0466850088345758     
  0.73829232115333110        1.8960045490747832     
   6.2831853071800003E-003  -2.4676760875250570     
   8.8857658763173177E-003  -6.0066022452246024     
   1.0882796185406024E-002   2.5213701539778031     
   1.2566370614360001E-002  -2.5226723295641822     
   1.4781066825642925E-002  0.81037347084210742     
   1.9009758763406950E-002  -2.7541241880911365     
   2.2558041930044626E-002  0.13247686729823557     
   2.7528404685550796E-002   1.0137764113134544     
   3.2924170772707526E-002   2.6526207140179463     
   3.9583345139207964E-002   1.2285638203959344     
   4.8482283607784241E-002  0.76609731996834285     
   5.9214978228736552E-002   1.1811808933629160     
   7.2080521460213362E-002  0.22422319211776842     
   8.7419255034663218E-002   1.1976793196412125     
  0.10579667824952024        1.4552596479532347     
  0.12854808104919171        1.7146005928229064     
  0.15632078169124311        3.3922670422120658     
  0.18975741449582317        2.4240393927596364     
  0.23032868064044379        2.8567665078583304     
  0.27962368063317661        1.9835132500410002     
  0.33948762138704197        1.6845628802446446     
  0.41220775775346907        3.3143009578189483E-002
  0.50048824219328136       -1.1746577528025524     
  0.60768816316668328       0.58055508401826172     
  0.73829232115333110        3.3198436646918419E-002
   6.2831853071800003E-003   1.6076840094986731     
   8.8857658763173177E-003   1.1601799719533163     
   1.0882796185406024E-002   1.4482553228050543     
   1.2566370614360001E-002  0.93367661494458853     
   1.4781066825642925E-002   1.4260411976353715     
   1.9009758763406950E-002   1.2126704192831077     
   2.2558041930044626E-002  0.90597803420375700     
   2.7528404685550796E-002  0.95972162284954765     
   3.2924170772707526E-002   1.0193532038028150     
   3.9583345139207964E-002  0.94396654235464639     
   4.8482283607784241E-002  0.93306944083985943     
   5.9214978228736552E-002   1.0306164112884106     
   7.2080521460213362E-002  0.98249944360399655     
   8.7419255034663218E-002  0.96992067412248750     
  0.10579667824952024       0.95917645499615523     
  0.12854808104919171       0.87502477560487113     
  0.15632078169124311       0.97771121501100278     
  0.18975741449582317       0.93967818582598384     
  0.23032868064044379        1.0651834861935170     
  0.27962368063317661        1.0615871389946498     
  0.33948762138704197        1.1426546591592555     
  0.41220775775346907        1.1908754377217208     
  0.50048824219328136        1.2213501424606030     
  0.60768816316668328        1.2420778364600231     
  0.73829232115333110        1.2350961645006489     
   6.2831853071800003E-003   1.2124791438725795     
   8.8857658763173177E-003   1.1511654277612546     
   1.0882796185406024E-002   1.4747315822359315     
   1.2566370614360001E-002   1.0567242562412686     
   1.4781066825642925E-002   1.3713112389722770     
   1.9009758763406950E-002   1.0823335636193863     
   2.2558041930044626E-002  0.94142341349419789     
   2.7528404685550796E-002  0.92855832367526803     
   3.2924170772707526E-002  0.99924968671202707     
   3.9583345139207964E-002  0.93634080804925890     
   4.8482283607784241E-002  0.89995008351124373     
   5.9214978228736552E-002   1.0614029826891609     
   7.2080521460213362E-002  0.97741739896393698     
   8.7419255034663218E-002   1.0098055776081967     
  0.10579667824952024       0.98474608167417033     
  0.12854808104919171       0.92136496068909690     
  0.15632078169124311        1.1060072464277826     
  0.18975741449582317        1.0566728431390053     
  0.23032868064044379        1.2050849143025693     
  0.27962368063317661        1.2418074192952966     
  0.33948762138704197        1.3183583232328038     
  0.41220775775346907        1.3717664263706157     
  0.50048824219328136        1.3228491464296779     
  0.60768816316668328        1.3485471971757979     
  0.73829232115333110        1.2481587100751310     
   6.2831853071800003E-003  0.31498046814962644     
   8.8857658763173177E-003   1.3128194779079558     
   1.0882796185406024E-002   1.4510545404996051     
   1.2566370614360001E-002  0.54251652903461534     
   1.4781066825642925E-002   1.5760827862950122     
   1.9009758763406950E-002   1.0561278923601203     
   2.2558041930044626E-002  0.96296226001293439     
   2.7528404685550796E-002  0.98380086336831973     
   3.2924170772707526E-002   1.0913583002449012     
   3.9583345139207964E-002   1.0648306567157990     
   4.8482283607784241E-002   1.0242404306619655     
   5.9214978228736552E-002   1.1536287945060992     
   7.2080521460213362E-002   1.1712249691510839     
   8.7419255034663218E-002   1.1718313336718384     
  0.10579667824952024        1.2869364881355085     
  0.12854808104919171        1.1712470165156716     
  0.15632078169124311        1.4190124510848223     
  0.18975741449582317        1.3694273103579184     
  0.23032868064044379        1.6398803258218737     
  0.27962368063317661        1.6935190341334057     
  0.33948762138704197        1.7557615340201704     
  0.41220775775346907        1.8974486633313181     
  0.50048824219328136        2.0657612120901816     
  0.60768816316668328        2.1694879844635420     
  0.73829232115333110        1.9222115953146424     
   6.2831853071800003E-003   1.5641165651882041     
   8.8857658763173177E-003   1.5057528845215065     
   1.0882796185406024E-002  0.93878891222666727     
   1.2566370614360001E-002   1.3909192948210052     
   1.4781066825642925E-002   1.3315071783094445     
   1.9009758763406950E-002  0.88084241577800659     
   2.2558041930044626E-002  0.74470397806965760     
   2.7528404685550796E-002  0.75326093674709771     
   3.2924170772707526E-002  0.98268560259258086     
   3.9583345139207964E-002  0.85645293047838567     
   4.8482283607784241E-002  0.95192109758671950     
   5.9214978228736552E-002   1.1094002329840280     
   7.2080521460213362E-002   1.1152780099369572     
   8.7419255034663218E-002   1.1172054353683167     
  0.10579667824952024        1.2022260005211578     
  0.12854808104919171        1.1569635007145314     
  0.15632078169124311        1.5152008427988655     
  0.18975741449582317        1.4556291131092871     
  0.23032868064044379        1.6936319891669163     
  0.27962368063317661        1.8744139947463316     
  0.33948762138704197        2.2053407317300344     
  0.41220775775346907        2.3446621142380244     
  0.50048824219328136        2.1954916022873019     
  0.60768816316668328        2.5636013165113689     
  0.73829232115333110        2.6884326669297143     
   6.2831853071800003E-003   1.7352487960717402     
   8.8857658763173177E-003  0.34910934722311321     
   1.0882796185406024E-002  0.95699318958869617     
   1.2566370614360001E-002  0.25076232488265637     
   1.4781066825642925E-002   1.7620342217841090     
   1.9009758763406950E-002   1.1171071979501694     
   2.2558041930044626E-002  0.92793735013131717     
   2.7528404685550796E-002  0.95523219264615522     
   3.2924170772707526E-002  0.92919895396267993     
   3.9583345139207964E-002  0.69924940982150763     
   4.8482283607784241E-002   1.1264806571982446     
   5.9214978228736552E-002   1.1263700195683710     
   7.2080521460213362E-002   1.1120162613009741     
   8.7419255034663218E-002   1.2722257891565638     
  0.10579667824952024        1.4355007756338758     
  0.12854808104919171        1.3976201926477749     
  0.15632078169124311        1.8836479125699115     
  0.18975741449582317        1.9350585947626486     
  0.23032868064044379        2.1159000033468094     
  0.27962368063317661        2.2634871287461502     
  0.33948762138704197        2.7469158273464971     
  0.41220775775346907        3.1625618059462135     
  0.50048824219328136        3.1414606612105134     
  0.60768816316668328        3.6423946948889618     
  0.73829232115333110        4.8094982651386466     
   6.2831853071800003E-003   3.6872351065571003     
   8.8857658763173177E-003  0.77502637139880681     
   1.0882796185406024E-002   2.8896800530861202     
   1.2566370614360001E-002   3.8242791366061240     
   1.4781066825642925E-002   1.2711623644965613     
   1.9009758763406950E-002   2.6867234836405438     
   2.2558041930044626E-002  0.73247937794266005     
   2.7528404685550796E-002  0.29922001681347699     
   3.2924170772707526E-002   1.0785570713607389     
   3.9583345139207964E-002  0.79329195423606547     
   4.8482283607784241E-002  0.70894235654060456     
   5.9214978228736552E-002  0.80984992161191627     
   7.2080521460213362E-002  0.82876164202430147     
   8.7419255034663218E-002   1.0720836868400889     
  0.10579667824952024        1.1666439718594446     
  0.12854808104919171       0.96714221232247344     
  0.15632078169124311        1.2751049700886579     
  0.18975741449582317       0.88223808107688440     
  0.23032868064044379        1.4230872077537406     
  0.27962368063317661        1.4115915240883188     
  0.33948762138704197        1.4075273546713525     
  0.41220775775346907        1.9659986622425478     
  0.50048824219328136        2.6499595910575242     
  0.60768816316668328        2.0037291805592208     
  0.73829232115333110        1.3923386376267024     
   6.2831853071800003E-003  -1.4114025158231513     
   8.8857658763173177E-003   3.2476856877576132     
   1.0882796185406024E-002 -0.87207937287391346     
   1.2566370614360001E-002  -7.8270936845796024     
   1.4781066825642925E-002   1.0618971272653528     
   1.9009758763406950E-002   1.0905377995252679     
   2.2558041930044626E-002 -0.47078978780965636     
   2.7528404685550796E-002  0.29650344542298634     
   3.2924170772707526E-002  0.11925566509793281     
   3.9583345139207964E-002  0.86690734619230514     
   4.8482283607784241E-002   1.3754157377231810     
   5.9214978228736552E-002   1.1575016917289116     
   7.2080521460213362E-002  0.84904992962344628     
   8.7419255034663218E-002  0.91908965159123501     
  0.10579667824952024        2.3123392689271633     
  0.12854808104919171        2.0998285806982051     
  0.15632078169124311        2.9903639901675216     
  0.18975741449582317        3.2466067973887882     
  0.23032868064044379        3.9176117719497681     
  0.27962368063317661        3.8761887910432549     
  0.33948762138704197        3.1942600467160172     
  0.41220775775346907        3.3523639047368121     
  0.50048824219328136        2.2860676805077187     
  0.60768816316668328        3.2789254735875120     
  0.73829232115333110        2.5705513456081612     
   6.2831853071800003E-003   4.6316172559968392     
   8.8857658763173177E-003  -6.8558685198738161     
   1.0882796185406024E-002   4.3930009723275463     
   1.2566370614360001E-002  -1.2329220499619122     
   1.4781066825642925E-002   2.4704155732794875     
   1.9009758763406950E-002  -2.7662757578693742     
   2.2558041930044626E-002 -0.60690914103442695     
   2.7528404685550796E-002  0.17771340639441002     
   3.2924170772707526E-002  0.44620646445980700     
   3.9583345139207964E-002 -0.55867075566026703     
   4.8482283607784241E-002  0.26707618196712335     
   5.9214978228736552E-002  0.39592550509332092     
   7.2080521460213362E-002 -0.42548650324772774     
   8.7419255034663218E-002   1.1590423887567909     
  0.10579667824952024        1.2227221256741250     
  0.12854808104919171       0.35659881642725150     
  0.15632078169124311       0.40236085296556190     
  0.18975741449582317       0.12568240289677446     
  0.23032868064044379       -1.6921713908010878     
  0.27962368063317661      -0.41186130194261461     
  0.33948762138704197      -0.78841447182642599     
  0.41220775775346907        1.2699063465398230     
  0.50048824219328136       0.22900341250810050     
  0.60768816316668328       0.45995833928886515     
  0.73829232115333110      -0.89810514290666754     
   6.2831853071800003E-003   1.5960843099627904     
   8.8857658763173177E-003   1.3757520024296388     
   1.0882796185406024E-002   2.1026282487768517     
   1.2566370614360001E-002   2.0865041130737452     
   1.4781066825642925E-002  0.83145507091900028     
   1.9009758763406950E-002   1.3363118281489093     
   2.2558041930044626E-002   1.4582393982474573     
   2.7528404685550796E-002   1.0135990655670861     
   3.2924170772707526E-002  0.81331693945854044     
   3.9583345139207964E-002   1.0216095110984038     
   4.8482283607784241E-002  0.88041403837568644     
   5.9214978228736552E-002  0.80210861582451964     
   7.2080521460213362E-002  0.91704223067719137     
   8.7419255034663218E-002  0.91499999012131950     
  0.10579667824952024       0.90470123318110829     
  0.12854808104919171       0.84152657823238175     
  0.15632078169124311       0.88703970787546782     
  0.18975741449582317       0.88771429169761007     
  0.23032868064044379       0.93770138902513245     
  0.27962368063317661       0.94779749011119496     
  0.33948762138704197        1.0286121393773460     
  0.41220775775346907       0.99506098891892591     
  0.50048824219328136        1.1490020412560036     
  0.60768816316668328        1.0581037505846660     
  0.73829232115333110       0.91154109361607072     
   6.2831853071800003E-003   1.4076745348253399     
   8.8857658763173177E-003   1.3875603550695004     
   1.0882796185406024E-002   2.3801871768062361     
   1.2566370614360001E-002   3.1983656928282773     
   1.4781066825642925E-002  0.75830710050114336     
   1.9009758763406950E-002   1.1906505298347678     
   2.2558041930044626E-002   1.4457187748572529     
   2.7528404685550796E-002  0.98737674080739324     
   3.2924170772707526E-002  0.77360155827519517     
   3.9583345139207964E-002   1.0322253421448366     
   4.8482283607784241E-002  0.93040047944174775     
   5.9214978228736552E-002  0.79911821339851730     
   7.2080521460213362E-002  0.89275706313795333     
   8.7419255034663218E-002  0.93711064865322569     
  0.10579667824952024       0.95781421764767427     
  0.12854808104919171       0.92377960057671304     
  0.15632078169124311        1.0549492156815907     
  0.18975741449582317        1.0035589651359877     
  0.23032868064044379        1.0125830248020762     
  0.27962368063317661        1.1441654286284884     
  0.33948762138704197        1.1251114113319554     
  0.41220775775346907        1.1856772868246177     
  0.50048824219328136        1.4072593858686291     
  0.60768816316668328        1.3523791888007097     
  0.73829232115333110        1.2779514901768685     
   6.2831853071800003E-003  0.33641675915933950     
   8.8857658763173177E-003   1.0577766678023515     
   1.0882796185406024E-002   1.9167012762187703     
   1.2566370614360001E-002   1.1248360322188291     
   1.4781066825642925E-002  0.91891687317766380     
   1.9009758763406950E-002   1.1010142819895785     
   2.2558041930044626E-002   1.4207248358943991     
   2.7528404685550796E-002  0.99672332527393126     
   3.2924170772707526E-002  0.90546288249159090     
   3.9583345139207964E-002   1.0451838463550898     
   4.8482283607784241E-002  0.95525819974772841     
   5.9214978228736552E-002  0.89758879528631941     
   7.2080521460213362E-002   1.0470541905121926     
   8.7419255034663218E-002   1.0067581909619892     
  0.10579667824952024        1.1544414121119821     
  0.12854808104919171        1.1565640859730923     
  0.15632078169124311        1.2067279806663307     
  0.18975741449582317        1.2997000779538950     
  0.23032868064044379        1.5299154330402085     
  0.27962368063317661        1.5852127594472734     
  0.33948762138704197        1.6960728732997845     
  0.41220775775346907        2.0299962973367642     
  0.50048824219328136        2.0659407973083659     
  0.60768816316668328        2.1075325702980536     
  0.73829232115333110        1.8920472589878903     
   6.2831853071800003E-003   2.2332083234566467     
   8.8857658763173177E-003   1.0549327526986525     
   1.0882796185406024E-002   1.3033213359223219     
   1.2566370614360001E-002   2.0230170826972822     
   1.4781066825642925E-002  0.81633205371098549     
   1.9009758763406950E-002   1.0230792816326191     
   2.2558041930044626E-002   1.3229128861649788     
   2.7528404685550796E-002  0.91481726660860363     
   3.2924170772707526E-002  0.89947890156959354     
   3.9583345139207964E-002  0.96024184550175917     
   4.8482283607784241E-002  0.95487375915131534     
   5.9214978228736552E-002  0.84972173119040240     
   7.2080521460213362E-002   1.0561036987320052     
   8.7419255034663218E-002   1.1222173315889890     
  0.10579667824952024        1.1970598106173482     
  0.12854808104919171        1.3452488750546248     
  0.15632078169124311        1.6334769379985044     
  0.18975741449582317        1.4733259254590154     
  0.23032868064044379        1.6249766403013590     
  0.27962368063317661        2.1529457373691634     
  0.33948762138704197        2.4290856031237600     
  0.41220775775346907        2.0490380666661814     
  0.50048824219328136        2.2651997251776841     
  0.60768816316668328        2.1838642904968935     
  0.73829232115333110        2.3644152034784396     
   6.2831853071800003E-003   3.6872351065571003     
   8.8857658763173177E-003  0.77502637139880681     
   1.0882796185406024E-002   2.8896800530861202     
   1.2566370614360001E-002   3.8242791366061240     
   1.4781066825642925E-002   1.2711623644965613     
   1.9009758763406950E-002   2.6867234836405438     
   2.2558041930044626E-002  0.73247937794266005     
   2.7528404685550796E-002  0.29922001681347699     
   3.2924170772707526E-002   1.0785570713607389     
   3.9583345139207964E-002  0.79329195423606547     
   4.8482283607784241E-002  0.70894235654060456     
   5.9214978228736552E-002  0.80984992161191627     
   7.2080521460213362E-002  0.82876164202430147     
   8.7419255034663218E-002   1.0720836868400889     
  0.10579667824952024        1.1666439718594446     
  0.12854808104919171       0.96714221232247344     
  0.15632078169124311        1.2751049700886579     
  0.18975741449582317       0.88223808107688440     
  0.23032868064044379        1.4230872077537406     
  0.27962368063317661        1.4115915240883188     
  0.33948762138704197        1.4075273546713525     
  0.41220775775346907        1.9659986622425478     
  0.50048824219328136        2.6499595910575242     
  0.60768816316668328        2.0037291805592208     
  0.73829232115333110        1.3923386376267024     
   6.2831853071800003E-003  -4.2723301355730960     
   8.8857658763173177E-003 -0.90383571936945895     
   1.0882796185406024E-002   1.8101375504383652     
   1.2566370614360001E-002   1.5430462083987289     
   1.4781066825642925E-002  0.26718681761807278     
   1.9009758763406950E-002   1.3296492838064593     
   2.2558041930044626E-002   1.8728409729533921     
   2.7528404685550796E-002  0.66669198683304631     
   3.2924170772707526E-002   2.0381984319572126     
   3.9583345139207964E-002   1.0580076108459293     
   4.8482283607784241E-002  0.92113646028703910     
   5.9214978228736552E-002  0.76755388379384204     
   7.2080521460213362E-002  0.80642735608028770     
   8.7419255034663218E-002  0.56169423098554183     
  0.10579667824952024        1.2048793691971407     
  0.12854808104919171       0.70396760365027022     
  0.15632078169124311       0.87210183110572381     
  0.18975741449582317        1.5089535744521656     
  0.23032868064044379        1.2477122230537974     
  0.27962368063317661        1.7968792476875466     
  0.33948762138704197        2.3570042339718138     
  0.41220775775346907        1.0076360441614685     
  0.50048824219328136        2.1846723763232352     
  0.60768816316668328        2.9925593802205173     
  0.73829232115333110        9.9216000046800641     
   6.2831853071800003E-003  -3.9643511536751963     
   8.8857658763173177E-003  0.30111405858796803     
   1.0882796185406024E-002   1.5549319615635548     
   1.2566370614360001E-002  -2.7587067625559794     
   1.4781066825642925E-002  0.35337239899905037     
   1.9009758763406950E-002   1.4000833648283140     
   2.2558041930044626E-002 -0.39849488538498884     
   2.7528404685550796E-002  0.54733916976994756     
   3.2924170772707526E-002  0.90895047008673147     
   3.9583345139207964E-002  0.79000869780081817     
   4.8482283607784241E-002   1.1902073992679569     
   5.9214978228736552E-002   2.1780211260440376     
   7.2080521460213362E-002  0.33095370720060241     
   8.7419255034663218E-002   1.7781163010396979     
  0.10579667824952024        1.5804308959861828     
  0.12854808104919171       0.83766712485703565     
  0.15632078169124311        2.4652774386804430     
  0.18975741449582317        1.1480648893635246     
  0.23032868064044379        3.5726366638306306     
  0.27962368063317661        1.8649729096829994     
  0.33948762138704197        3.3624545741998073     
  0.41220775775346907      -0.39656988463912934     
  0.50048824219328136       -2.3199285749131220     
  0.60768816316668328       -2.6218438525501351     
  0.73829232115333110       -1.6421786250303605     
   6.2831853071800003E-003  -1.8780742422646242     
   8.8857658763173177E-003  -4.1285149850131999     
   1.0882796185406024E-002   3.4244152269875197     
   1.2566370614360001E-002  -1.9720040266383900     
   1.4781066825642925E-002   1.1678280804059749     
   1.9009758763406950E-002  -2.4112550875626053     
   2.2558041930044626E-002  -8.7966959697881250E-002
   2.7528404685550796E-002  0.54007972017545458     
   3.2924170772707526E-002  0.93358754868897831     
   3.9583345139207964E-002 -0.20628258696309743     
   4.8482283607784241E-002 -0.23326689106349832     
   5.9214978228736552E-002  -8.7796122963159584E-002
   7.2080521460213362E-002 -0.20033818756592839     
   8.7419255034663218E-002   5.1756218805151320E-002
  0.10579667824952024        1.2401048948391393E-002
  0.12854808104919171        1.8925486534665092E-002
  0.15632078169124311      -0.22332272531792643     
  0.18975741449582317       0.50529568582972850     
  0.23032868064044379      -0.48991406901297924     
  0.27962368063317661       0.29240047092380150     
  0.33948762138704197      -0.32850419321947943     
  0.41220775775346907       0.21239981140176434     
  0.50048824219328136        1.4015916428798686E-002
  0.60768816316668328      -0.11317788972933575     
  0.73829232115333110       0.41820326721413686     
   6.2831853071800003E-003  -6.9356701066975806     
   8.8857658763173177E-003 -0.56763892608384758     
   1.0882796185406024E-002  0.26714365783666405     
   1.2566370614360001E-002  -1.7085530629930781     
   1.4781066825642925E-002  0.57004144929722089     
   1.9009758763406950E-002  0.17608393612495890     
   2.2558041930044626E-002   1.0121525373484264     
   2.7528404685550796E-002  0.89751056262856599     
   3.2924170772707526E-002   1.3843013444016437     
   3.9583345139207964E-002   1.4088241962618095     
   4.8482283607784241E-002   1.2044054613473547     
   5.9214978228736552E-002  0.76657935870478611     
   7.2080521460213362E-002   1.1137039974896759     
   8.7419255034663218E-002  0.84980828806576236     
  0.10579667824952024       0.89807779234968754     
  0.12854808104919171       0.99851109823785966     
  0.15632078169124311        1.0055551409434509     
  0.18975741449582317       0.82823020603636210     
  0.23032868064044379       0.91375732038676560     
  0.27962368063317661        1.0846064078656388     
  0.33948762138704197        1.1132909288694481     
  0.41220775775346907        1.3802448675830430     
  0.50048824219328136        1.2404971069346782     
  0.60768816316668328        1.3223767038530629     
  0.73829232115333110        1.2169107655373341     
   6.2831853071800003E-003  -6.4762071026575949     
   8.8857658763173177E-003 -0.51128770785205724     
   1.0882796185406024E-002  0.43185850993453501     
   1.2566370614360001E-002  -1.2931666253185528     
   1.4781066825642925E-002  0.98407858186902419     
   1.9009758763406950E-002  0.24487613700684446     
   2.2558041930044626E-002  0.67411791113128994     
   2.7528404685550796E-002  0.90906827254295153     
   3.2924170772707526E-002   1.4516538451864578     
   3.9583345139207964E-002   1.3036772000221670     
   4.8482283607784241E-002   1.1629755574685501     
   5.9214978228736552E-002  0.74724772503132508     
   7.2080521460213362E-002   1.1517508749446264     
   8.7419255034663218E-002  0.87138687835593587     
  0.10579667824952024        1.0219946964675066     
  0.12854808104919171       0.95141474280967619     
  0.15632078169124311        1.1174401912296965     
  0.18975741449582317        1.0115986414637981     
  0.23032868064044379       0.87650824394363525     
  0.27962368063317661       0.94018837132222599     
  0.33948762138704197       0.88334203567354208     
  0.41220775775346907       0.98383191142594184     
  0.50048824219328136       0.69658146043503344     
  0.60768816316668328       0.50620744948901630     
  0.73829232115333110       -5.7025526019312094E-003
   6.2831853071800003E-003  -5.2534851337402850     
   8.8857658763173177E-003  0.50248763887577108     
   1.0882796185406024E-002   1.5539393373749686     
   1.2566370614360001E-002   1.2522209898578323     
   1.4781066825642925E-002  0.46593669070361371     
   1.9009758763406950E-002  0.24706905986800315     
   2.2558041930044626E-002   1.0508419527358144     
   2.7528404685550796E-002  0.94952944335145273     
   3.2924170772707526E-002   1.2022663691266255     
   3.9583345139207964E-002   1.3258773485492248     
   4.8482283607784241E-002   1.0826893464031559     
   5.9214978228736552E-002  0.69032403091470906     
   7.2080521460213362E-002   1.2630300373335199     
   8.7419255034663218E-002   1.0598404331022004     
  0.10579667824952024        1.0021251525055550     
  0.12854808104919171        1.0170332939418643     
  0.15632078169124311        1.3098595918996028     
  0.18975741449582317       0.77933286554344350     
  0.23032868064044379       0.98147872214877507     
  0.27962368063317661        1.1126709348388226     
  0.33948762138704197        1.2509361265380858     
  0.41220775775346907        1.7220386328355477     
  0.50048824219328136        1.5222015102252209     
  0.60768816316668328        1.4602232006041167     
  0.73829232115333110       0.48450810851939347     
   6.2831853071800003E-003  -9.2777497854018662     
   8.8857658763173177E-003 -0.24158002674144161     
   1.0882796185406024E-002 -0.90120366201586244     
   1.2566370614360001E-002  -11.625196153068867     
   1.4781066825642925E-002   1.4294018509312594     
   1.9009758763406950E-002  0.16264659658842801     
   2.2558041930044626E-002  0.56444059349450348     
   2.7528404685550796E-002  0.72733372737228219     
   3.2924170772707526E-002   1.8864903973042877     
   3.9583345139207964E-002   1.5326548640185804     
   4.8482283607784241E-002  0.67083364384887723     
   5.9214978228736552E-002  0.83013268019011388     
   7.2080521460213362E-002   1.0283642307370242     
   8.7419255034663218E-002   1.3136736944852094     
  0.10579667824952024        1.3478441131770758     
  0.12854808104919171        1.4025004155155640     
  0.15632078169124311        1.7591183379330673     
  0.18975741449582317        2.4598716719231728     
  0.23032868064044379        1.8764223884595961     
  0.27962368063317661        2.3497583753135030     
  0.33948762138704197        2.5055284375789384     
  0.41220775775346907        3.4562190995841844     
  0.50048824219328136        3.5637437263198306     
  0.60768816316668328        4.0466850088345758     
  0.73829232115333110        1.8960045490747832     
   6.2831853071800003E-003  -1.4114025158231513     
   8.8857658763173177E-003   3.2476856877576132     
   1.0882796185406024E-002 -0.87207937287391346     
   1.2566370614360001E-002  -7.8270936845796024     
   1.4781066825642925E-002   1.0618971272653528     
   1.9009758763406950E-002   1.0905377995252679     
   2.2558041930044626E-002 -0.47078978780965636     
   2.7528404685550796E-002  0.29650344542298634     
   3.2924170772707526E-002  0.11925566509793281     
   3.9583345139207964E-002  0.86690734619230514     
   4.8482283607784241E-002   1.3754157377231810     
   5.9214978228736552E-002   1.1575016917289116     
   7.2080521460213362E-002  0.84904992962344628     
   8.7419255034663218E-002  0.91908965159123501     
  0.10579667824952024        2.3123392689271633     
  0.12854808104919171        2.0998285806982051     
  0.15632078169124311        2.9903639901675216     
  0.18975741449582317        3.2466067973887882     
  0.23032868064044379        3.9176117719497681     
  0.27962368063317661        3.8761887910432549     
  0.33948762138704197        3.1942600467160172     
  0.41220775775346907        3.3523639047368121     
  0.50048824219328136        2.2860676805077187     
  0.60768816316668328        3.2789254735875120     
  0.73829232115333110        2.5705513456081612     
   6.2831853071800003E-003  -3.9643511536751963     
   8.8857658763173177E-003  0.30111405858796803     
   1.0882796185406024E-002   1.5549319615635548     
   1.2566370614360001E-002  -2.7587067625559794     
   1.4781066825642925E-002  0.35337239899905037     
   1.9009758763406950E-002   1.4000833648283140     
   2.2558041930044626E-002 -0.39849488538498884     
   2.7528404685550796E-002  0.54733916976994756     
   3.2924170772707526E-002  0.90895047008673147     
   3.9583345139207964E-002  0.79000869780081817     
   4.8482283607784241E-002   1.1902073992679569     
   5.9214978228736552E-002   2.1780211260440376     
   7.2080521460213362E-002  0.33095370720060241     
   8.7419255034663218E-002   1.7781163010396979     
  0.10579667824952024        1.5804308959861828     
  0.12854808104919171       0.83766712485703565     
  0.15632078169124311        2.4652774386804430     
  0.18975741449582317        1.1480648893635246     
  0.23032868064044379        3.5726366638306306     
  0.27962368063317661        1.8649729096829994     
  0.33948762138704197        3.3624545741998073     
  0.41220775775346907      -0.39656988463912934     
  0.50048824219328136       -2.3199285749131220     
  0.60768816316668328       -2.6218438525501351     
  0.73829232115333110       -1.6421786250303605     
   6.2831853071800003E-003  -5.1534735352743448     
   8.8857658763173177E-003  -7.6234509164992339     
   1.0882796185406024E-002  -6.2833001549935537     
   1.2566370614360001E-002   44.664643791489546     
   1.4781066825642925E-002  -3.0484452818860048     
   1.9009758763406950E-002 -0.71090505641964519     
   2.2558041930044626E-002  0.12688525116977820     
   2.7528404685550796E-002  -1.7030822872803768     
   3.2924170772707526E-002  0.13783353852873378     
   3.9583345139207964E-002  -1.7810101325554668     
   4.8482283607784241E-002  0.79828802015760958     
   5.9214978228736552E-002  -1.0825867233760325     
   7.2080521460213362E-002 -0.20602683811579001     
   8.7419255034663218E-002 -0.20246573920915112     
  0.10579667824952024       0.74157424506151137     
  0.12854808104919171      -0.82920396910613314     
  0.15632078169124311        1.3777393168810943     
  0.18975741449582317       -1.0017442657962514     
  0.23032868064044379       -1.4627438172771083E-003
  0.27962368063317661       -2.1908704198529123     
  0.33948762138704197       -4.5574176327883711     
  0.41220775775346907       -6.4276884660164386     
  0.50048824219328136       -16.097498859867795     
  0.60768816316668328       -35.671968520668869     
  0.73829232115333110       -71.390554757494542     
   6.2831853071800003E-003   16.019857691497112     
   8.8857658763173177E-003  -11.011401580838761     
   1.0882796185406024E-002  0.17805784574607397     
   1.2566370614360001E-002 -0.53464516054711009     
   1.4781066825642925E-002  -1.8770030308568213     
   1.9009758763406950E-002   1.6313432163190456     
   2.2558041930044626E-002  -1.6306924293721015     
   2.7528404685550796E-002 -0.57250707311653282     
   3.2924170772707526E-002   1.6506044841575778     
   3.9583345139207964E-002 -0.81702843389972357     
   4.8482283607784241E-002 -0.30386727194827157     
   5.9214978228736552E-002   1.1215191663671316     
   7.2080521460213362E-002  0.36788778510084763     
   8.7419255034663218E-002 -0.56274484479369669     
  0.10579667824952024       -1.5302031658044830     
  0.12854808104919171       0.95579692210257283     
  0.15632078169124311       0.51001403210144158     
  0.18975741449582317      -0.26476225442316181     
  0.23032868064044379      -0.16657917255326307     
  0.27962368063317661       -7.5396154063177992E-003
  0.33948762138704197       0.79338797205739808     
  0.41220775775346907      -0.36520523442123765     
  0.50048824219328136      -0.35341749355778634     
  0.60768816316668328       0.51651669021618285     
  0.73829232115333110      -0.50435978750858090     
   6.2831853071800003E-003  0.39916921006245043     
   8.8857658763173177E-003  -2.6984210178527266     
   1.0882796185406024E-002   2.8432494448258807     
   1.2566370614360001E-002  -2.4185443842497270     
   1.4781066825642925E-002   2.0105354282255639     
   1.9009758763406950E-002  -1.2308885596459482     
   2.2558041930044626E-002   1.2404394418662383     
   2.7528404685550796E-002   1.5303322957114787     
   3.2924170772707526E-002   2.1827488176281298     
   3.9583345139207964E-002  0.80603684442746637     
   4.8482283607784241E-002  0.18440165540534673     
   5.9214978228736552E-002  0.62558117464765706     
   7.2080521460213362E-002  0.88207633376155614     
   8.7419255034663218E-002  0.97770720950256362     
  0.10579667824952024       0.53954874975998823     
  0.12854808104919171       0.42742391199498642     
  0.15632078169124311        1.1473962754651805     
  0.18975741449582317       0.45879255051900991     
  0.23032868064044379       0.53865161228542868     
  0.27962368063317661       0.88635526264538000     
  0.33948762138704197       0.90369099235958905     
  0.41220775775346907       0.75381537284401612     
  0.50048824219328136       0.39042287117017138     
  0.60768816316668328       0.22559352079330228     
  0.73829232115333110       -5.3433725115940509E-002
   6.2831853071800003E-003  0.21400971195789126     
   8.8857658763173177E-003  -3.2260982425181344     
   1.0882796185406024E-002   3.7159261533157371     
   1.2566370614360001E-002  -3.5311027253006300     
   1.4781066825642925E-002   1.6389819297970658     
   1.9009758763406950E-002 -0.70802209874814936     
   2.2558041930044626E-002   1.1019482116483243     
   2.7528404685550796E-002   1.6405513555424462     
   3.2924170772707526E-002   2.1211610750991170     
   3.9583345139207964E-002  0.72617589774995295     
   4.8482283607784241E-002  0.37290197959847582     
   5.9214978228736552E-002  0.58373943530382966     
   7.2080521460213362E-002  0.86532876442091600     
   8.7419255034663218E-002  0.81115953405877350     
  0.10579667824952024       0.66894857420069054     
  0.12854808104919171       0.41223029379040560     
  0.15632078169124311       0.95488791832458264     
  0.18975741449582317       0.64573454941087538     
  0.23032868064044379        1.0557836626951835     
  0.27962368063317661        1.1529236941815950     
  0.33948762138704197        1.2265760769990974     
  0.41220775775346907       0.53732916902380290     
  0.50048824219328136       0.25310918336454219     
  0.60768816316668328       0.49521707955585809     
  0.73829232115333110       0.32731994196885711     
   6.2831853071800003E-003 -0.53399181195786793     
   8.8857658763173177E-003  -2.9704287959321869     
   1.0882796185406024E-002   1.8323913316672766     
   1.2566370614360001E-002 -0.55512820613136715     
   1.4781066825642925E-002   1.9819022982947661     
   1.9009758763406950E-002 -0.81529122916873342     
   2.2558041930044626E-002  0.85355186151239815     
   2.7528404685550796E-002   1.3618418330755266     
   3.2924170772707526E-002   2.1582145447789869     
   3.9583345139207964E-002  0.95880145556083873     
   4.8482283607784241E-002   2.4355177152938678E-002
   5.9214978228736552E-002  0.67793666703459521     
   7.2080521460213362E-002   1.0895500811765810     
   8.7419255034663218E-002  0.83515010977656046     
  0.10579667824952024        1.1288998510970749     
  0.12854808104919171       0.34855760419853282     
  0.15632078169124311        1.3223827601098281     
  0.18975741449582317       0.43762677151664148     
  0.23032868064044379       0.87554986189324191     
  0.27962368063317661        1.2355216807119078     
  0.33948762138704197        1.6552301138417278     
  0.41220775775346907        1.4346802805027032     
  0.50048824219328136       0.78843634860144296     
  0.60768816316668328        2.3471497816518179     
  0.73829232115333110       -7.4097806198083335E-003
   6.2831853071800003E-003  -2.4676760875250570     
   8.8857658763173177E-003  -6.0066022452246024     
   1.0882796185406024E-002   2.5213701539778031     
   1.2566370614360001E-002  -2.5226723295641822     
   1.4781066825642925E-002  0.81037347084210742     
   1.9009758763406950E-002  -2.7541241880911365     
   2.2558041930044626E-002  0.13247686729823557     
   2.7528404685550796E-002   1.0137764113134544     
   3.2924170772707526E-002   2.6526207140179463     
   3.9583345139207964E-002   1.2285638203959344     
   4.8482283607784241E-002  0.76609731996834285     
   5.9214978228736552E-002   1.1811808933629160     
   7.2080521460213362E-002  0.22422319211776842     
   8.7419255034663218E-002   1.1976793196412125     
  0.10579667824952024        1.4552596479532347     
  0.12854808104919171        1.7146005928229064     
  0.15632078169124311        3.3922670422120658     
  0.18975741449582317        2.4240393927596364     
  0.23032868064044379        2.8567665078583304     
  0.27962368063317661        1.9835132500410002     
  0.33948762138704197        1.6845628802446446     
  0.41220775775346907        3.3143009578189483E-002
  0.50048824219328136       -1.1746577528025524     
  0.60768816316668328       0.58055508401826172     
  0.73829232115333110        3.3198436646918419E-002
   6.2831853071800003E-003   4.6316172559968392     
   8.8857658763173177E-003  -6.8558685198738161     
   1.0882796185406024E-002   4.3930009723275463     
   1.2566370614360001E-002  -1.2329220499619122     
   1.4781066825642925E-002   2.4704155732794875     
   1.9009758763406950E-002  -2.7662757578693742     
   2.2558041930044626E-002 -0.60690914103442695     
   2.7528404685550796E-002  0.17771340639441002     
   3.2924170772707526E-002  0.44620646445980700     
   3.9583345139207964E-002 -0.55867075566026703     
   4.8482283607784241E-002  0.26707618196712335     
   5.9214978228736552E-002  0.39592550509332092     
   7.2080521460213362E-002 -0.42548650324772774     
   8.7419255034663218E-002   1.1590423887567909     
  0.10579667824952024        1.2227221256741250     
  0.12854808104919171       0.35659881642725150     
  0.15632078169124311       0.40236085296556190     
  0.18975741449582317       0.12568240289677446     
  0.23032868064044379       -1.6921713908010878     
  0.27962368063317661      -0.41186130194261461     
  0.33948762138704197      -0.78841447182642599     
  0.41220775775346907        1.2699063465398230     
  0.50048824219328136       0.22900341250810050     
  0.60768816316668328       0.45995833928886515     
  0.73829232115333110      -0.89810514290666754     
   6.2831853071800003E-003  -1.8780742422646242     
   8.8857658763173177E-003  -4.1285149850131999     
   1.0882796185406024E-002   3.4244152269875197     
   1.2566370614360001E-002  -1.9720040266383900     
   1.4781066825642925E-002   1.1678280804059749     
   1.9009758763406950E-002  -2.4112550875626053     
   2.2558041930044626E-002  -8.7966959697881250E-002
   2.7528404685550796E-002  0.54007972017545458     
   3.2924170772707526E-002  0.93358754868897831     
   3.9583345139207964E-002 -0.20628258696309743     
   4.8482283607784241E-002 -0.23326689106349832     
   5.9214978228736552E-002  -8.7796122963159584E-002
   7.2080521460213362E-002 -0.20033818756592839     
   8.7419255034663218E-002   5.1756218805151320E-002
  0.10579667824952024        1.2401048948391393E-002
  0.12854808104919171        1.8925486534665092E-002
  0.15632078169124311      -0.22332272531792643     
  0.18975741449582317       0.50529568582972850     
  0.23032868064044379      -0.48991406901297924     
  0.27962368063317661       0.29240047092380150     
  0.33948762138704197      -0.32850419321947943     
  0.41220775775346907       0.21239981140176434     
  0.50048824219328136        1.4015916428798686E-002
  0.60768816316668328      -0.11317788972933575     
  0.73829232115333110       0.41820326721413686     
   6.2831853071800003E-003   16.019857691497112     
   8.8857658763173177E-003  -11.011401580838761     
   1.0882796185406024E-002  0.17805784574607397     
   1.2566370614360001E-002 -0.53464516054711009     
   1.4781066825642925E-002  -1.8770030308568213     
   1.9009758763406950E-002   1.6313432163190456     
   2.2558041930044626E-002  -1.6306924293721015     
   2.7528404685550796E-002 -0.57250707311653282     
   3.2924170772707526E-002   1.6506044841575778     
   3.9583345139207964E-002 -0.81702843389972357     
   4.8482283607784241E-002 -0.30386727194827157     
   5.9214978228736552E-002   1.1215191663671316     
   7.2080521460213362E-002  0.36788778510084763     
   8.7419255034663218E-002 -0.56274484479369669     
  0.10579667824952024       -1.5302031658044830     
  0.12854808104919171       0.95579692210257283     
  0.15632078169124311       0.51001403210144158     
  0.18975741449582317      -0.26476225442316181     
  0.23032868064044379      -0.16657917255326307     
  0.27962368063317661       -7.5396154063177992E-003
  0.33948762138704197       0.79338797205739808     
  0.41220775775346907      -0.36520523442123765     
  0.50048824219328136      -0.35341749355778634     
  0.60768816316668328       0.51651669021618285     
  0.73829232115333110      -0.50435978750858090     
   6.2831853071800003E-003 -0.17577346652962236     
   8.8857658763173177E-003  0.94267806249352082     
   1.0882796185406024E-002  -5.1981439256499353     
   1.2566370614360001E-002  -21.796028046947534     
   1.4781066825642925E-002  -1.3145795852378492     
   1.9009758763406950E-002   5.6416860619634690     
   2.2558041930044626E-002  0.71422462534532083     
   2.7528404685550796E-002  -1.8557082740390713     
   3.2924170772707526E-002  0.57916126710671056     
   3.9583345139207964E-002 -0.31911068561598693     
   4.8482283607784241E-002  0.58226545449111089     
   5.9214978228736552E-002 -0.58544080483406058     
   7.2080521460213362E-002  0.57312992814532826     
   8.7419255034663218E-002 -0.12418069739246704     
  0.10579667824952024      -0.35521684365432732     
  0.12854808104919171       0.35144098754017905     
  0.15632078169124311       0.10287293867073204     
  0.18975741449582317        1.9842697417748002E-002
  0.23032868064044379       0.35356676427087391     
  0.27962368063317661       0.48806562771127188     
  0.33948762138704197        1.0052883730084654     
  0.41220775775346907        2.2469644980109944     
  0.50048824219328136        5.4760808176926528     
  0.60768816316668328        14.431011395701033     
  0.73829232115333110        40.002540179014019     
