   6.2831853071800003E-003  0.98167377924476174     
   8.8857658763173177E-003  0.80665235122801449     
   1.0882796185406024E-002  0.96653899688653455     
   1.2566370614360001E-002   1.1117305953901913     
   1.4781066825642925E-002  0.91918480904748079     
   1.9009758763406950E-002   1.1219594754978028     
   2.2558041930044626E-002   1.0509818773059589     
   2.7528404685550796E-002   1.0269981500620160     
   3.2924170772707526E-002  0.96835902508558702     
   3.9583345139207964E-002  0.98735883585631434     
   4.8482283607784241E-002   1.0255938646907645     
   5.9214978228736552E-002  0.99633102697466136     
   7.2080521460213362E-002   1.0013606402315935     
   8.7419255034663218E-002   1.0244062632676698     
  0.10579667824952024        1.0557566856637153     
  0.12854808104919171       0.98466843286764127     
  0.15632078169124311        1.1050756384322051     
  0.18975741449582317        1.0627691774907246     
  0.23032868064044379        1.1611850795862835     
  0.27962368063317661        1.2319100951273605     
  0.33948762138704197        1.3115895164793430     
  0.41220775775346907        1.4279976487758681     
  0.50048824219328136        1.5649844763962659     
  0.60768816316668328        1.7463773975513217     
  0.73829232115333110        1.9725384845336120     
   6.2831853071800003E-003   1.0471448720570287     
   8.8857658763173177E-003  0.84949201196738788     
   1.0882796185406024E-002  0.91010663925542845     
   1.2566370614360001E-002   1.1824090223612405     
   1.4781066825642925E-002  0.95137840286782571     
   1.9009758763406950E-002   1.0800009684331309     
   2.2558041930044626E-002   1.0326504990006771     
   2.7528404685550796E-002   1.0260023870852273     
   3.2924170772707526E-002  0.97452492404877289     
   3.9583345139207964E-002  0.98928261678703933     
   4.8482283607784241E-002   1.0214943189569523     
   5.9214978228736552E-002  0.99609692043604547     
   7.2080521460213362E-002  0.99732809403780487     
   8.7419255034663218E-002   1.0178342470944579     
  0.10579667824952024        1.0547645434537556     
  0.12854808104919171       0.98074313196080132     
  0.15632078169124311        1.1038800762445249     
  0.18975741449582317        1.0678103955217675     
  0.23032868064044379        1.1697252294846949     
  0.27962368063317661        1.2484111389652826     
  0.33948762138704197        1.3315996546618156     
  0.41220775775346907        1.4448387868270776     
  0.50048824219328136        1.5794760701278860     
  0.60768816316668328        1.7497875109401957     
  0.73829232115333110        1.9476938062050504     
   6.2831853071800003E-003  0.99283019902120595     
   8.8857658763173177E-003   1.0405061848301633     
   1.0882796185406024E-002  0.73322136815538064     
   1.2566370614360001E-002   1.1766496775185753     
   1.4781066825642925E-002  0.94496164480395561     
   1.9009758763406950E-002   1.0677542146902537     
   2.2558041930044626E-002   1.0009570933377010     
   2.7528404685550796E-002   1.0200629939813879     
   3.2924170772707526E-002   1.0023836797793912     
   3.9583345139207964E-002   1.0108279847992574     
   4.8482283607784241E-002   1.0214235314604989     
   5.9214978228736552E-002  0.98444737937084559     
   7.2080521460213362E-002   1.0015824967393652     
   8.7419255034663218E-002   1.0095151290341566     
  0.10579667824952024        1.0390367684637216     
  0.12854808104919171       0.97739759695377548     
  0.15632078169124311        1.0914119033429421     
  0.18975741449582317        1.0493817902426592     
  0.23032868064044379        1.1408218977146367     
  0.27962368063317661        1.2196831221870863     
  0.33948762138704197        1.2887541846548707     
  0.41220775775346907        1.3995977928675589     
  0.50048824219328136        1.5273142791522945     
  0.60768816316668328        1.6802222102942952     
  0.73829232115333110        1.8431029058184292     
   6.2831853071800003E-003  0.90923891784661193     
   8.8857658763173177E-003   1.2699127044023761     
   1.0882796185406024E-002  0.88305126309079329     
   1.2566370614360001E-002  0.34475573915682634     
   1.4781066825642925E-002  0.77945900454811579     
   1.9009758763406950E-002   1.0446696932594342     
   2.2558041930044626E-002   1.0249397791563668     
   2.7528404685550796E-002   1.1213772858934332     
   3.2924170772707526E-002  0.96072245986281335     
   3.9583345139207964E-002   1.0238843886451465     
   4.8482283607784241E-002   1.0341405609289100     
   5.9214978228736552E-002   1.0156479162810828     
   7.2080521460213362E-002   1.0057594025490788     
   8.7419255034663218E-002   1.0259384987783347     
  0.10579667824952024        1.0190191158797399     
  0.12854808104919171       0.95932984161586921     
  0.15632078169124311        1.0873393557102480     
  0.18975741449582317        1.0310432471286164     
  0.23032868064044379        1.1350172882304590     
  0.27962368063317661        1.2038515040022579     
  0.33948762138704197        1.2812806191148256     
  0.41220775775346907        1.3675571501492170     
  0.50048824219328136        1.4883729324166037     
  0.60768816316668328        1.6121073806183308     
  0.73829232115333110        1.7022024776796392     
   6.2831853071800003E-003   1.1383049464954242     
   8.8857658763173177E-003  0.80018996874408621     
   1.0882796185406024E-002   1.3912453905090576     
   1.2566370614360001E-002   1.0793357726595579E-002
   1.4781066825642925E-002   1.2092233011638480     
   1.9009758763406950E-002   1.0632114845193150     
   2.2558041930044626E-002   1.1430675618916351     
   2.7528404685550796E-002   1.0115332995259234     
   3.2924170772707526E-002   1.0554111939024859     
   3.9583345139207964E-002  0.92720418260165716     
   4.8482283607784241E-002   1.0489311025724715     
   5.9214978228736552E-002  0.97643792764727444     
   7.2080521460213362E-002   1.0303241372447316     
   8.7419255034663218E-002  0.98617487077049182     
  0.10579667824952024        1.0258912942187368     
  0.12854808104919171       0.92739596524385681     
  0.15632078169124311        1.0290086286289786     
  0.18975741449582317        1.0336776956883200     
  0.23032868064044379        1.1093490969932656     
  0.27962368063317661        1.1427586726365457     
  0.33948762138704197        1.2474161183226935     
  0.41220775775346907        1.3371497264501446     
  0.50048824219328136        1.4296900877233198     
  0.60768816316668328        1.4979043590552648     
  0.73829232115333110        1.5603223565841757     
   6.2831853071800003E-003  0.28086678226178863     
   8.8857658763173177E-003   1.1551001008093384     
   1.0882796185406024E-002   1.9233614729197974     
   1.2566370614360001E-002   2.9282126182461679     
   1.4781066825642925E-002   1.5614649105556757     
   1.9009758763406950E-002  0.96069366083601970     
   2.2558041930044626E-002  0.96062121191651173     
   2.7528404685550796E-002  0.95305121187770880     
   3.2924170772707526E-002   1.0425206552694306     
   3.9583345139207964E-002   1.0335123468418472     
   4.8482283607784241E-002  0.87830721920008925     
   5.9214978228736552E-002  0.92972336919850940     
   7.2080521460213362E-002  0.97715016887410966     
   8.7419255034663218E-002  0.99515617983588323     
  0.10579667824952024        1.0256394507835997     
  0.12854808104919171       0.91197870409860515     
  0.15632078169124311       0.98390482671329327     
  0.18975741449582317        1.0055584348981785     
  0.23032868064044379        1.0975892172738277     
  0.27962368063317661        1.1478250557189573     
  0.33948762138704197        1.2189668792155823     
  0.41220775775346907        1.3325227513337297     
  0.50048824219328136        1.3391721251773585     
  0.60768816316668328        1.3600254156142317     
  0.73829232115333110        1.2575675382988440     
   6.2831853071800003E-003 -0.15958959740681861     
   8.8857658763173177E-003  0.48990134512400024     
   1.0882796185406024E-002   1.6315572318867191     
   1.2566370614360001E-002 -0.19088595307918133     
   1.4781066825642925E-002   1.1412476329878984     
   1.9009758763406950E-002   1.3853648254333863     
   2.2558041930044626E-002   1.2404245260160451     
   2.7528404685550796E-002  0.91370058348087668     
   3.2924170772707526E-002  0.89762507942917436     
   3.9583345139207964E-002   1.1093583777589786     
   4.8482283607784241E-002  0.98263865496125602     
   5.9214978228736552E-002  0.97783751881394254     
   7.2080521460213362E-002  0.92858288841382863     
   8.7419255034663218E-002  0.76981233842527230     
  0.10579667824952024       0.77876048617583515     
  0.12854808104919171       0.86574911309726432     
  0.15632078169124311       0.93528919379428177     
  0.18975741449582317       0.74609654231576328     
  0.23032868064044379       0.96832712598491022     
  0.27962368063317661        1.0031413837655305     
  0.33948762138704197        1.0469882651750422     
  0.41220775775346907        1.1286368382399690     
  0.50048824219328136        1.1334691633822673     
  0.60768816316668328       0.97501197381968008     
  0.73829232115333110       0.84300475317150658     
   6.2831853071800003E-003   1.3867990118074980     
   8.8857658763173177E-003   2.0665722593313078     
   1.0882796185406024E-002   2.0318732432471340     
   1.2566370614360001E-002   2.9923790773146859     
   1.4781066825642925E-002   9.9773605869046503E-002
   1.9009758763406950E-002  0.25088134003091178     
   2.2558041930044626E-002   1.5936129446265375     
   2.7528404685550796E-002  0.66456913141448715     
   3.2924170772707526E-002   1.9608722794708846     
   3.9583345139207964E-002   1.3004978984459967     
   4.8482283607784241E-002  0.69247693380668107     
   5.9214978228736552E-002  0.72926591516149442     
   7.2080521460213362E-002  0.69442353103495680     
   8.7419255034663218E-002  0.95021760657038190     
  0.10579667824952024       0.82935907728699543     
  0.12854808104919171       0.77688521322552195     
  0.15632078169124311        1.0494098295040937     
  0.18975741449582317       0.85575343025033035     
  0.23032868064044379       0.74409400101930256     
  0.27962368063317661        1.0325767291398322     
  0.33948762138704197       0.82525201044125762     
  0.41220775775346907       0.87482564262931317     
  0.50048824219328136       0.88257933875764050     
  0.60768816316668328       0.80755458780128142     
  0.73829232115333110       0.41113417799895591     
   6.2831853071800003E-003   1.0471448720570287     
   8.8857658763173177E-003  0.84949201196738788     
   1.0882796185406024E-002  0.91010663925542845     
   1.2566370614360001E-002   1.1824090223612405     
   1.4781066825642925E-002  0.95137840286782571     
   1.9009758763406950E-002   1.0800009684331309     
   2.2558041930044626E-002   1.0326504990006771     
   2.7528404685550796E-002   1.0260023870852273     
   3.2924170772707526E-002  0.97452492404877289     
   3.9583345139207964E-002  0.98928261678703933     
   4.8482283607784241E-002   1.0214943189569523     
   5.9214978228736552E-002  0.99609692043604547     
   7.2080521460213362E-002  0.99732809403780487     
   8.7419255034663218E-002   1.0178342470944579     
  0.10579667824952024        1.0547645434537556     
  0.12854808104919171       0.98074313196080132     
  0.15632078169124311        1.1038800762445249     
  0.18975741449582317        1.0678103955217675     
  0.23032868064044379        1.1697252294846949     
  0.27962368063317661        1.2484111389652826     
  0.33948762138704197        1.3315996546618156     
  0.41220775775346907        1.4448387868270776     
  0.50048824219328136        1.5794760701278860     
  0.60768816316668328        1.7497875109401957     
  0.73829232115333110        1.9476938062050504     
   6.2831853071800003E-003   1.0833832780233454     
   8.8857658763173177E-003  0.88139400327342243     
   1.0882796185406024E-002  0.83649559890201153     
   1.2566370614360001E-002   1.3126241845223701     
   1.4781066825642925E-002  0.99661713544793751     
   1.9009758763406950E-002   1.0346992744107186     
   2.2558041930044626E-002   1.0004170932724852     
   2.7528404685550796E-002   1.0305679320366430     
   3.2924170772707526E-002  0.97509782617718643     
   3.9583345139207964E-002  0.99280297344575841     
   4.8482283607784241E-002   1.0150199846061840     
   5.9214978228736552E-002   1.0013741118153892     
   7.2080521460213362E-002  0.99679733430812656     
   8.7419255034663218E-002   1.0191979998961951     
  0.10579667824952024        1.0726752860641668     
  0.12854808104919171       0.99368137722020111     
  0.15632078169124311        1.1332698458239514     
  0.18975741449582317        1.1182289605300744     
  0.23032868064044379        1.2318016217354764     
  0.27962368063317661        1.3345900080265651     
  0.33948762138704197        1.4276566937788637     
  0.41220775775346907        1.5459441677465278     
  0.50048824219328136        1.6927393091272080     
  0.60768816316668328        1.8494375655856941     
  0.73829232115333110        2.0475981610184899     
   6.2831853071800003E-003   1.1560376069907496     
   8.8857658763173177E-003   1.1113290727720520     
   1.0882796185406024E-002  0.68911085602313060     
   1.2566370614360001E-002   1.3309485311575346     
   1.4781066825642925E-002  0.95880042405354937     
   1.9009758763406950E-002   1.0376973934639386     
   2.2558041930044626E-002  0.97938811728762165     
   2.7528404685550796E-002   1.0056113628457690     
   3.2924170772707526E-002  0.99635678146467832     
   3.9583345139207964E-002   1.0115917878869252     
   4.8482283607784241E-002   1.0139914997811648     
   5.9214978228736552E-002  0.99287974704101878     
   7.2080521460213362E-002   1.0017085397277166     
   8.7419255034663218E-002   1.0080731282217816     
  0.10579667824952024        1.0468386231884730     
  0.12854808104919171       0.98958897922821198     
  0.15632078169124311        1.1136527947941475     
  0.18975741449582317        1.0916349301270429     
  0.23032868064044379        1.2066162315061288     
  0.27962368063317661        1.3010027043360126     
  0.33948762138704197        1.3716143134497554     
  0.41220775775346907        1.4983956863798100     
  0.50048824219328136        1.6041203308522565     
  0.60768816316668328        1.6933286700246446     
  0.73829232115333110        1.7646676871465994     
   6.2831853071800003E-003  0.95204382997792891     
   8.8857658763173177E-003   1.3176034833530386     
   1.0882796185406024E-002  0.82031061853637577     
   1.2566370614360001E-002  0.16290104050203810     
   1.4781066825642925E-002  0.80314648698016733     
   1.9009758763406950E-002   1.0092065741995326     
   2.2558041930044626E-002  0.98984322065448660     
   2.7528404685550796E-002   1.1325752496822108     
   3.2924170772707526E-002  0.94784746570531142     
   3.9583345139207964E-002   1.0434530351761275     
   4.8482283607784241E-002   1.0284963812075927     
   5.9214978228736552E-002   1.0196381648403865     
   7.2080521460213362E-002   1.0160247863820353     
   8.7419255034663218E-002   1.0326476959454267     
  0.10579667824952024        1.0379213903345228     
  0.12854808104919171       0.97971540438161897     
  0.15632078169124311        1.1246294828541272     
  0.18975741449582317        1.0618947762111512     
  0.23032868064044379        1.1681264364075687     
  0.27962368063317661        1.2219544405759180     
  0.33948762138704197        1.2677407922598902     
  0.41220775775346907        1.3282332165194486     
  0.50048824219328136        1.3834891228650750     
  0.60768816316668328        1.4300510253130614     
  0.73829232115333110        1.3988594196320125     
   6.2831853071800003E-003   1.2407655389429930     
   8.8857658763173177E-003  0.78268444567494344     
   1.0882796185406024E-002   1.2766822098814363     
   1.2566370614360001E-002 -0.14416531029679591     
   1.4781066825642925E-002   1.2312905178091891     
   1.9009758763406950E-002  0.95409477900084905     
   2.2558041930044626E-002   1.1321268413808623     
   2.7528404685550796E-002  0.96577760371958321     
   3.2924170772707526E-002   1.0241250662638781     
   3.9583345139207964E-002  0.95218280398754507     
   4.8482283607784241E-002  0.98147915265878871     
   5.9214978228736552E-002  0.95430363471283042     
   7.2080521460213362E-002   1.0155770638386314     
   8.7419255034663218E-002  0.96526801670536921     
  0.10579667824952024       0.98432471831481783     
  0.12854808104919171       0.89270357319010751     
  0.15632078169124311       0.99277312147742025     
  0.18975741449582317       0.98148138077700697     
  0.23032868064044379        1.0665093488473791     
  0.27962368063317661        1.0434501926261077     
  0.33948762138704197        1.1454790017006362     
  0.41220775775346907        1.1716983734365989     
  0.50048824219328136        1.1715157204505251     
  0.60768816316668328        1.1241842850090833     
  0.73829232115333110        1.0073834188635584     
   6.2831853071800003E-003  0.51922459578045699     
   8.8857658763173177E-003   1.2090104072888892     
   1.0882796185406024E-002   1.9261030299947601     
   1.2566370614360001E-002   3.2629526024930211     
   1.4781066825642925E-002   1.5917946691294804     
   1.9009758763406950E-002  0.96816360464819462     
   2.2558041930044626E-002  0.86644198940949479     
   2.7528404685550796E-002  0.91823035420840493     
   3.2924170772707526E-002   1.1366383839291812     
   3.9583345139207964E-002   1.0466813206535013     
   4.8482283607784241E-002  0.89372494574074179     
   5.9214978228736552E-002  0.87789402894092905     
   7.2080521460213362E-002  0.98488082313581216     
   8.7419255034663218E-002  0.99121951554559828     
  0.10579667824952024        1.0489149865335674     
  0.12854808104919171       0.88877577119754336     
  0.15632078169124311       0.97902878941950944     
  0.18975741449582317       0.98575566045343976     
  0.23032868064044379       0.99605135505308307     
  0.27962368063317661        1.0641477928457137     
  0.33948762138704197        1.1326069965038728     
  0.41220775775346907        1.1891880517085962     
  0.50048824219328136        1.0267776003132982     
  0.60768816316668328        1.0000046531221873     
  0.73829232115333110       0.83365692743047215     
   6.2831853071800003E-003 -0.27099659880818483     
   8.8857658763173177E-003  -7.6787226956291947E-003
   1.0882796185406024E-002   1.4985131943386951     
   1.2566370614360001E-002  -6.7058744084749003E-002
   1.4781066825642925E-002   1.1664134431991668     
   1.9009758763406950E-002   1.3658877619855956     
   2.2558041930044626E-002   1.1725929043158958     
   2.7528404685550796E-002  0.95471059555843496     
   3.2924170772707526E-002  0.80580484322890467     
   3.9583345139207964E-002   1.1131393876733637     
   4.8482283607784241E-002  0.96140896127029263     
   5.9214978228736552E-002  0.99840395534240112     
   7.2080521460213362E-002  0.90369478950057580     
   8.7419255034663218E-002  0.78153734632550897     
  0.10579667824952024       0.77115623874323647     
  0.12854808104919171       0.80328355164802123     
  0.15632078169124311       0.91182455052368783     
  0.18975741449582317       0.72554697249055966     
  0.23032868064044379       0.92565999490484541     
  0.27962368063317661       0.90910511440682773     
  0.33948762138704197       0.94664826111201827     
  0.41220775775346907        1.0392105653105068     
  0.50048824219328136       0.82049663872581702     
  0.60768816316668328       0.75292615297979426     
  0.73829232115333110       0.62370770465576997     
   6.2831853071800003E-003  0.22093128898053782     
   8.8857658763173177E-003   2.9114379357939972     
   1.0882796185406024E-002   1.9959040199636295     
   1.2566370614360001E-002   2.2218731150452151     
   1.4781066825642925E-002  -8.9109380002736091E-002
   1.9009758763406950E-002  0.35540254148250555     
   2.2558041930044626E-002   1.8307451680799636     
   2.7528404685550796E-002  0.79146874543285883     
   3.2924170772707526E-002   2.1613087130397135     
   3.9583345139207964E-002   1.4374703759884468     
   4.8482283607784241E-002  0.70427514242882772     
   5.9214978228736552E-002  0.54512439596977835     
   7.2080521460213362E-002  0.70561694341726200     
   8.7419255034663218E-002   1.0377794013087787     
  0.10579667824952024       0.80526178275495919     
  0.12854808104919171       0.70498511078896209     
  0.15632078169124311        1.2994610588458089     
  0.18975741449582317       0.99246272616126241     
  0.23032868064044379       0.73527879368571503     
  0.27962368063317661       0.99309902826836616     
  0.33948762138704197        1.0038023517454329     
  0.41220775775346907       0.69413214245836319     
  0.50048824219328136       0.83808199726607946     
  0.60768816316668328       0.24806799064734966     
  0.73829232115333110      -0.40698126916839500     
   6.2831853071800003E-003  0.99283019902120595     
   8.8857658763173177E-003   1.0405061848301633     
   1.0882796185406024E-002  0.73322136815538064     
   1.2566370614360001E-002   1.1766496775185753     
   1.4781066825642925E-002  0.94496164480395561     
   1.9009758763406950E-002   1.0677542146902537     
   2.2558041930044626E-002   1.0009570933377010     
   2.7528404685550796E-002   1.0200629939813879     
   3.2924170772707526E-002   1.0023836797793912     
   3.9583345139207964E-002   1.0108279847992574     
   4.8482283607784241E-002   1.0214235314604989     
   5.9214978228736552E-002  0.98444737937084559     
   7.2080521460213362E-002   1.0015824967393652     
   8.7419255034663218E-002   1.0095151290341566     
  0.10579667824952024        1.0390367684637216     
  0.12854808104919171       0.97739759695377548     
  0.15632078169124311        1.0914119033429421     
  0.18975741449582317        1.0493817902426592     
  0.23032868064044379        1.1408218977146367     
  0.27962368063317661        1.2196831221870863     
  0.33948762138704197        1.2887541846548707     
  0.41220775775346907        1.3995977928675589     
  0.50048824219328136        1.5273142791522945     
  0.60768816316668328        1.6802222102942952     
  0.73829232115333110        1.8431029058184292     
   6.2831853071800003E-003   1.1560376069907496     
   8.8857658763173177E-003   1.1113290727720520     
   1.0882796185406024E-002  0.68911085602313060     
   1.2566370614360001E-002   1.3309485311575346     
   1.4781066825642925E-002  0.95880042405354937     
   1.9009758763406950E-002   1.0376973934639386     
   2.2558041930044626E-002  0.97938811728762165     
   2.7528404685550796E-002   1.0056113628457690     
   3.2924170772707526E-002  0.99635678146467832     
   3.9583345139207964E-002   1.0115917878869252     
   4.8482283607784241E-002   1.0139914997811648     
   5.9214978228736552E-002  0.99287974704101878     
   7.2080521460213362E-002   1.0017085397277166     
   8.7419255034663218E-002   1.0080731282217816     
  0.10579667824952024        1.0468386231884730     
  0.12854808104919171       0.98958897922821198     
  0.15632078169124311        1.1136527947941475     
  0.18975741449582317        1.0916349301270429     
  0.23032868064044379        1.2066162315061288     
  0.27962368063317661        1.3010027043360126     
  0.33948762138704197        1.3716143134497554     
  0.41220775775346907        1.4983956863798100     
  0.50048824219328136        1.6041203308522565     
  0.60768816316668328        1.6933286700246446     
  0.73829232115333110        1.7646676871465994     
   6.2831853071800003E-003   1.0522956759829958     
   8.8857658763173177E-003   1.2186322230599080     
   1.0882796185406024E-002  0.46822600253395880     
   1.2566370614360001E-002   1.1729323028886651     
   1.4781066825642925E-002  0.91548351439555198     
   1.9009758763406950E-002   1.0482209853634394     
   2.2558041930044626E-002  0.97817510260138429     
   2.7528404685550796E-002   1.0024100799215263     
   3.2924170772707526E-002   1.0442057763174306     
   3.9583345139207964E-002   1.0301156335965191     
   4.8482283607784241E-002   1.0193253090701055     
   5.9214978228736552E-002  0.99149993827950211     
   7.2080521460213362E-002   1.0159288155680342     
   8.7419255034663218E-002   1.0340948855974508     
  0.10579667824952024        1.0741699160373548     
  0.12854808104919171        1.0426392352105120     
  0.15632078169124311        1.1811782320305726     
  0.18975741449582317        1.1725617026295667     
  0.23032868064044379        1.2729315793911578     
  0.27962368063317661        1.3590605356359677     
  0.33948762138704197        1.4608864432196662     
  0.41220775775346907        1.5553361698720105     
  0.50048824219328136        1.7032251813352481     
  0.60768816316668328        1.7461549432906589     
  0.73829232115333110        1.8502375989901008     
   6.2831853071800003E-003  0.79984052632109559     
   8.8857658763173177E-003   1.4998127241859147     
   1.0882796185406024E-002  0.66408947542853169     
   1.2566370614360001E-002  0.13769299719208652     
   1.4781066825642925E-002  0.75665880796232121     
   1.9009758763406950E-002  0.98894685046719233     
   2.2558041930044626E-002  0.90816558466301378     
   2.7528404685550796E-002   1.0805191066872408     
   3.2924170772707526E-002  0.98998126876196335     
   3.9583345139207964E-002   1.0471428427104914     
   4.8482283607784241E-002   1.0188187411475633     
   5.9214978228736552E-002   1.0437187194632609     
   7.2080521460213362E-002   1.0658266138023016     
   8.7419255034663218E-002   1.0584788472035616     
  0.10579667824952024        1.0931732537297252     
  0.12854808104919171        1.0576730543355120     
  0.15632078169124311        1.2242831445652000     
  0.18975741449582317        1.1576213084662461     
  0.23032868064044379        1.3083440078891584     
  0.27962368063317661        1.3916505775578183     
  0.33948762138704197        1.4557536850749988     
  0.41220775775346907        1.5454517635122094     
  0.50048824219328136        1.5906013885477075     
  0.60768816316668328        1.5768857800171490     
  0.73829232115333110        1.3241310635023789     
   6.2831853071800003E-003   1.1239242140210965     
   8.8857658763173177E-003  0.81324061876260578     
   1.0882796185406024E-002   1.0459669169959684     
   1.2566370614360001E-002  0.26325927286242756     
   1.4781066825642925E-002   1.2074756650546006     
   1.9009758763406950E-002  0.88773929322297851     
   2.2558041930044626E-002   1.1003440625840961     
   2.7528404685550796E-002  0.96701098676215513     
   3.2924170772707526E-002   1.1876561838888662     
   3.9583345139207964E-002  0.93623247371232121     
   4.8482283607784241E-002   1.0025795447593751     
   5.9214978228736552E-002  0.98453297034079335     
   7.2080521460213362E-002   1.0238330675064589     
   8.7419255034663218E-002   1.0092170930544746     
  0.10579667824952024        1.0823850034675455     
  0.12854808104919171        1.0293946656902218     
  0.15632078169124311        1.1055875991951416     
  0.18975741449582317        1.1094361844456817     
  0.23032868064044379        1.2612748545815993     
  0.27962368063317661        1.2150705600353362     
  0.33948762138704197        1.2579120608525458     
  0.41220775775346907        1.2377828414971401     
  0.50048824219328136        1.2209246247995413     
  0.60768816316668328        1.2084520131057706     
  0.73829232115333110        1.0586429453407458     
   6.2831853071800003E-003   1.0145671264472049     
   8.8857658763173177E-003   1.7228151583689062     
   1.0882796185406024E-002   1.3697015827216001     
   1.2566370614360001E-002   3.2210181403875389     
   1.4781066825642925E-002   1.4756398205132997     
   1.9009758763406950E-002   1.0900968376084617     
   2.2558041930044626E-002  0.97258866120018062     
   2.7528404685550796E-002  0.77261130837550773     
   3.2924170772707526E-002   1.0140876175387110     
   3.9583345139207964E-002   1.0511641941522349     
   4.8482283607784241E-002  0.87889287395253268     
   5.9214978228736552E-002  0.87981454367240808     
   7.2080521460213362E-002  0.98213887461586558     
   8.7419255034663218E-002  0.93100967297044079     
  0.10579667824952024       0.96431984926709058     
  0.12854808104919171       0.86248460727196263     
  0.15632078169124311       0.96575519729247628     
  0.18975741449582317       0.98694408672954537     
  0.23032868064044379       0.97990094894161128     
  0.27962368063317661        1.1338088991995086     
  0.33948762138704197        1.0883053394092856     
  0.41220775775346907        1.1160002929431274     
  0.50048824219328136       0.79362256350239568     
  0.60768816316668328       0.88417393944268796     
  0.73829232115333110       0.43174434349385538     
   6.2831853071800003E-003 -0.79496863803808970     
   8.8857658763173177E-003  0.22393030527821997     
   1.0882796185406024E-002   1.5883951686550399     
   1.2566370614360001E-002  0.34397164649815354     
   1.4781066825642925E-002   1.0518473173807703     
   1.9009758763406950E-002   1.5726042030859015     
   2.2558041930044626E-002   1.0090480517349762     
   2.7528404685550796E-002   1.0422285212076012     
   3.2924170772707526E-002  0.78130830097586856     
   3.9583345139207964E-002   1.1926099120012761     
   4.8482283607784241E-002  0.92258371942063888     
   5.9214978228736552E-002   1.0698470411996484     
   7.2080521460213362E-002  0.92752648316138686     
   8.7419255034663218E-002  0.85234508536518228     
  0.10579667824952024       0.78070049948103959     
  0.12854808104919171       0.83489360458081152     
  0.15632078169124311       0.97418501376407141     
  0.18975741449582317       0.63926160524954145     
  0.23032868064044379       0.87216366536746948     
  0.27962368063317661       0.84770386790977470     
  0.33948762138704197       0.77385422951518534     
  0.41220775775346907       0.91425069569800588     
  0.50048824219328136       0.66665420520036844     
  0.60768816316668328       0.71998563920854186     
  0.73829232115333110       0.56130194631487373     
   6.2831853071800003E-003  -3.5745516917854392     
   8.8857658763173177E-003   2.0974958754594093     
   1.0882796185406024E-002   1.1716649081062387     
   1.2566370614360001E-002  0.81307420431861199     
   1.4781066825642925E-002  0.29644206320035066     
   1.9009758763406950E-002 -0.53866899275433056     
   2.2558041930044626E-002   1.6502605128306602     
   2.7528404685550796E-002  0.79137143905656426     
   3.2924170772707526E-002   2.4909354587641470     
   3.9583345139207964E-002   1.4189164163755719     
   4.8482283607784241E-002  0.46966279195067617     
   5.9214978228736552E-002  0.62283774446091378     
   7.2080521460213362E-002  0.90254596668087539     
   8.7419255034663218E-002  0.55538791257247100     
  0.10579667824952024        1.0524714282760752     
  0.12854808104919171       0.52801277492176035     
  0.15632078169124311        1.0523701932624745     
  0.18975741449582317       0.67646164101781781     
  0.23032868064044379       0.60322152843568921     
  0.27962368063317661       0.73636967681280774     
  0.33948762138704197       0.45382084247185994     
  0.41220775775346907      -0.34525383668619752     
  0.50048824219328136       -9.0587987930546870E-002
  0.60768816316668328      -0.44731285633064388     
  0.73829232115333110       0.87120376238243025     
   6.2831853071800003E-003  0.90923891784661193     
   8.8857658763173177E-003   1.2699127044023761     
   1.0882796185406024E-002  0.88305126309079329     
   1.2566370614360001E-002  0.34475573915682634     
   1.4781066825642925E-002  0.77945900454811579     
   1.9009758763406950E-002   1.0446696932594342     
   2.2558041930044626E-002   1.0249397791563668     
   2.7528404685550796E-002   1.1213772858934332     
   3.2924170772707526E-002  0.96072245986281335     
   3.9583345139207964E-002   1.0238843886451465     
   4.8482283607784241E-002   1.0341405609289100     
   5.9214978228736552E-002   1.0156479162810828     
   7.2080521460213362E-002   1.0057594025490788     
   8.7419255034663218E-002   1.0259384987783347     
  0.10579667824952024        1.0190191158797399     
  0.12854808104919171       0.95932984161586921     
  0.15632078169124311        1.0873393557102480     
  0.18975741449582317        1.0310432471286164     
  0.23032868064044379        1.1350172882304590     
  0.27962368063317661        1.2038515040022579     
  0.33948762138704197        1.2812806191148256     
  0.41220775775346907        1.3675571501492170     
  0.50048824219328136        1.4883729324166037     
  0.60768816316668328        1.6121073806183308     
  0.73829232115333110        1.7022024776796392     
   6.2831853071800003E-003  0.95204382997792891     
   8.8857658763173177E-003   1.3176034833530386     
   1.0882796185406024E-002  0.82031061853637577     
   1.2566370614360001E-002  0.16290104050203810     
   1.4781066825642925E-002  0.80314648698016733     
   1.9009758763406950E-002   1.0092065741995326     
   2.2558041930044626E-002  0.98984322065448660     
   2.7528404685550796E-002   1.1325752496822108     
   3.2924170772707526E-002  0.94784746570531142     
   3.9583345139207964E-002   1.0434530351761275     
   4.8482283607784241E-002   1.0284963812075927     
   5.9214978228736552E-002   1.0196381648403865     
   7.2080521460213362E-002   1.0160247863820353     
   8.7419255034663218E-002   1.0326476959454267     
  0.10579667824952024        1.0379213903345228     
  0.12854808104919171       0.97971540438161897     
  0.15632078169124311        1.1246294828541272     
  0.18975741449582317        1.0618947762111512     
  0.23032868064044379        1.1681264364075687     
  0.27962368063317661        1.2219544405759180     
  0.33948762138704197        1.2677407922598902     
  0.41220775775346907        1.3282332165194486     
  0.50048824219328136        1.3834891228650750     
  0.60768816316668328        1.4300510253130614     
  0.73829232115333110        1.3988594196320125     
   6.2831853071800003E-003  0.79984052632109559     
   8.8857658763173177E-003   1.4998127241859147     
   1.0882796185406024E-002  0.66408947542853169     
   1.2566370614360001E-002  0.13769299719208652     
   1.4781066825642925E-002  0.75665880796232121     
   1.9009758763406950E-002  0.98894685046719233     
   2.2558041930044626E-002  0.90816558466301378     
   2.7528404685550796E-002   1.0805191066872408     
   3.2924170772707526E-002  0.98998126876196335     
   3.9583345139207964E-002   1.0471428427104914     
   4.8482283607784241E-002   1.0188187411475633     
   5.9214978228736552E-002   1.0437187194632609     
   7.2080521460213362E-002   1.0658266138023016     
   8.7419255034663218E-002   1.0584788472035616     
  0.10579667824952024        1.0931732537297252     
  0.12854808104919171        1.0576730543355120     
  0.15632078169124311        1.2242831445652000     
  0.18975741449582317        1.1576213084662461     
  0.23032868064044379        1.3083440078891584     
  0.27962368063317661        1.3916505775578183     
  0.33948762138704197        1.4557536850749988     
  0.41220775775346907        1.5454517635122094     
  0.50048824219328136        1.5906013885477075     
  0.60768816316668328        1.5768857800171490     
  0.73829232115333110        1.3241310635023789     
   6.2831853071800003E-003   6.7414617601174551E-002
   8.8857658763173177E-003   1.5760535893419081     
   1.0882796185406024E-002  0.75336035367910925     
   1.2566370614360001E-002  0.12972659449532170     
   1.4781066825642925E-002  0.54579485672488603     
   1.9009758763406950E-002  0.86792059979201774     
   2.2558041930044626E-002  0.98916980899445317     
   2.7528404685550796E-002   1.1656527826851066     
   3.2924170772707526E-002  0.93094604842181206     
   3.9583345139207964E-002   1.1276119457306073     
   4.8482283607784241E-002   1.0872803916098546     
   5.9214978228736552E-002   1.0648287648185433     
   7.2080521460213362E-002   1.1322702352594842     
   8.7419255034663218E-002   1.1007177873932266     
  0.10579667824952024        1.2157053220998266     
  0.12854808104919171        1.1268336110345625     
  0.15632078169124311        1.3012199617767097     
  0.18975741449582317        1.2684543247301192     
  0.23032868064044379        1.4374977342692850     
  0.27962368063317661        1.4954543490075822     
  0.33948762138704197        1.5974123919269603     
  0.41220775775346907        1.6471202097868043     
  0.50048824219328136        1.5741378565160788     
  0.60768816316668328        1.3579654524691536     
  0.73829232115333110        1.2511383749988183     
   6.2831853071800003E-003   1.0981435324423594     
   8.8857658763173177E-003   1.2290597190813259     
   1.0882796185406024E-002   1.0629677251035587     
   1.2566370614360001E-002 -0.20193719759645803     
   1.4781066825642925E-002  0.95669100065504975     
   1.9009758763406950E-002  0.79045796850510430     
   2.2558041930044626E-002  0.94002491478280426     
   2.7528404685550796E-002  0.99250490597290963     
   3.2924170772707526E-002  0.85543854452773893     
   3.9583345139207964E-002  0.98104307044508776     
   4.8482283607784241E-002   1.0414398385786701     
   5.9214978228736552E-002  0.99138116048610958     
   7.2080521460213362E-002   1.0502467762554690     
   8.7419255034663218E-002   1.1006383025495035     
  0.10579667824952024        1.0629225838510201     
  0.12854808104919171        1.0783013932852552     
  0.15632078169124311        1.2237665065120475     
  0.18975741449582317        1.2405038398164334     
  0.23032868064044379        1.3727943701165946     
  0.27962368063317661        1.2828971515248444     
  0.33948762138704197        1.2381815206492741     
  0.41220775775346907        1.2704623795282959     
  0.50048824219328136        1.2500757927406514     
  0.60768816316668328        1.3481184374726891     
  0.73829232115333110        1.4313538723622654     
   6.2831853071800003E-003  0.14604616219311220     
   8.8857658763173177E-003   1.0660362282379676     
   1.0882796185406024E-002   1.6814616617706539     
   1.2566370614360001E-002   1.0810263574417369     
   1.4781066825642925E-002   1.2557927165180534     
   1.9009758763406950E-002  0.62665997111751381     
   2.2558041930044626E-002  0.84705600421077487     
   2.7528404685550796E-002   1.0122248627827319     
   3.2924170772707526E-002  0.88678530016038459     
   3.9583345139207964E-002   1.0229064765177198     
   4.8482283607784241E-002   1.0640014927544554     
   5.9214978228736552E-002   1.0171649187733336     
   7.2080521460213362E-002   1.1024718738525074     
   8.7419255034663218E-002  0.97013232474894728     
  0.10579667824952024        1.1610298022408228     
  0.12854808104919171       0.91746722660825042     
  0.15632078169124311        1.2716410392868509     
  0.18975741449582317        1.0581853548947753     
  0.23032868064044379        1.1164985439990394     
  0.27962368063317661        1.2306684474007106     
  0.33948762138704197        1.3487348035523952     
  0.41220775775346907        1.1709299081531270     
  0.50048824219328136       0.91605015740953322     
  0.60768816316668328       0.74677276558299910     
  0.73829232115333110       0.39407320275344709     
   6.2831853071800003E-003  -1.8108630451417619E-002
   8.8857658763173177E-003 -0.20235139149669182     
   1.0882796185406024E-002   1.5602953044041201     
   1.2566370614360001E-002  -1.9541084963941435     
   1.4781066825642925E-002  0.88005043179653619     
   1.9009758763406950E-002  0.58690480231710040     
   2.2558041930044626E-002   1.3941159743681864     
   2.7528404685550796E-002  0.81995514897465416     
   3.2924170772707526E-002  0.88128357533772095     
   3.9583345139207964E-002   1.1437627809711575     
   4.8482283607784241E-002  0.94460367970124404     
   5.9214978228736552E-002   1.0379993098466356     
   7.2080521460213362E-002  0.99832091923549116     
   8.7419255034663218E-002  0.74879134834179717     
  0.10579667824952024       0.90372288130455813     
  0.12854808104919171        1.0907585623307545     
  0.15632078169124311       0.89238351031884089     
  0.18975741449582317       0.58613720158413263     
  0.23032868064044379        1.0838853174807199     
  0.27962368063317661       0.96559092720204376     
  0.33948762138704197       0.88956569068415858     
  0.41220775775346907       0.51568068569139447     
  0.50048824219328136       0.85452706612979223     
  0.60768816316668328        1.1498027556985322     
  0.73829232115333110       0.43983987792914642     
   6.2831853071800003E-003   2.6744890848355576     
   8.8857658763173177E-003   4.7431670342755226     
   1.0882796185406024E-002   1.0224759673463117     
   1.2566370614360001E-002   1.0790955144594701     
   1.4781066825642925E-002 -0.32530564945344254     
   1.9009758763406950E-002 -0.67548392502314847     
   2.2558041930044626E-002  0.65163843010782407     
   2.7528404685550796E-002  0.33164415007375231     
   3.2924170772707526E-002   2.5175293146443209     
   3.9583345139207964E-002   1.0727323972386975     
   4.8482283607784241E-002  0.88853626708916922     
   5.9214978228736552E-002  0.75185063650905559     
   7.2080521460213362E-002  0.52804411671869989     
   8.7419255034663218E-002   1.2791818147120866     
  0.10579667824952024       0.72146961405499876     
  0.12854808104919171       0.81615259193918055     
  0.15632078169124311        1.0884322986281170     
  0.18975741449582317        1.9412801670722624     
  0.23032868064044379        1.1543750639309025     
  0.27962368063317661        1.8936281117737208     
  0.33948762138704197        1.4366252953208392     
  0.41220775775346907        1.7020815406444461     
  0.50048824219328136        1.4485868131081840     
  0.60768816316668328       0.79945577953220548     
  0.73829232115333110      -0.35956064432900847     
   6.2831853071800003E-003   1.1383049464954242     
   8.8857658763173177E-003  0.80018996874408621     
   1.0882796185406024E-002   1.3912453905090576     
   1.2566370614360001E-002   1.0793357726595579E-002
   1.4781066825642925E-002   1.2092233011638480     
   1.9009758763406950E-002   1.0632114845193150     
   2.2558041930044626E-002   1.1430675618916351     
   2.7528404685550796E-002   1.0115332995259234     
   3.2924170772707526E-002   1.0554111939024859     
   3.9583345139207964E-002  0.92720418260165716     
   4.8482283607784241E-002   1.0489311025724715     
   5.9214978228736552E-002  0.97643792764727444     
   7.2080521460213362E-002   1.0303241372447316     
   8.7419255034663218E-002  0.98617487077049182     
  0.10579667824952024        1.0258912942187368     
  0.12854808104919171       0.92739596524385681     
  0.15632078169124311        1.0290086286289786     
  0.18975741449582317        1.0336776956883200     
  0.23032868064044379        1.1093490969932656     
  0.27962368063317661        1.1427586726365457     
  0.33948762138704197        1.2474161183226935     
  0.41220775775346907        1.3371497264501446     
  0.50048824219328136        1.4296900877233198     
  0.60768816316668328        1.4979043590552648     
  0.73829232115333110        1.5603223565841757     
   6.2831853071800003E-003   1.2407655389429930     
   8.8857658763173177E-003  0.78268444567494344     
   1.0882796185406024E-002   1.2766822098814363     
   1.2566370614360001E-002 -0.14416531029679591     
   1.4781066825642925E-002   1.2312905178091891     
   1.9009758763406950E-002  0.95409477900084905     
   2.2558041930044626E-002   1.1321268413808623     
   2.7528404685550796E-002  0.96577760371958321     
   3.2924170772707526E-002   1.0241250662638781     
   3.9583345139207964E-002  0.95218280398754507     
   4.8482283607784241E-002  0.98147915265878871     
   5.9214978228736552E-002  0.95430363471283042     
   7.2080521460213362E-002   1.0155770638386314     
   8.7419255034663218E-002  0.96526801670536921     
  0.10579667824952024       0.98432471831481783     
  0.12854808104919171       0.89270357319010751     
  0.15632078169124311       0.99277312147742025     
  0.18975741449582317       0.98148138077700697     
  0.23032868064044379        1.0665093488473791     
  0.27962368063317661        1.0434501926261077     
  0.33948762138704197        1.1454790017006362     
  0.41220775775346907        1.1716983734365989     
  0.50048824219328136        1.1715157204505251     
  0.60768816316668328        1.1241842850090833     
  0.73829232115333110        1.0073834188635584     
   6.2831853071800003E-003   1.1239242140210965     
   8.8857658763173177E-003  0.81324061876260578     
   1.0882796185406024E-002   1.0459669169959684     
   1.2566370614360001E-002  0.26325927286242756     
   1.4781066825642925E-002   1.2074756650546006     
   1.9009758763406950E-002  0.88773929322297851     
   2.2558041930044626E-002   1.1003440625840961     
   2.7528404685550796E-002  0.96701098676215513     
   3.2924170772707526E-002   1.1876561838888662     
   3.9583345139207964E-002  0.93623247371232121     
   4.8482283607784241E-002   1.0025795447593751     
   5.9214978228736552E-002  0.98453297034079335     
   7.2080521460213362E-002   1.0238330675064589     
   8.7419255034663218E-002   1.0092170930544746     
  0.10579667824952024        1.0823850034675455     
  0.12854808104919171        1.0293946656902218     
  0.15632078169124311        1.1055875991951416     
  0.18975741449582317        1.1094361844456817     
  0.23032868064044379        1.2612748545815993     
  0.27962368063317661        1.2150705600353362     
  0.33948762138704197        1.2579120608525458     
  0.41220775775346907        1.2377828414971401     
  0.50048824219328136        1.2209246247995413     
  0.60768816316668328        1.2084520131057706     
  0.73829232115333110        1.0586429453407458     
   6.2831853071800003E-003   1.0981435324423594     
   8.8857658763173177E-003   1.2290597190813259     
   1.0882796185406024E-002   1.0629677251035587     
   1.2566370614360001E-002 -0.20193719759645803     
   1.4781066825642925E-002  0.95669100065504975     
   1.9009758763406950E-002  0.79045796850510430     
   2.2558041930044626E-002  0.94002491478280426     
   2.7528404685550796E-002  0.99250490597290963     
   3.2924170772707526E-002  0.85543854452773893     
   3.9583345139207964E-002  0.98104307044508776     
   4.8482283607784241E-002   1.0414398385786701     
   5.9214978228736552E-002  0.99138116048610958     
   7.2080521460213362E-002   1.0502467762554690     
   8.7419255034663218E-002   1.1006383025495035     
  0.10579667824952024        1.0629225838510201     
  0.12854808104919171        1.0783013932852552     
  0.15632078169124311        1.2237665065120475     
  0.18975741449582317        1.2405038398164334     
  0.23032868064044379        1.3727943701165946     
  0.27962368063317661        1.2828971515248444     
  0.33948762138704197        1.2381815206492741     
  0.41220775775346907        1.2704623795282959     
  0.50048824219328136        1.2500757927406514     
  0.60768816316668328        1.3481184374726891     
  0.73829232115333110        1.4313538723622654     
   6.2831853071800003E-003  0.84169555854118505     
   8.8857658763173177E-003 -0.16176842891535462     
   1.0882796185406024E-002   1.0380199833175676     
   1.2566370614360001E-002 -0.61597839273230837     
   1.4781066825642925E-002   1.1394378912024992     
   1.9009758763406950E-002  0.88961143496760797     
   2.2558041930044626E-002   1.0927214847292945     
   2.7528404685550796E-002   1.0166968383948052     
   3.2924170772707526E-002   1.0362829879015680     
   3.9583345139207964E-002  0.75023022093329617     
   4.8482283607784241E-002   1.0628969785266722     
   5.9214978228736552E-002   1.0400090111518574     
   7.2080521460213362E-002   1.0558942859712992     
   8.7419255034663218E-002   1.0893239420798266     
  0.10579667824952024        1.1206245439297515     
  0.12854808104919171        1.1178349113259327     
  0.15632078169124311        1.2617972493671743     
  0.18975741449582317        1.1573737145535425     
  0.23032868064044379        1.3849882834047771     
  0.27962368063317661        1.2950887476081017     
  0.33948762138704197        1.5150040087780103     
  0.41220775775346907        1.7470791324134016     
  0.50048824219328136        1.4912683342039192     
  0.60768816316668328        1.0068087762564923     
  0.73829232115333110        1.4483959235857109     
   6.2831853071800003E-003 -0.13082660198497936     
   8.8857658763173177E-003  0.99000233572255381     
   1.0882796185406024E-002   2.3137492782920916     
   1.2566370614360001E-002  0.24904806801836624     
   1.4781066825642925E-002   2.0716957611965197     
   1.9009758763406950E-002  0.22239547761955061     
   2.2558041930044626E-002   1.1966895149914758     
   2.7528404685550796E-002  0.80255036217197806     
   3.2924170772707526E-002   1.2031446193883322     
   3.9583345139207964E-002  0.91490440499198256     
   4.8482283607784241E-002  0.97694150356990950     
   5.9214978228736552E-002  0.88819417142253254     
   7.2080521460213362E-002   1.1559236741188510     
   8.7419255034663218E-002   1.1873043043260674     
  0.10579667824952024        1.3916809660637930     
  0.12854808104919171        1.2062693149539667     
  0.15632078169124311        1.5604313435832076     
  0.18975741449582317        1.6034361187889639     
  0.23032868064044379        1.8940466881692288     
  0.27962368063317661        1.9423516866647881     
  0.33948762138704197        2.2235471254704913     
  0.41220775775346907        1.7330543752271452     
  0.50048824219328136        1.2505017981003044     
  0.60768816316668328       0.28178499033783794     
  0.73829232115333110      -0.10554355516586308     
   6.2831853071800003E-003   1.1582924925889859     
   8.8857658763173177E-003  0.26513505876504201     
   1.0882796185406024E-002   2.0937535526490025     
   1.2566370614360001E-002   1.2364856802935400     
   1.4781066825642925E-002   1.2855468958352281     
   1.9009758763406950E-002   1.4325023460501640     
   2.2558041930044626E-002   1.3703608911870782     
   2.7528404685550796E-002  0.41347244497493113     
   3.2924170772707526E-002  0.71754334129666830     
   3.9583345139207964E-002   1.0657289060766348     
   4.8482283607784241E-002   1.2692888487143117     
   5.9214978228736552E-002  0.81623552422226797     
   7.2080521460213362E-002   1.1065696219893169     
   8.7419255034663218E-002  0.61814804476071394     
  0.10579667824952024       0.92972418535151158     
  0.12854808104919171       0.83441516604350163     
  0.15632078169124311        1.4037318986614247     
  0.18975741449582317       0.98839401648762326     
  0.23032868064044379        1.3532070186473741     
  0.27962368063317661       0.89592270311450561     
  0.33948762138704197        1.0218857948559394     
  0.41220775775346907       0.38188436388320823     
  0.50048824219328136       0.54910166836900254     
  0.60768816316668328       0.80604323541804612     
  0.73829232115333110       0.53294244865545215     
   6.2831853071800003E-003   1.0039376577827699     
   8.8857658763173177E-003   2.4987500999489813     
   1.0882796185406024E-002   1.9706488304246350     
   1.2566370614360001E-002  -1.3445253059228441     
   1.4781066825642925E-002  0.42442287477186175     
   1.9009758763406950E-002   1.3256471913248729     
   2.2558041930044626E-002   2.6458930587341367     
   2.7528404685550796E-002  0.22403984342675864     
   3.2924170772707526E-002   2.5391600085274448     
   3.9583345139207964E-002  0.93966416696870048     
   4.8482283607784241E-002   1.0382683189980693     
   5.9214978228736552E-002  0.44200325029076210     
   7.2080521460213362E-002  0.36422926777940617     
   8.7419255034663218E-002   1.2965686861233237     
  0.10579667824952024        1.6587550613504536     
  0.12854808104919171        1.2089949982727679     
  0.15632078169124311        1.3219475498287605     
  0.18975741449582317        1.9225272934503952     
  0.23032868064044379        1.0204461457672112     
  0.27962368063317661        1.7463269839544944     
  0.33948762138704197        1.4937831790391569     
  0.41220775775346907        1.4749699493868857     
  0.50048824219328136        6.6804198446200683E-002
  0.60768816316668328       -1.7842771143462186     
  0.73829232115333110       -2.3036727050543804     
   6.2831853071800003E-003  0.28086678226178863     
   8.8857658763173177E-003   1.1551001008093384     
   1.0882796185406024E-002   1.9233614729197974     
   1.2566370614360001E-002   2.9282126182461679     
   1.4781066825642925E-002   1.5614649105556757     
   1.9009758763406950E-002  0.96069366083601970     
   2.2558041930044626E-002  0.96062121191651173     
   2.7528404685550796E-002  0.95305121187770880     
   3.2924170772707526E-002   1.0425206552694306     
   3.9583345139207964E-002   1.0335123468418472     
   4.8482283607784241E-002  0.87830721920008925     
   5.9214978228736552E-002  0.92972336919850940     
   7.2080521460213362E-002  0.97715016887410966     
   8.7419255034663218E-002  0.99515617983588323     
  0.10579667824952024        1.0256394507835997     
  0.12854808104919171       0.91197870409860515     
  0.15632078169124311       0.98390482671329327     
  0.18975741449582317        1.0055584348981785     
  0.23032868064044379        1.0975892172738277     
  0.27962368063317661        1.1478250557189573     
  0.33948762138704197        1.2189668792155823     
  0.41220775775346907        1.3325227513337297     
  0.50048824219328136        1.3391721251773585     
  0.60768816316668328        1.3600254156142317     
  0.73829232115333110        1.2575675382988440     
   6.2831853071800003E-003  0.51922459578045699     
   8.8857658763173177E-003   1.2090104072888892     
   1.0882796185406024E-002   1.9261030299947601     
   1.2566370614360001E-002   3.2629526024930211     
   1.4781066825642925E-002   1.5917946691294804     
   1.9009758763406950E-002  0.96816360464819462     
   2.2558041930044626E-002  0.86644198940949479     
   2.7528404685550796E-002  0.91823035420840493     
   3.2924170772707526E-002   1.1366383839291812     
   3.9583345139207964E-002   1.0466813206535013     
   4.8482283607784241E-002  0.89372494574074179     
   5.9214978228736552E-002  0.87789402894092905     
   7.2080521460213362E-002  0.98488082313581216     
   8.7419255034663218E-002  0.99121951554559828     
  0.10579667824952024        1.0489149865335674     
  0.12854808104919171       0.88877577119754336     
  0.15632078169124311       0.97902878941950944     
  0.18975741449582317       0.98575566045343976     
  0.23032868064044379       0.99605135505308307     
  0.27962368063317661        1.0641477928457137     
  0.33948762138704197        1.1326069965038728     
  0.41220775775346907        1.1891880517085962     
  0.50048824219328136        1.0267776003132982     
  0.60768816316668328        1.0000046531221873     
  0.73829232115333110       0.83365692743047215     
   6.2831853071800003E-003   1.0145671264472049     
   8.8857658763173177E-003   1.7228151583689062     
   1.0882796185406024E-002   1.3697015827216001     
   1.2566370614360001E-002   3.2210181403875389     
   1.4781066825642925E-002   1.4756398205132997     
   1.9009758763406950E-002   1.0900968376084617     
   2.2558041930044626E-002  0.97258866120018062     
   2.7528404685550796E-002  0.77261130837550773     
   3.2924170772707526E-002   1.0140876175387110     
   3.9583345139207964E-002   1.0511641941522349     
   4.8482283607784241E-002  0.87889287395253268     
   5.9214978228736552E-002  0.87981454367240808     
   7.2080521460213362E-002  0.98213887461586558     
   8.7419255034663218E-002  0.93100967297044079     
  0.10579667824952024       0.96431984926709058     
  0.12854808104919171       0.86248460727196263     
  0.15632078169124311       0.96575519729247628     
  0.18975741449582317       0.98694408672954537     
  0.23032868064044379       0.97990094894161128     
  0.27962368063317661        1.1338088991995086     
  0.33948762138704197        1.0883053394092856     
  0.41220775775346907        1.1160002929431274     
  0.50048824219328136       0.79362256350239568     
  0.60768816316668328       0.88417393944268796     
  0.73829232115333110       0.43174434349385538     
   6.2831853071800003E-003  0.14604616219311220     
   8.8857658763173177E-003   1.0660362282379676     
   1.0882796185406024E-002   1.6814616617706539     
   1.2566370614360001E-002   1.0810263574417369     
   1.4781066825642925E-002   1.2557927165180534     
   1.9009758763406950E-002  0.62665997111751381     
   2.2558041930044626E-002  0.84705600421077487     
   2.7528404685550796E-002   1.0122248627827319     
   3.2924170772707526E-002  0.88678530016038459     
   3.9583345139207964E-002   1.0229064765177198     
   4.8482283607784241E-002   1.0640014927544554     
   5.9214978228736552E-002   1.0171649187733336     
   7.2080521460213362E-002   1.1024718738525074     
   8.7419255034663218E-002  0.97013232474894728     
  0.10579667824952024        1.1610298022408228     
  0.12854808104919171       0.91746722660825042     
  0.15632078169124311        1.2716410392868509     
  0.18975741449582317        1.0581853548947753     
  0.23032868064044379        1.1164985439990394     
  0.27962368063317661        1.2306684474007106     
  0.33948762138704197        1.3487348035523952     
  0.41220775775346907        1.1709299081531270     
  0.50048824219328136       0.91605015740953322     
  0.60768816316668328       0.74677276558299910     
  0.73829232115333110       0.39407320275344709     
   6.2831853071800003E-003 -0.13082660198497936     
   8.8857658763173177E-003  0.99000233572255381     
   1.0882796185406024E-002   2.3137492782920916     
   1.2566370614360001E-002  0.24904806801836624     
   1.4781066825642925E-002   2.0716957611965197     
   1.9009758763406950E-002  0.22239547761955061     
   2.2558041930044626E-002   1.1966895149914758     
   2.7528404685550796E-002  0.80255036217197806     
   3.2924170772707526E-002   1.2031446193883322     
   3.9583345139207964E-002  0.91490440499198256     
   4.8482283607784241E-002  0.97694150356990950     
   5.9214978228736552E-002  0.88819417142253254     
   7.2080521460213362E-002   1.1559236741188510     
   8.7419255034663218E-002   1.1873043043260674     
  0.10579667824952024        1.3916809660637930     
  0.12854808104919171        1.2062693149539667     
  0.15632078169124311        1.5604313435832076     
  0.18975741449582317        1.6034361187889639     
  0.23032868064044379        1.8940466881692288     
  0.27962368063317661        1.9423516866647881     
  0.33948762138704197        2.2235471254704913     
  0.41220775775346907        1.7330543752271452     
  0.50048824219328136        1.2505017981003044     
  0.60768816316668328       0.28178499033783794     
  0.73829232115333110      -0.10554355516586308     
   6.2831853071800003E-003  -2.3574139684687099     
   8.8857658763173177E-003   1.1886611550949842     
   1.0882796185406024E-002  0.90092171542132649     
   1.2566370614360001E-002   3.1713177384603655     
   1.4781066825642925E-002   2.0609557299458223     
   1.9009758763406950E-002   1.8943140589651724     
   2.2558041930044626E-002  0.94260008934713813     
   2.7528404685550796E-002  0.43127277581607826     
   3.2924170772707526E-002  0.75205189667058792     
   3.9583345139207964E-002  0.75977505899623554     
   4.8482283607784241E-002  0.62969712256132271     
   5.9214978228736552E-002  0.84102985320531665     
   7.2080521460213362E-002   1.3616208772523295     
   8.7419255034663218E-002  0.49327420118546644     
  0.10579667824952024       0.97119543629445559     
  0.12854808104919171        1.0506800908754608     
  0.15632078169124311        1.4126147179764292     
  0.18975741449582317        1.9288424143168301     
  0.23032868064044379        1.4392771719525890     
  0.27962368063317661        1.5287694177983508     
  0.33948762138704197        1.8094932675095614     
  0.41220775775346907        1.5803846755437165     
  0.50048824219328136        1.6768638857114258     
  0.60768816316668328        6.0804426728536134     
  0.73829232115333110        13.266709884247870     
   6.2831853071800003E-003  -2.6366873209187829     
   8.8857658763173177E-003   2.3631951711295285     
   1.0882796185406024E-002   2.0500342361703079     
   1.2566370614360001E-002  -9.4385503331523693E-002
   1.4781066825642925E-002   1.5376951868568702     
   1.9009758763406950E-002   1.2926286775296776     
   2.2558041930044626E-002  0.80221752350652153     
   2.7528404685550796E-002  0.54707836424303657     
   3.2924170772707526E-002  0.48604123993511544     
   3.9583345139207964E-002   1.3081283310157426     
   4.8482283607784241E-002  0.62949173751540310     
   5.9214978228736552E-002   1.2840710717059898     
   7.2080521460213362E-002  0.96415960726832617     
   8.7419255034663218E-002  0.78561230419807704     
  0.10579667824952024       0.85735629656655377     
  0.12854808104919171       0.78658512940718328     
  0.15632078169124311       0.39048419320613231     
  0.18975741449582317      -0.12157573260951417     
  0.23032868064044379      -0.33906096397760099     
  0.27962368063317661      -0.78294726248309410     
  0.33948762138704197       -2.1115245787380617E-002
  0.41220775775346907       0.75565076021834299     
  0.50048824219328136       0.29660860403680500     
  0.60768816316668328       0.10427746751831747     
  0.73829232115333110      -0.79041350175696246     
   6.2831853071800003E-003  -12.835247580743175     
   8.8857658763173177E-003  -3.5448090501564109     
   1.0882796185406024E-002   3.1535426281095633     
   1.2566370614360001E-002   5.6831369169200920     
   1.4781066825642925E-002   1.8546051597974813     
   1.9009758763406950E-002  -1.2120779255723002     
   2.2558041930044626E-002 -0.35226038715473562     
   2.7528404685550796E-002  0.64576263243554988     
   3.2924170772707526E-002   1.2332842808932212     
   3.9583345139207964E-002   1.3466743128604162     
   4.8482283607784241E-002  0.17934590133627842     
   5.9214978228736552E-002  0.90147589366715630     
   7.2080521460213362E-002  0.70951135719244640     
   8.7419255034663218E-002   1.1967708326135158     
  0.10579667824952024       0.91349500235647008     
  0.12854808104919171       0.67078992330544096     
  0.15632078169124311        2.3573953708008348     
  0.18975741449582317        2.0085763401412295     
  0.23032868064044379        1.7718595929414580     
  0.27962368063317661       0.86657023205415695     
  0.33948762138704197        8.3620180346111975E-002
  0.41220775775346907        5.9606977847981982E-002
  0.50048824219328136       -1.6364768971086991     
  0.60768816316668328       -1.4562831136449588     
  0.73829232115333110       -3.2613307148882700     
   6.2831853071800003E-003 -0.15958959740681861     
   8.8857658763173177E-003  0.48990134512400024     
   1.0882796185406024E-002   1.6315572318867191     
   1.2566370614360001E-002 -0.19088595307918133     
   1.4781066825642925E-002   1.1412476329878984     
   1.9009758763406950E-002   1.3853648254333863     
   2.2558041930044626E-002   1.2404245260160451     
   2.7528404685550796E-002  0.91370058348087668     
   3.2924170772707526E-002  0.89762507942917436     
   3.9583345139207964E-002   1.1093583777589786     
   4.8482283607784241E-002  0.98263865496125602     
   5.9214978228736552E-002  0.97783751881394254     
   7.2080521460213362E-002  0.92858288841382863     
   8.7419255034663218E-002  0.76981233842527230     
  0.10579667824952024       0.77876048617583515     
  0.12854808104919171       0.86574911309726432     
  0.15632078169124311       0.93528919379428177     
  0.18975741449582317       0.74609654231576328     
  0.23032868064044379       0.96832712598491022     
  0.27962368063317661        1.0031413837655305     
  0.33948762138704197        1.0469882651750422     
  0.41220775775346907        1.1286368382399690     
  0.50048824219328136        1.1334691633822673     
  0.60768816316668328       0.97501197381968008     
  0.73829232115333110       0.84300475317150658     
   6.2831853071800003E-003 -0.27099659880818483     
   8.8857658763173177E-003  -7.6787226956291947E-003
   1.0882796185406024E-002   1.4985131943386951     
   1.2566370614360001E-002  -6.7058744084749003E-002
   1.4781066825642925E-002   1.1664134431991668     
   1.9009758763406950E-002   1.3658877619855956     
   2.2558041930044626E-002   1.1725929043158958     
   2.7528404685550796E-002  0.95471059555843496     
   3.2924170772707526E-002  0.80580484322890467     
   3.9583345139207964E-002   1.1131393876733637     
   4.8482283607784241E-002  0.96140896127029263     
   5.9214978228736552E-002  0.99840395534240112     
   7.2080521460213362E-002  0.90369478950057580     
   8.7419255034663218E-002  0.78153734632550897     
  0.10579667824952024       0.77115623874323647     
  0.12854808104919171       0.80328355164802123     
  0.15632078169124311       0.91182455052368783     
  0.18975741449582317       0.72554697249055966     
  0.23032868064044379       0.92565999490484541     
  0.27962368063317661       0.90910511440682773     
  0.33948762138704197       0.94664826111201827     
  0.41220775775346907        1.0392105653105068     
  0.50048824219328136       0.82049663872581702     
  0.60768816316668328       0.75292615297979426     
  0.73829232115333110       0.62370770465576997     
   6.2831853071800003E-003 -0.79496863803808970     
   8.8857658763173177E-003  0.22393030527821997     
   1.0882796185406024E-002   1.5883951686550399     
   1.2566370614360001E-002  0.34397164649815354     
   1.4781066825642925E-002   1.0518473173807703     
   1.9009758763406950E-002   1.5726042030859015     
   2.2558041930044626E-002   1.0090480517349762     
   2.7528404685550796E-002   1.0422285212076012     
   3.2924170772707526E-002  0.78130830097586856     
   3.9583345139207964E-002   1.1926099120012761     
   4.8482283607784241E-002  0.92258371942063888     
   5.9214978228736552E-002   1.0698470411996484     
   7.2080521460213362E-002  0.92752648316138686     
   8.7419255034663218E-002  0.85234508536518228     
  0.10579667824952024       0.78070049948103959     
  0.12854808104919171       0.83489360458081152     
  0.15632078169124311       0.97418501376407141     
  0.18975741449582317       0.63926160524954145     
  0.23032868064044379       0.87216366536746948     
  0.27962368063317661       0.84770386790977470     
  0.33948762138704197       0.77385422951518534     
  0.41220775775346907       0.91425069569800588     
  0.50048824219328136       0.66665420520036844     
  0.60768816316668328       0.71998563920854186     
  0.73829232115333110       0.56130194631487373     
   6.2831853071800003E-003  -1.8108630451417619E-002
   8.8857658763173177E-003 -0.20235139149669182     
   1.0882796185406024E-002   1.5602953044041201     
   1.2566370614360001E-002  -1.9541084963941435     
   1.4781066825642925E-002  0.88005043179653619     
   1.9009758763406950E-002  0.58690480231710040     
   2.2558041930044626E-002   1.3941159743681864     
   2.7528404685550796E-002  0.81995514897465416     
   3.2924170772707526E-002  0.88128357533772095     
   3.9583345139207964E-002   1.1437627809711575     
   4.8482283607784241E-002  0.94460367970124404     
   5.9214978228736552E-002   1.0379993098466356     
   7.2080521460213362E-002  0.99832091923549116     
   8.7419255034663218E-002  0.74879134834179717     
  0.10579667824952024       0.90372288130455813     
  0.12854808104919171        1.0907585623307545     
  0.15632078169124311       0.89238351031884089     
  0.18975741449582317       0.58613720158413263     
  0.23032868064044379        1.0838853174807199     
  0.27962368063317661       0.96559092720204376     
  0.33948762138704197       0.88956569068415858     
  0.41220775775346907       0.51568068569139447     
  0.50048824219328136       0.85452706612979223     
  0.60768816316668328        1.1498027556985322     
  0.73829232115333110       0.43983987792914642     
   6.2831853071800003E-003   1.1582924925889859     
   8.8857658763173177E-003  0.26513505876504201     
   1.0882796185406024E-002   2.0937535526490025     
   1.2566370614360001E-002   1.2364856802935400     
   1.4781066825642925E-002   1.2855468958352281     
   1.9009758763406950E-002   1.4325023460501640     
   2.2558041930044626E-002   1.3703608911870782     
   2.7528404685550796E-002  0.41347244497493113     
   3.2924170772707526E-002  0.71754334129666830     
   3.9583345139207964E-002   1.0657289060766348     
   4.8482283607784241E-002   1.2692888487143117     
   5.9214978228736552E-002  0.81623552422226797     
   7.2080521460213362E-002   1.1065696219893169     
   8.7419255034663218E-002  0.61814804476071394     
  0.10579667824952024       0.92972418535151158     
  0.12854808104919171       0.83441516604350163     
  0.15632078169124311        1.4037318986614247     
  0.18975741449582317       0.98839401648762326     
  0.23032868064044379        1.3532070186473741     
  0.27962368063317661       0.89592270311450561     
  0.33948762138704197        1.0218857948559394     
  0.41220775775346907       0.38188436388320823     
  0.50048824219328136       0.54910166836900254     
  0.60768816316668328       0.80604323541804612     
  0.73829232115333110       0.53294244865545215     
   6.2831853071800003E-003  -2.6366873209187829     
   8.8857658763173177E-003   2.3631951711295285     
   1.0882796185406024E-002   2.0500342361703079     
   1.2566370614360001E-002  -9.4385503331523693E-002
   1.4781066825642925E-002   1.5376951868568702     
   1.9009758763406950E-002   1.2926286775296776     
   2.2558041930044626E-002  0.80221752350652153     
   2.7528404685550796E-002  0.54707836424303657     
   3.2924170772707526E-002  0.48604123993511544     
   3.9583345139207964E-002   1.3081283310157426     
   4.8482283607784241E-002  0.62949173751540310     
   5.9214978228736552E-002   1.2840710717059898     
   7.2080521460213362E-002  0.96415960726832617     
   8.7419255034663218E-002  0.78561230419807704     
  0.10579667824952024       0.85735629656655377     
  0.12854808104919171       0.78658512940718328     
  0.15632078169124311       0.39048419320613231     
  0.18975741449582317      -0.12157573260951417     
  0.23032868064044379      -0.33906096397760099     
  0.27962368063317661      -0.78294726248309410     
  0.33948762138704197       -2.1115245787380617E-002
  0.41220775775346907       0.75565076021834299     
  0.50048824219328136       0.29660860403680500     
  0.60768816316668328       0.10427746751831747     
  0.73829232115333110      -0.79041350175696246     
   6.2831853071800003E-003  -8.1796608255244667     
   8.8857658763173177E-003   3.3041719522923878     
   1.0882796185406024E-002  -3.0848339797825868     
   1.2566370614360001E-002   2.9244104763121994     
   1.4781066825642925E-002   1.0321812567248878     
   1.9009758763406950E-002   2.2619939649831293     
   2.2558041930044626E-002   2.2104007939970804     
   2.7528404685550796E-002 -0.10384779067339331     
   3.2924170772707526E-002 -0.56038204342842823     
   3.9583345139207964E-002  0.20174193129087578     
   4.8482283607784241E-002  0.92719740193434885     
   5.9214978228736552E-002  0.92356911539042919     
   7.2080521460213362E-002  0.49487054398483094     
   8.7419255034663218E-002  0.52207061769856500     
  0.10579667824952024      -0.21853841804553772     
  0.12854808104919171       -8.0256905134033232E-002
  0.15632078169124311       0.18166096812909888     
  0.18975741449582317        7.2224722387885243E-002
  0.23032868064044379       0.77396258320492894     
  0.27962368063317661      -0.37281236893199199     
  0.33948762138704197       -1.6296959597129903     
  0.41220775775346907       -1.0281463612594990     
  0.50048824219328136       -9.6063244655045746E-002
  0.60768816316668328        1.8835273427225869     
  0.73829232115333110        2.0902777018314018     
   6.2831853071800003E-003  0.75549457719699398     
   8.8857658763173177E-003   1.1021687433824057     
   1.0882796185406024E-002  0.51072471759168003     
   1.2566370614360001E-002  -7.4656689617017147     
   1.4781066825642925E-002   1.2759007478945115     
   1.9009758763406950E-002   1.1589117445849950     
   2.2558041930044626E-002   1.7055742699237868     
   2.7528404685550796E-002   1.3228662422443227     
   3.2924170772707526E-002   2.4274030662712929     
   3.9583345139207964E-002  0.87284924526984131     
   4.8482283607784241E-002  0.98633648840662846     
   5.9214978228736552E-002  0.65142706214453294     
   7.2080521460213362E-002  0.19682830649643382     
   8.7419255034663218E-002 -0.42341150640723918     
  0.10579667824952024       0.42046202417388001     
  0.12854808104919171       0.47650747116693509     
  0.15632078169124311       0.41538290689397633     
  0.18975741449582317       0.64273410700799527     
  0.23032868064044379        2.0547803709206987     
  0.27962368063317661      -0.84909637085903722     
  0.33948762138704197       -1.7032540634645221     
  0.41220775775346907       -1.8131419561342923     
  0.50048824219328136      -0.82252901382263233     
  0.60768816316668328        2.8508406195408136     
  0.73829232115333110       0.71947535076468772     
   6.2831853071800003E-003   1.3867990118074980     
   8.8857658763173177E-003   2.0665722593313078     
   1.0882796185406024E-002   2.0318732432471340     
   1.2566370614360001E-002   2.9923790773146859     
   1.4781066825642925E-002   9.9773605869046503E-002
   1.9009758763406950E-002  0.25088134003091178     
   2.2558041930044626E-002   1.5936129446265375     
   2.7528404685550796E-002  0.66456913141448715     
   3.2924170772707526E-002   1.9608722794708846     
   3.9583345139207964E-002   1.3004978984459967     
   4.8482283607784241E-002  0.69247693380668107     
   5.9214978228736552E-002  0.72926591516149442     
   7.2080521460213362E-002  0.69442353103495680     
   8.7419255034663218E-002  0.95021760657038190     
  0.10579667824952024       0.82935907728699543     
  0.12854808104919171       0.77688521322552195     
  0.15632078169124311        1.0494098295040937     
  0.18975741449582317       0.85575343025033035     
  0.23032868064044379       0.74409400101930256     
  0.27962368063317661        1.0325767291398322     
  0.33948762138704197       0.82525201044125762     
  0.41220775775346907       0.87482564262931317     
  0.50048824219328136       0.88257933875764050     
  0.60768816316668328       0.80755458780128142     
  0.73829232115333110       0.41113417799895591     
   6.2831853071800003E-003  0.22093128898053782     
   8.8857658763173177E-003   2.9114379357939972     
   1.0882796185406024E-002   1.9959040199636295     
   1.2566370614360001E-002   2.2218731150452151     
   1.4781066825642925E-002  -8.9109380002736091E-002
   1.9009758763406950E-002  0.35540254148250555     
   2.2558041930044626E-002   1.8307451680799636     
   2.7528404685550796E-002  0.79146874543285883     
   3.2924170772707526E-002   2.1613087130397135     
   3.9583345139207964E-002   1.4374703759884468     
   4.8482283607784241E-002  0.70427514242882772     
   5.9214978228736552E-002  0.54512439596977835     
   7.2080521460213362E-002  0.70561694341726200     
   8.7419255034663218E-002   1.0377794013087787     
  0.10579667824952024       0.80526178275495919     
  0.12854808104919171       0.70498511078896209     
  0.15632078169124311        1.2994610588458089     
  0.18975741449582317       0.99246272616126241     
  0.23032868064044379       0.73527879368571503     
  0.27962368063317661       0.99309902826836616     
  0.33948762138704197        1.0038023517454329     
  0.41220775775346907       0.69413214245836319     
  0.50048824219328136       0.83808199726607946     
  0.60768816316668328       0.24806799064734966     
  0.73829232115333110      -0.40698126916839500     
   6.2831853071800003E-003  -3.5745516917854392     
   8.8857658763173177E-003   2.0974958754594093     
   1.0882796185406024E-002   1.1716649081062387     
   1.2566370614360001E-002  0.81307420431861199     
   1.4781066825642925E-002  0.29644206320035066     
   1.9009758763406950E-002 -0.53866899275433056     
   2.2558041930044626E-002   1.6502605128306602     
   2.7528404685550796E-002  0.79137143905656426     
   3.2924170772707526E-002   2.4909354587641470     
   3.9583345139207964E-002   1.4189164163755719     
   4.8482283607784241E-002  0.46966279195067617     
   5.9214978228736552E-002  0.62283774446091378     
   7.2080521460213362E-002  0.90254596668087539     
   8.7419255034663218E-002  0.55538791257247100     
  0.10579667824952024        1.0524714282760752     
  0.12854808104919171       0.52801277492176035     
  0.15632078169124311        1.0523701932624745     
  0.18975741449582317       0.67646164101781781     
  0.23032868064044379       0.60322152843568921     
  0.27962368063317661       0.73636967681280774     
  0.33948762138704197       0.45382084247185994     
  0.41220775775346907      -0.34525383668619752     
  0.50048824219328136       -9.0587987930546870E-002
  0.60768816316668328      -0.44731285633064388     
  0.73829232115333110       0.87120376238243025     
   6.2831853071800003E-003   2.6744890848355576     
   8.8857658763173177E-003   4.7431670342755226     
   1.0882796185406024E-002   1.0224759673463117     
   1.2566370614360001E-002   1.0790955144594701     
   1.4781066825642925E-002 -0.32530564945344254     
   1.9009758763406950E-002 -0.67548392502314847     
   2.2558041930044626E-002  0.65163843010782407     
   2.7528404685550796E-002  0.33164415007375231     
   3.2924170772707526E-002   2.5175293146443209     
   3.9583345139207964E-002   1.0727323972386975     
   4.8482283607784241E-002  0.88853626708916922     
   5.9214978228736552E-002  0.75185063650905559     
   7.2080521460213362E-002  0.52804411671869989     
   8.7419255034663218E-002   1.2791818147120866     
  0.10579667824952024       0.72146961405499876     
  0.12854808104919171       0.81615259193918055     
  0.15632078169124311        1.0884322986281170     
  0.18975741449582317        1.9412801670722624     
  0.23032868064044379        1.1543750639309025     
  0.27962368063317661        1.8936281117737208     
  0.33948762138704197        1.4366252953208392     
  0.41220775775346907        1.7020815406444461     
  0.50048824219328136        1.4485868131081840     
  0.60768816316668328       0.79945577953220548     
  0.73829232115333110      -0.35956064432900847     
   6.2831853071800003E-003   1.0039376577827699     
   8.8857658763173177E-003   2.4987500999489813     
   1.0882796185406024E-002   1.9706488304246350     
   1.2566370614360001E-002  -1.3445253059228441     
   1.4781066825642925E-002  0.42442287477186175     
   1.9009758763406950E-002   1.3256471913248729     
   2.2558041930044626E-002   2.6458930587341367     
   2.7528404685550796E-002  0.22403984342675864     
   3.2924170772707526E-002   2.5391600085274448     
   3.9583345139207964E-002  0.93966416696870048     
   4.8482283607784241E-002   1.0382683189980693     
   5.9214978228736552E-002  0.44200325029076210     
   7.2080521460213362E-002  0.36422926777940617     
   8.7419255034663218E-002   1.2965686861233237     
  0.10579667824952024        1.6587550613504536     
  0.12854808104919171        1.2089949982727679     
  0.15632078169124311        1.3219475498287605     
  0.18975741449582317        1.9225272934503952     
  0.23032868064044379        1.0204461457672112     
  0.27962368063317661        1.7463269839544944     
  0.33948762138704197        1.4937831790391569     
  0.41220775775346907        1.4749699493868857     
  0.50048824219328136        6.6804198446200683E-002
  0.60768816316668328       -1.7842771143462186     
  0.73829232115333110       -2.3036727050543804     
   6.2831853071800003E-003  -12.835247580743175     
   8.8857658763173177E-003  -3.5448090501564109     
   1.0882796185406024E-002   3.1535426281095633     
   1.2566370614360001E-002   5.6831369169200920     
   1.4781066825642925E-002   1.8546051597974813     
   1.9009758763406950E-002  -1.2120779255723002     
   2.2558041930044626E-002 -0.35226038715473562     
   2.7528404685550796E-002  0.64576263243554988     
   3.2924170772707526E-002   1.2332842808932212     
   3.9583345139207964E-002   1.3466743128604162     
   4.8482283607784241E-002  0.17934590133627842     
   5.9214978228736552E-002  0.90147589366715630     
   7.2080521460213362E-002  0.70951135719244640     
   8.7419255034663218E-002   1.1967708326135158     
  0.10579667824952024       0.91349500235647008     
  0.12854808104919171       0.67078992330544096     
  0.15632078169124311        2.3573953708008348     
  0.18975741449582317        2.0085763401412295     
  0.23032868064044379        1.7718595929414580     
  0.27962368063317661       0.86657023205415695     
  0.33948762138704197        8.3620180346111975E-002
  0.41220775775346907        5.9606977847981982E-002
  0.50048824219328136       -1.6364768971086991     
  0.60768816316668328       -1.4562831136449588     
  0.73829232115333110       -3.2613307148882700     
   6.2831853071800003E-003  0.75549457719699398     
   8.8857658763173177E-003   1.1021687433824057     
   1.0882796185406024E-002  0.51072471759168003     
   1.2566370614360001E-002  -7.4656689617017147     
   1.4781066825642925E-002   1.2759007478945115     
   1.9009758763406950E-002   1.1589117445849950     
   2.2558041930044626E-002   1.7055742699237868     
   2.7528404685550796E-002   1.3228662422443227     
   3.2924170772707526E-002   2.4274030662712929     
   3.9583345139207964E-002  0.87284924526984131     
   4.8482283607784241E-002  0.98633648840662846     
   5.9214978228736552E-002  0.65142706214453294     
   7.2080521460213362E-002  0.19682830649643382     
   8.7419255034663218E-002 -0.42341150640723918     
  0.10579667824952024       0.42046202417388001     
  0.12854808104919171       0.47650747116693509     
  0.15632078169124311       0.41538290689397633     
  0.18975741449582317       0.64273410700799527     
  0.23032868064044379        2.0547803709206987     
  0.27962368063317661      -0.84909637085903722     
  0.33948762138704197       -1.7032540634645221     
  0.41220775775346907       -1.8131419561342923     
  0.50048824219328136      -0.82252901382263233     
  0.60768816316668328        2.8508406195408136     
  0.73829232115333110       0.71947535076468772     
   6.2831853071800003E-003   10.196459391847752     
   8.8857658763173177E-003  -2.7964036925404225     
   1.0882796185406024E-002  -1.3263702727070545     
   1.2566370614360001E-002   14.391608236786446     
   1.4781066825642925E-002  -1.0419187628702393     
   1.9009758763406950E-002 -0.60938057978461413     
   2.2558041930044626E-002 -0.93819946079481842     
   2.7528404685550796E-002  0.57106603639400322     
   3.2924170772707526E-002   2.6306576314399632     
   3.9583345139207964E-002   6.0107746869360656E-002
   4.8482283607784241E-002 -0.27543440474864939     
   5.9214978228736552E-002   3.0156652683888587E-002
   7.2080521460213362E-002 -0.44230742274802731     
   8.7419255034663218E-002 -0.24915155258384283     
  0.10579667824952024      -0.21658035622348157     
  0.12854808104919171        1.4707131691795408     
  0.15632078169124311      -0.47373219762678642     
  0.18975741449582317      -0.79825449443218988     
  0.23032868064044379        1.7704118178480901     
  0.27962368063317661       0.44550220830041626     
  0.33948762138704197        2.3729865066899998     
  0.41220775775346907        6.9113192607590088     
  0.50048824219328136        14.821111581855925     
  0.60768816316668328        33.645130225101184     
  0.73829232115333110        86.935796641044547     
