   6.2831853071800003E-003  0.90157523505372283     
   8.8857658763173177E-003  0.81590580461910023     
   1.0882796185406024E-002  0.94051198383093104     
   1.2566370614360001E-002   1.1721576975008468     
   1.4781066825642925E-002  0.94001769823019488     
   1.9009758763406950E-002   1.1247694240502648     
   2.2558041930044626E-002   1.0531383612380245     
   2.7528404685550796E-002   1.0266268703356198     
   3.2924170772707526E-002  0.98202750639239988     
   3.9583345139207964E-002  0.99310519517468876     
   4.8482283607784241E-002   1.0212116278403336     
   5.9214978228736552E-002  0.99161853808037137     
   7.2080521460213362E-002  0.99817633302425191     
   8.7419255034663218E-002   1.0162096825584426     
  0.10579667824952024        1.0529141958289774     
  0.12854808104919171       0.97149882129944787     
  0.15632078169124311        1.0966184436089053     
  0.18975741449582317        1.0481905565959106     
  0.23032868064044379        1.1468980646002398     
  0.27962368063317661        1.2187591951970376     
  0.33948762138704197        1.2923997045919819     
  0.41220775775346907        1.4059654398680401     
  0.50048824219328136        1.5400274285869571     
  0.60768816316668328        1.7130300379554648     
  0.73829232115333110        1.9218149780900049     
   6.2831853071800003E-003   1.0864582428940488     
   8.8857658763173177E-003  0.90042062548340018     
   1.0882796185406024E-002  0.88621569138399547     
   1.2566370614360001E-002   1.1234516716065419     
   1.4781066825642925E-002  0.96398863104498123     
   1.9009758763406950E-002   1.1054995064602475     
   2.2558041930044626E-002   1.0226473739835209     
   2.7528404685550796E-002   1.0367651242259643     
   3.2924170772707526E-002  0.97739006171488751     
   3.9583345139207964E-002   1.0008973165799233     
   4.8482283607784241E-002   1.0241939653227936     
   5.9214978228736552E-002  0.98402296040608506     
   7.2080521460213362E-002  0.99081261684843402     
   8.7419255034663218E-002   1.0181125106673072     
  0.10579667824952024        1.0595047356211613     
  0.12854808104919171       0.97317764519013383     
  0.15632078169124311        1.1040731315234491     
  0.18975741449582317        1.0598371688836474     
  0.23032868064044379        1.1636793472334430     
  0.27962368063317661        1.2406076745736769     
  0.33948762138704197        1.3243951133191727     
  0.41220775775346907        1.4394075536225732     
  0.50048824219328136        1.5732857612691278     
  0.60768816316668328        1.7471988349321159     
  0.73829232115333110        1.9467010421627693     
   6.2831853071800003E-003  0.74454638904870274     
   8.8857658763173177E-003   1.0369244616820308     
   1.0882796185406024E-002  0.68557763112656878     
   1.2566370614360001E-002   1.2974989947555280     
   1.4781066825642925E-002  0.97110943236020086     
   1.9009758763406950E-002   1.0985081471714710     
   2.2558041930044626E-002   1.0521096668930123     
   2.7528404685550796E-002   1.0393099804411214     
   3.2924170772707526E-002   1.0132336239075992     
   3.9583345139207964E-002  0.98658629263576469     
   4.8482283607784241E-002   1.0187709483843024     
   5.9214978228736552E-002  0.99721143902093168     
   7.2080521460213362E-002   1.0002358393590864     
   8.7419255034663218E-002   1.0176505566111738     
  0.10579667824952024        1.0535653423039724     
  0.12854808104919171       0.98087137420272441     
  0.15632078169124311        1.0981902586878489     
  0.18975741449582317        1.0542568278775830     
  0.23032868064044379        1.1555933541097383     
  0.27962368063317661        1.2490860267093329     
  0.33948762138704197        1.3238774715698709     
  0.41220775775346907        1.4404319882730847     
  0.50048824219328136        1.5885375517001814     
  0.60768816316668328        1.7616068924137904     
  0.73829232115333110        1.9566070114042231     
   6.2831853071800003E-003   1.0205076998466480     
   8.8857658763173177E-003   1.3230574307154424     
   1.0882796185406024E-002   1.0907127911124510     
   1.2566370614360001E-002  0.44771602026428753     
   1.4781066825642925E-002  0.85826772446371380     
   1.9009758763406950E-002   1.0137668790212333     
   2.2558041930044626E-002   1.0410364542598534     
   2.7528404685550796E-002   1.0668272952201032     
   3.2924170772707526E-002   1.0507742824445900     
   3.9583345139207964E-002   1.0300099047117188     
   4.8482283607784241E-002   1.0519595145886864     
   5.9214978228736552E-002   1.0079218647795114     
   7.2080521460213362E-002  0.99973913249922897     
   8.7419255034663218E-002  0.98898819414876404     
  0.10579667824952024        1.0413564299526135     
  0.12854808104919171       0.96524148435995993     
  0.15632078169124311        1.0869481227919047     
  0.18975741449582317        1.0427811718820910     
  0.23032868064044379        1.1565437540457089     
  0.27962368063317661        1.2519319211691069     
  0.33948762138704197        1.3321236036955699     
  0.41220775775346907        1.4531830059814828     
  0.50048824219328136        1.6055755412558685     
  0.60768816316668328        1.7803670344939382     
  0.73829232115333110        1.9425242781545664     
   6.2831853071800003E-003  0.70815318678797612     
   8.8857658763173177E-003  0.90347459739491776     
   1.0882796185406024E-002   1.5361248521969195     
   1.2566370614360001E-002  0.57014812475565213     
   1.4781066825642925E-002   1.1433624971050982     
   1.9009758763406950E-002   1.0011977136287780     
   2.2558041930044626E-002   1.0995203738426607     
   2.7528404685550796E-002  0.95660394329644904     
   3.2924170772707526E-002  0.93795900125100762     
   3.9583345139207964E-002   1.0218849304365798     
   4.8482283607784241E-002   1.0292234960959252     
   5.9214978228736552E-002   1.0165144429601800     
   7.2080521460213362E-002   1.0750798115454263     
   8.7419255034663218E-002   1.0176367571186689     
  0.10579667824952024       0.99362522170547118     
  0.12854808104919171       0.93560390136977734     
  0.15632078169124311        1.0891142891451249     
  0.18975741449582317        1.0586640489510879     
  0.23032868064044379        1.1598087501466190     
  0.27962368063317661        1.2125715335303446     
  0.33948762138704197        1.3392544522732388     
  0.41220775775346907        1.4587433220912029     
  0.50048824219328136        1.6144375854260009     
  0.60768816316668328        1.7490373089961957     
  0.73829232115333110        1.8246677448484339     
   6.2831853071800003E-003   2.1764067065206998     
   8.8857658763173177E-003  0.79361023230725825     
   1.0882796185406024E-002   1.3566479513845162     
   1.2566370614360001E-002   2.6267241179157725     
   1.4781066825642925E-002   1.1835384300662446     
   1.9009758763406950E-002   1.0385422893642529     
   2.2558041930044626E-002   1.1015052770585094     
   2.7528404685550796E-002   1.1271912539483808     
   3.2924170772707526E-002   1.1797587207947282     
   3.9583345139207964E-002  0.94136078592765660     
   4.8482283607784241E-002  0.86318343508854678     
   5.9214978228736552E-002  0.97621001019918330     
   7.2080521460213362E-002  0.86320788370221391     
   8.7419255034663218E-002  0.99092576210246897     
  0.10579667824952024        1.0480883622651269     
  0.12854808104919171       0.90266812099122451     
  0.15632078169124311        1.0181162880578420     
  0.18975741449582317        1.0276810192841759     
  0.23032868064044379        1.1076775712816160     
  0.27962368063317661        1.1971318158084761     
  0.33948762138704197        1.2895629194955098     
  0.41220775775346907        1.4510460132577152     
  0.50048824219328136        1.5418260612040324     
  0.60768816316668328        1.5519123323932835     
  0.73829232115333110        1.4937585869484709     
   6.2831853071800003E-003 -0.95244292057425362     
   8.8857658763173177E-003   1.2708063587818494     
   1.0882796185406024E-002   1.5290815123448238     
   1.2566370614360001E-002   3.7823477779619719     
   1.4781066825642925E-002   1.4033148013596597     
   1.9009758763406950E-002   1.4205072692933427     
   2.2558041930044626E-002   1.2580205996538691     
   2.7528404685550796E-002  0.66403912843511548     
   3.2924170772707526E-002  0.89476482439354366     
   3.9583345139207964E-002   1.0821761828752614     
   4.8482283607784241E-002  0.82946068959843933     
   5.9214978228736552E-002  0.94302135328819991     
   7.2080521460213362E-002  0.95344754682582489     
   8.7419255034663218E-002  0.80349689097632171     
  0.10579667824952024       0.70987463653994154     
  0.12854808104919171       0.79600334017155916     
  0.15632078169124311       0.85527521180684085     
  0.18975741449582317       0.76712496567820831     
  0.23032868064044379        1.0004716104549307     
  0.27962368063317661        1.0105338467207101     
  0.33948762138704197        1.0340111020162768     
  0.41220775775346907        1.1826865142271143     
  0.50048824219328136        1.0930484378500931     
  0.60768816316668328        1.0446189979831040     
  0.73829232115333110       0.90648232950071972     
   6.2831853071800003E-003  -2.1069813897818985     
   8.8857658763173177E-003  0.57258505361374090     
   1.0882796185406024E-002  0.17117075047096106     
   1.2566370614360001E-002  0.20849803588422638     
   1.4781066825642925E-002  0.64063259075786716     
   1.9009758763406950E-002   2.8531745081861595E-002
   2.2558041930044626E-002  0.91310695893392835     
   2.7528404685550796E-002   1.0588941288445362     
   3.2924170772707526E-002   2.1207894265336509     
   3.9583345139207964E-002   1.6521578951943601     
   4.8482283607784241E-002   1.0987228688460506     
   5.9214978228736552E-002  0.39105608415448534     
   7.2080521460213362E-002   1.1482951295268360     
   8.7419255034663218E-002   1.1478216525303135     
  0.10579667824952024        1.4018840037891396     
  0.12854808104919171        1.0763840469824546     
  0.15632078169124311        1.3364571601748887     
  0.18975741449582317        1.1346818000683923     
  0.23032868064044379        1.0284989177712907     
  0.27962368063317661        1.3916402384831921     
  0.33948762138704197        1.1719861231060129     
  0.41220775775346907        1.2883556606784750     
  0.50048824219328136        1.3530301968236427     
  0.60768816316668328        1.3811973515568079     
  0.73829232115333110       0.76866719940310813     
   6.2831853071800003E-003   1.0864582428940488     
   8.8857658763173177E-003  0.90042062548340018     
   1.0882796185406024E-002  0.88621569138399547     
   1.2566370614360001E-002   1.1234516716065419     
   1.4781066825642925E-002  0.96398863104498123     
   1.9009758763406950E-002   1.1054995064602475     
   2.2558041930044626E-002   1.0226473739835209     
   2.7528404685550796E-002   1.0367651242259643     
   3.2924170772707526E-002  0.97739006171488751     
   3.9583345139207964E-002   1.0008973165799233     
   4.8482283607784241E-002   1.0241939653227936     
   5.9214978228736552E-002  0.98402296040608506     
   7.2080521460213362E-002  0.99081261684843402     
   8.7419255034663218E-002   1.0181125106673072     
  0.10579667824952024        1.0595047356211613     
  0.12854808104919171       0.97317764519013383     
  0.15632078169124311        1.1040731315234491     
  0.18975741449582317        1.0598371688836474     
  0.23032868064044379        1.1636793472334430     
  0.27962368063317661        1.2406076745736769     
  0.33948762138704197        1.3243951133191727     
  0.41220775775346907        1.4394075536225732     
  0.50048824219328136        1.5732857612691278     
  0.60768816316668328        1.7471988349321159     
  0.73829232115333110        1.9467010421627693     
   6.2831853071800003E-003   1.3219173177801278     
   8.8857658763173177E-003  0.97356758509731500     
   1.0882796185406024E-002  0.82923247050978521     
   1.2566370614360001E-002   1.1306341173269083     
   1.4781066825642925E-002  0.97511198787074949     
   1.9009758763406950E-002   1.0745028639427852     
   2.2558041930044626E-002  0.99080176937217035     
   2.7528404685550796E-002   1.0432952113371088     
   3.2924170772707526E-002  0.96943964550735284     
   3.9583345139207964E-002   1.0105533095648231     
   4.8482283607784241E-002   1.0237071990137201     
   5.9214978228736552E-002  0.97683162054613637     
   7.2080521460213362E-002  0.98935484389627926     
   8.7419255034663218E-002   1.0279686697065995     
  0.10579667824952024        1.0842506928821851     
  0.12854808104919171       0.99224904550824267     
  0.15632078169124311        1.1386523650092120     
  0.18975741449582317        1.1166466094788392     
  0.23032868064044379        1.2326924254461480     
  0.27962368063317661        1.3286145154238695     
  0.33948762138704197        1.4227848034692925     
  0.41220775775346907        1.5370242924564259     
  0.50048824219328136        1.6530431766927971     
  0.60768816316668328        1.8167283597715673     
  0.73829232115333110        1.9836351460553974     
   6.2831853071800003E-003  0.90143119691775364     
   8.8857658763173177E-003   1.1732495994945527     
   1.0882796185406024E-002  0.64457828668639117     
   1.2566370614360001E-002   1.2837279137483475     
   1.4781066825642925E-002  0.99926082201516597     
   1.9009758763406950E-002   1.0922971919689364     
   2.2558041930044626E-002   1.0076480595964739     
   2.7528404685550796E-002   1.0576649021932614     
   3.2924170772707526E-002   1.0122060329933300     
   3.9583345139207964E-002  0.99259824603327362     
   4.8482283607784241E-002   1.0199667111020569     
   5.9214978228736552E-002  0.99582505412654121     
   7.2080521460213362E-002  0.99484191914120312     
   8.7419255034663218E-002   1.0250625528118911     
  0.10579667824952024        1.0640215729807143     
  0.12854808104919171       0.98683706221687484     
  0.15632078169124311        1.1178861079639284     
  0.18975741449582317        1.0852935719276147     
  0.23032868064044379        1.2008150308805332     
  0.27962368063317661        1.2857683270391433     
  0.33948762138704197        1.3567347831508185     
  0.41220775775346907        1.4634284619545852     
  0.50048824219328136        1.5784685583791436     
  0.60768816316668328        1.6513337028624420     
  0.73829232115333110        1.7230152106579291     
   6.2831853071800003E-003   1.2248194195791795     
   8.8857658763173177E-003   1.5156444448728992     
   1.0882796185406024E-002   1.0308614468886779     
   1.2566370614360001E-002  0.18395934368913014     
   1.4781066825642925E-002  0.89543970979320076     
   1.9009758763406950E-002   1.0133629062711516     
   2.2558041930044626E-002   1.0238720758705493     
   2.7528404685550796E-002   1.0777075138113248     
   3.2924170772707526E-002   1.0461641954730041     
   3.9583345139207964E-002   1.0463464975849046     
   4.8482283607784241E-002   1.0524217700038834     
   5.9214978228736552E-002   1.0026055240479177     
   7.2080521460213362E-002  0.98768426205258875     
   8.7419255034663218E-002   1.0017116755478148     
  0.10579667824952024        1.0381324545451560     
  0.12854808104919171       0.96732181350185464     
  0.15632078169124311        1.1025849593191521     
  0.18975741449582317        1.0417946977443548     
  0.23032868064044379        1.1468034830641021     
  0.27962368063317661        1.2002684456910278     
  0.33948762138704197        1.2592598378971298     
  0.41220775775346907        1.3090471001122110     
  0.50048824219328136        1.3877626391816369     
  0.60768816316668328        1.4228980516718155     
  0.73829232115333110        1.3696215661655471     
   6.2831853071800003E-003  0.81316172670694808     
   8.8857658763173177E-003  0.88814862523329396     
   1.0882796185406024E-002   1.4426041358579103     
   1.2566370614360001E-002  0.32280584229921394     
   1.4781066825642925E-002   1.1669530036031892     
   1.9009758763406950E-002  0.99523260632543542     
   2.2558041930044626E-002   1.1001682718303316     
   2.7528404685550796E-002  0.96640167592885051     
   3.2924170772707526E-002  0.90973862916145454     
   3.9583345139207964E-002   1.0210079510707115     
   4.8482283607784241E-002  0.99787182248246187     
   5.9214978228736552E-002   1.0060721994602770     
   7.2080521460213362E-002   1.0564013176833660     
   8.7419255034663218E-002   1.0199434627142823     
  0.10579667824952024       0.95907744942026074     
  0.12854808104919171       0.88735846889279157     
  0.15632078169124311        1.0329093682068815     
  0.18975741449582317        1.0156583983954650     
  0.23032868064044379        1.0535725860288638     
  0.27962368063317661        1.0649169825172753     
  0.33948762138704197        1.1138933027760696     
  0.41220775775346907        1.1307593920979799     
  0.50048824219328136        1.1618225474052239     
  0.60768816316668328        1.1330759482692305     
  0.73829232115333110       0.95914721557200877     
   6.2831853071800003E-003   3.1859244923770400     
   8.8857658763173177E-003  0.81731539674737896     
   1.0882796185406024E-002   1.4195192948974105     
   1.2566370614360001E-002   2.2574666312472194     
   1.4781066825642925E-002   1.2039696754074707     
   1.9009758763406950E-002   1.1418715453944328     
   2.2558041930044626E-002  0.99367483929084754     
   2.7528404685550796E-002   1.0900991846335435     
   3.2924170772707526E-002   1.1633995113193123     
   3.9583345139207964E-002  0.93837874855162740     
   4.8482283607784241E-002  0.85039578283850037     
   5.9214978228736552E-002  0.98521582917663386     
   7.2080521460213362E-002  0.84673570337486204     
   8.7419255034663218E-002  0.99312421390087413     
  0.10579667824952024        1.0515533772473333     
  0.12854808104919171       0.87388058861510975     
  0.15632078169124311       0.99175938390030538     
  0.18975741449582317       0.98327587208041412     
  0.23032868064044379        1.0034642250080832     
  0.27962368063317661        1.1114728718387517     
  0.33948762138704197        1.1440953394589430     
  0.41220775775346907        1.1809032608050494     
  0.50048824219328136        1.0316117548428911     
  0.60768816316668328       0.94256330819836698     
  0.73829232115333110       0.75296473303325751     
   6.2831853071800003E-003  -1.2344802946285283     
   8.8857658763173177E-003   1.4422410157814234     
   1.0882796185406024E-002   1.3857844779876130     
   1.2566370614360001E-002   3.4767320682954024     
   1.4781066825642925E-002   1.4871818488424116     
   1.9009758763406950E-002   1.4954008702114587     
   2.2558041930044626E-002   1.1553299201407010     
   2.7528404685550796E-002  0.62359080826558733     
   3.2924170772707526E-002  0.85537939734528567     
   3.9583345139207964E-002   1.1495957186567853     
   4.8482283607784241E-002  0.89329175868472499     
   5.9214978228736552E-002  0.86769367735999248     
   7.2080521460213362E-002  0.94908840607385303     
   8.7419255034663218E-002  0.72848815665367816     
  0.10579667824952024       0.68551215140463739     
  0.12854808104919171       0.66892858810532618     
  0.15632078169124311       0.80679389818420988     
  0.18975741449582317       0.59355498148521690     
  0.23032868064044379       0.85080115654537836     
  0.27962368063317661       0.77478712009451622     
  0.33948762138704197       0.84115163825223738     
  0.41220775775346907       0.89414797710643634     
  0.50048824219328136       0.73660557219713929     
  0.60768816316668328       0.52988093778187273     
  0.73829232115333110       0.49226723711343789     
   6.2831853071800003E-003  -4.5154462639272612     
   8.8857658763173177E-003  0.51089071492258165     
   1.0882796185406024E-002  0.39003401997447862     
   1.2566370614360001E-002   1.7303688948247684     
   1.4781066825642925E-002  0.58222668469895267     
   1.9009758763406950E-002  0.20889268218853038     
   2.2558041930044626E-002   1.1324345976631749     
   2.7528404685550796E-002   1.1084889905548780     
   3.2924170772707526E-002   2.0489277529685714     
   3.9583345139207964E-002   1.6984953433641889     
   4.8482283607784241E-002   1.0955235159820753     
   5.9214978228736552E-002  0.14564901258476692     
   7.2080521460213362E-002   1.0717115277983944     
   8.7419255034663218E-002   1.1102547715446984     
  0.10579667824952024        1.3870229584768221     
  0.12854808104919171       0.96080819826750485     
  0.15632078169124311        1.3999110711865661     
  0.18975741449582317        1.0870409347424297     
  0.23032868064044379       0.64087016423068266     
  0.27962368063317661        1.0356958921175425     
  0.33948762138704197       0.99799833541397187     
  0.41220775775346907       0.59694261136939930     
  0.50048824219328136       0.54451322803844449     
  0.60768816316668328       0.53365165202015064     
  0.73829232115333110      -0.29197184436598617     
   6.2831853071800003E-003  0.74454638904870274     
   8.8857658763173177E-003   1.0369244616820308     
   1.0882796185406024E-002  0.68557763112656878     
   1.2566370614360001E-002   1.2974989947555280     
   1.4781066825642925E-002  0.97110943236020086     
   1.9009758763406950E-002   1.0985081471714710     
   2.2558041930044626E-002   1.0521096668930123     
   2.7528404685550796E-002   1.0393099804411214     
   3.2924170772707526E-002   1.0132336239075992     
   3.9583345139207964E-002  0.98658629263576469     
   4.8482283607784241E-002   1.0187709483843024     
   5.9214978228736552E-002  0.99721143902093168     
   7.2080521460213362E-002   1.0002358393590864     
   8.7419255034663218E-002   1.0176505566111738     
  0.10579667824952024        1.0535653423039724     
  0.12854808104919171       0.98087137420272441     
  0.15632078169124311        1.0981902586878489     
  0.18975741449582317        1.0542568278775830     
  0.23032868064044379        1.1555933541097383     
  0.27962368063317661        1.2490860267093329     
  0.33948762138704197        1.3238774715698709     
  0.41220775775346907        1.4404319882730847     
  0.50048824219328136        1.5885375517001814     
  0.60768816316668328        1.7616068924137904     
  0.73829232115333110        1.9566070114042231     
   6.2831853071800003E-003  0.90143119691775364     
   8.8857658763173177E-003   1.1732495994945527     
   1.0882796185406024E-002  0.64457828668639117     
   1.2566370614360001E-002   1.2837279137483475     
   1.4781066825642925E-002  0.99926082201516597     
   1.9009758763406950E-002   1.0922971919689364     
   2.2558041930044626E-002   1.0076480595964739     
   2.7528404685550796E-002   1.0576649021932614     
   3.2924170772707526E-002   1.0122060329933300     
   3.9583345139207964E-002  0.99259824603327362     
   4.8482283607784241E-002   1.0199667111020569     
   5.9214978228736552E-002  0.99582505412654121     
   7.2080521460213362E-002  0.99484191914120312     
   8.7419255034663218E-002   1.0250625528118911     
  0.10579667824952024        1.0640215729807143     
  0.12854808104919171       0.98683706221687484     
  0.15632078169124311        1.1178861079639284     
  0.18975741449582317        1.0852935719276147     
  0.23032868064044379        1.2008150308805332     
  0.27962368063317661        1.2857683270391433     
  0.33948762138704197        1.3567347831508185     
  0.41220775775346907        1.4634284619545852     
  0.50048824219328136        1.5784685583791436     
  0.60768816316668328        1.6513337028624420     
  0.73829232115333110        1.7230152106579291     
   6.2831853071800003E-003  0.49443709954976606     
   8.8857658763173177E-003   1.2405239505482746     
   1.0882796185406024E-002  0.48445682839779886     
   1.2566370614360001E-002   1.3611210442151715     
   1.4781066825642925E-002  0.99913638366853796     
   1.9009758763406950E-002   1.0810220274706694     
   2.2558041930044626E-002   1.0973502271347841     
   2.7528404685550796E-002   1.0686385044605007     
   3.2924170772707526E-002   1.0566109288075818     
   3.9583345139207964E-002   1.0161617375167851     
   4.8482283607784241E-002   1.0370874485786965     
   5.9214978228736552E-002   1.0352543480602248     
   7.2080521460213362E-002   1.0262376461569223     
   8.7419255034663218E-002   1.0801890344721625     
  0.10579667824952024        1.1088629158105523     
  0.12854808104919171        1.0822595910090871     
  0.15632078169124311        1.1978904832662076     
  0.18975741449582317        1.1572878098934576     
  0.23032868064044379        1.2672948718416719     
  0.27962368063317661        1.3449517014337367     
  0.33948762138704197        1.4326308857361780     
  0.41220775775346907        1.4868401332304146     
  0.50048824219328136        1.6100532098550260     
  0.60768816316668328        1.6337026817717706     
  0.73829232115333110        1.7428959890180185     
   6.2831853071800003E-003  0.80341729544526808     
   8.8857658763173177E-003   1.6853821246707008     
   1.0882796185406024E-002  0.83003896765853258     
   1.2566370614360001E-002  0.36093194115600385     
   1.4781066825642925E-002  0.87471938888790157     
   1.9009758763406950E-002  0.99528126917256632     
   2.2558041930044626E-002   1.0439002940062398     
   2.7528404685550796E-002   1.0802835461084814     
   3.2924170772707526E-002   1.0672106117846851     
   3.9583345139207964E-002   1.0341737630849803     
   4.8482283607784241E-002   1.0478586836426378     
   5.9214978228736552E-002   1.0248466463875094     
   7.2080521460213362E-002   1.0371934945974048     
   8.7419255034663218E-002   1.0264379994964890     
  0.10579667824952024        1.1040866152206050     
  0.12854808104919171        1.0459619517485623     
  0.15632078169124311        1.1591578077512237     
  0.18975741449582317        1.1206478271904707     
  0.23032868064044379        1.2584476019882291     
  0.27962368063317661        1.3540147124787090     
  0.33948762138704197        1.4099498453199193     
  0.41220775775346907        1.4783689768135064     
  0.50048824219328136        1.4938763557699384     
  0.60768816316668328        1.4743048044435378     
  0.73829232115333110        1.2764859296314466     
   6.2831853071800003E-003  0.96877741863188460     
   8.8857658763173177E-003  0.80049761799228891     
   1.0882796185406024E-002   1.1172871580473576     
   1.2566370614360001E-002  0.63278884839753469     
   1.4781066825642925E-002   1.1624983241728795     
   1.9009758763406950E-002  0.90326845430490033     
   2.2558041930044626E-002   1.0249496732663705     
   2.7528404685550796E-002  0.91965762460780898     
   3.2924170772707526E-002   1.0041546716808789     
   3.9583345139207964E-002   1.0317504967522053     
   4.8482283607784241E-002  0.97703697452481120     
   5.9214978228736552E-002   1.0039307980500438     
   7.2080521460213362E-002   1.0888517921648491     
   8.7419255034663218E-002   1.0424012062774184     
  0.10579667824952024        1.0022783688098229     
  0.12854808104919171       0.96394428700676316     
  0.15632078169124311        1.0616923468276553     
  0.18975741449582317        1.0677334553652920     
  0.23032868064044379        1.1817540092288377     
  0.27962368063317661        1.1750023699466248     
  0.33948762138704197        1.1577236185995949     
  0.41220775775346907        1.1141064960703129     
  0.50048824219328136        1.0301510240820957     
  0.60768816316668328       0.93715214376037348     
  0.73829232115333110       0.84367047901941961     
   6.2831853071800003E-003   1.3136538547912973     
   8.8857658763173177E-003   1.4299913198286411     
   1.0882796185406024E-002  0.67474664970127418     
   1.2566370614360001E-002   3.1074671303399870     
   1.4781066825642925E-002   1.1597568626787171     
   1.9009758763406950E-002  0.97996600522467325     
   2.2558041930044626E-002   1.3015146164799705     
   2.7528404685550796E-002   1.0357255408693788     
   3.2924170772707526E-002   1.1590676538984737     
   3.9583345139207964E-002   1.0165152797158576     
   4.8482283607784241E-002  0.86959997742424999     
   5.9214978228736552E-002  0.94961308020857282     
   7.2080521460213362E-002  0.87485810496046801     
   8.7419255034663218E-002  0.98044074967643102     
  0.10579667824952024        1.1204406693080018     
  0.12854808104919171       0.83832704422730642     
  0.15632078169124311       0.96210113671558928     
  0.18975741449582317       0.99679261154689225     
  0.23032868064044379        1.0084847731881268     
  0.27962368063317661        1.0817453011206222     
  0.33948762138704197        1.0315145194284987     
  0.41220775775346907        1.0906884236085996     
  0.50048824219328136       0.94465767130960066     
  0.60768816316668328       0.62784722332074083     
  0.73829232115333110       0.39939155812449700     
   6.2831853071800003E-003 -0.59206078312361432     
   8.8857658763173177E-003   1.7634378881964754     
   1.0882796185406024E-002  0.96409236156911027     
   1.2566370614360001E-002   4.4340917862305798     
   1.4781066825642925E-002   1.3466678753690653     
   1.9009758763406950E-002   1.4478375244254240     
   2.2558041930044626E-002   1.1800340226475889     
   2.7528404685550796E-002  0.65047323412171398     
   3.2924170772707526E-002   1.0068595255114863     
   3.9583345139207964E-002   1.0803114914986640     
   4.8482283607784241E-002  0.69967986041810859     
   5.9214978228736552E-002  0.87520134203861610     
   7.2080521460213362E-002   1.0140386444282445     
   8.7419255034663218E-002  0.77544797064865745     
  0.10579667824952024       0.63366342631667927     
  0.12854808104919171       0.67068868456236519     
  0.15632078169124311       0.70896001434934663     
  0.18975741449582317       0.71383466441617949     
  0.23032868064044379       0.86728934486400144     
  0.27962368063317661       0.81910569753299556     
  0.33948762138704197       0.82947563789710654     
  0.41220775775346907       0.79599099570335285     
  0.50048824219328136       0.40447074213692968     
  0.60768816316668328       0.24771014901012975     
  0.73829232115333110       0.34014989382303940     
   6.2831853071800003E-003  -2.9520910758932595     
   8.8857658763173177E-003 -0.40702289632739275     
   1.0882796185406024E-002   1.1587377845705780     
   1.2566370614360001E-002  0.33331425548671245     
   1.4781066825642925E-002  0.92607781067772987     
   1.9009758763406950E-002  0.42573573342874033     
   2.2558041930044626E-002  0.30209575635161745     
   2.7528404685550796E-002  0.73867575708686994     
   3.2924170772707526E-002   2.1365001705673849     
   3.9583345139207964E-002   1.6260259360749476     
   4.8482283607784241E-002  0.90952626544603921     
   5.9214978228736552E-002  0.23525414367874334     
   7.2080521460213362E-002   1.3931972179712449     
   8.7419255034663218E-002  0.93803149990943124     
  0.10579667824952024        1.1533855668130455     
  0.12854808104919171        1.2155496339247487     
  0.15632078169124311        1.4314782556159957     
  0.18975741449582317       0.73278506139055954     
  0.23032868064044379       0.69977598374428418     
  0.27962368063317661       0.83957329587817109     
  0.33948762138704197       0.51382019574363691     
  0.41220775775346907       0.18354928611861440     
  0.50048824219328136       0.27935401195109799     
  0.60768816316668328       -7.4161284579085168E-003
  0.73829232115333110       0.59732483591956631     
   6.2831853071800003E-003   1.0205076998466480     
   8.8857658763173177E-003   1.3230574307154424     
   1.0882796185406024E-002   1.0907127911124510     
   1.2566370614360001E-002  0.44771602026428753     
   1.4781066825642925E-002  0.85826772446371380     
   1.9009758763406950E-002   1.0137668790212333     
   2.2558041930044626E-002   1.0410364542598534     
   2.7528404685550796E-002   1.0668272952201032     
   3.2924170772707526E-002   1.0507742824445900     
   3.9583345139207964E-002   1.0300099047117188     
   4.8482283607784241E-002   1.0519595145886864     
   5.9214978228736552E-002   1.0079218647795114     
   7.2080521460213362E-002  0.99973913249922897     
   8.7419255034663218E-002  0.98898819414876404     
  0.10579667824952024        1.0413564299526135     
  0.12854808104919171       0.96524148435995993     
  0.15632078169124311        1.0869481227919047     
  0.18975741449582317        1.0427811718820910     
  0.23032868064044379        1.1565437540457089     
  0.27962368063317661        1.2519319211691069     
  0.33948762138704197        1.3321236036955699     
  0.41220775775346907        1.4531830059814828     
  0.50048824219328136        1.6055755412558685     
  0.60768816316668328        1.7803670344939382     
  0.73829232115333110        1.9425242781545664     
   6.2831853071800003E-003   1.2248194195791795     
   8.8857658763173177E-003   1.5156444448728992     
   1.0882796185406024E-002   1.0308614468886779     
   1.2566370614360001E-002  0.18395934368913014     
   1.4781066825642925E-002  0.89543970979320076     
   1.9009758763406950E-002   1.0133629062711516     
   2.2558041930044626E-002   1.0238720758705493     
   2.7528404685550796E-002   1.0777075138113248     
   3.2924170772707526E-002   1.0461641954730041     
   3.9583345139207964E-002   1.0463464975849046     
   4.8482283607784241E-002   1.0524217700038834     
   5.9214978228736552E-002   1.0026055240479177     
   7.2080521460213362E-002  0.98768426205258875     
   8.7419255034663218E-002   1.0017116755478148     
  0.10579667824952024        1.0381324545451560     
  0.12854808104919171       0.96732181350185464     
  0.15632078169124311        1.1025849593191521     
  0.18975741449582317        1.0417946977443548     
  0.23032868064044379        1.1468034830641021     
  0.27962368063317661        1.2002684456910278     
  0.33948762138704197        1.2592598378971298     
  0.41220775775346907        1.3090471001122110     
  0.50048824219328136        1.3877626391816369     
  0.60768816316668328        1.4228980516718155     
  0.73829232115333110        1.3696215661655471     
   6.2831853071800003E-003  0.80341729544526808     
   8.8857658763173177E-003   1.6853821246707008     
   1.0882796185406024E-002  0.83003896765853258     
   1.2566370614360001E-002  0.36093194115600385     
   1.4781066825642925E-002  0.87471938888790157     
   1.9009758763406950E-002  0.99528126917256632     
   2.2558041930044626E-002   1.0439002940062398     
   2.7528404685550796E-002   1.0802835461084814     
   3.2924170772707526E-002   1.0672106117846851     
   3.9583345139207964E-002   1.0341737630849803     
   4.8482283607784241E-002   1.0478586836426378     
   5.9214978228736552E-002   1.0248466463875094     
   7.2080521460213362E-002   1.0371934945974048     
   8.7419255034663218E-002   1.0264379994964890     
  0.10579667824952024        1.1040866152206050     
  0.12854808104919171        1.0459619517485623     
  0.15632078169124311        1.1591578077512237     
  0.18975741449582317        1.1206478271904707     
  0.23032868064044379        1.2584476019882291     
  0.27962368063317661        1.3540147124787090     
  0.33948762138704197        1.4099498453199193     
  0.41220775775346907        1.4783689768135064     
  0.50048824219328136        1.4938763557699384     
  0.60768816316668328        1.4743048044435378     
  0.73829232115333110        1.2764859296314466     
   6.2831853071800003E-003  0.50414090793326427     
   8.8857658763173177E-003   1.7162373135705911     
   1.0882796185406024E-002   1.1823688031014623     
   1.2566370614360001E-002  -4.4658698339597951E-002
   1.4781066825642925E-002  0.56225097344884201     
   1.9009758763406950E-002  0.80650772507405244     
   2.2558041930044626E-002  0.87643018293393782     
   2.7528404685550796E-002   1.0007767298347208     
   3.2924170772707526E-002   1.0773285935387023     
   3.9583345139207964E-002   1.0417001112906441     
   4.8482283607784241E-002   1.0809546337426723     
   5.9214978228736552E-002   1.0184418431720894     
   7.2080521460213362E-002   1.0491618507493417     
   8.7419255034663218E-002  0.92953350748484576     
  0.10579667824952024        1.1632445420454931     
  0.12854808104919171        1.0671880297264262     
  0.15632078169124311        1.2058877684252931     
  0.18975741449582317        1.1875057731271121     
  0.23032868064044379        1.3283658985840674     
  0.27962368063317661        1.3584276654403136     
  0.33948762138704197        1.3882475472303335     
  0.41220775775346907        1.3859369696538388     
  0.50048824219328136        1.5366738254429380     
  0.60768816316668328        1.4734228403836873     
  0.73829232115333110        1.5661256184379395     
   6.2831853071800003E-003   6.1461877466581966E-002
   8.8857658763173177E-003   1.4397451923110092     
   1.0882796185406024E-002   1.7150049113351764     
   1.2566370614360001E-002  0.80925213025162779     
   1.4781066825642925E-002   1.0635100190558426     
   1.9009758763406950E-002  0.88297867972944799     
   2.2558041930044626E-002   1.0795295127727629     
   2.7528404685550796E-002  0.94177315150536733     
   3.2924170772707526E-002   1.0027671514605421     
   3.9583345139207964E-002   1.0282721833298187     
   4.8482283607784241E-002   1.0639574099528191     
   5.9214978228736552E-002   1.0952340983155635     
   7.2080521460213362E-002   1.1030360587595616     
   8.7419255034663218E-002   1.1453608562302264     
  0.10579667824952024        1.0218211975512204     
  0.12854808104919171        1.0979751022281259     
  0.15632078169124311        1.3379888429117894     
  0.18975741449582317        1.1707905683480191     
  0.23032868064044379        1.3492431914774241     
  0.27962368063317661        1.2353857175319660     
  0.33948762138704197        1.2228473937647315     
  0.41220775775346907        1.1800183265471402     
  0.50048824219328136        1.0274023100275036     
  0.60768816316668328       0.97502992905399521     
  0.73829232115333110       0.93514657732495954     
   6.2831853071800003E-003   2.6604407417293330     
   8.8857658763173177E-003  0.85998724622022060     
   1.0882796185406024E-002   1.7226478332990303     
   1.2566370614360001E-002   1.5175257821445003     
   1.4781066825642925E-002  0.93562531949438676     
   1.9009758763406950E-002  0.63904033112173919     
   2.2558041930044626E-002  0.86955882787564276     
   2.7528404685550796E-002   1.1511682518423154     
   3.2924170772707526E-002   1.1643591339393993     
   3.9583345139207964E-002   1.0212041093008035     
   4.8482283607784241E-002  0.91505097282044179     
   5.9214978228736552E-002  0.95458897277067845     
   7.2080521460213362E-002  0.90339971747327819     
   8.7419255034663218E-002  0.82819321586089123     
  0.10579667824952024        1.0818097361396193     
  0.12854808104919171       0.88218892782837111     
  0.15632078169124311        1.0671946715482881     
  0.18975741449582317       0.95387541502883288     
  0.23032868064044379        1.1149393707605888     
  0.27962368063317661        1.2166680656246645     
  0.33948762138704197        1.1960110402573536     
  0.41220775775346907        1.1846605235733099     
  0.50048824219328136       0.99326884158473816     
  0.60768816316668328       0.52613139114161911     
  0.73829232115333110       0.50537028327975086     
   6.2831853071800003E-003  -1.8199937101301422     
   8.8857658763173177E-003  0.50080129170506271     
   1.0882796185406024E-002   1.9962245967343344     
   1.2566370614360001E-002   1.4329364852438891     
   1.4781066825642925E-002  0.90405971230478455     
   1.9009758763406950E-002   1.3615053341694843     
   2.2558041930044626E-002   1.2030349637702251     
   2.7528404685550796E-002  0.77295968678381355     
   3.2924170772707526E-002  0.88108380870747727     
   3.9583345139207964E-002   1.2827556156026501     
   4.8482283607784241E-002  0.64009169430282764     
   5.9214978228736552E-002   1.2164405593387424     
   7.2080521460213362E-002  0.74600361773731327     
   8.7419255034663218E-002  0.68959618657789012     
  0.10579667824952024       0.81300737541383794     
  0.12854808104919171       0.66499211642103806     
  0.15632078169124311       0.78832835012207547     
  0.18975741449582317       0.51475263967588369     
  0.23032868064044379       0.79078351291450377     
  0.27962368063317661       0.54690462366864290     
  0.33948762138704197       0.62092710999525336     
  0.41220775775346907       0.40725101067621650     
  0.50048824219328136       0.42253616142615952     
  0.60768816316668328       0.53139562826370723     
  0.73829232115333110       -8.2888483978679081E-002
   6.2831853071800003E-003  -1.9415609523302637     
   8.8857658763173177E-003   2.8233423470235999     
   1.0882796185406024E-002   1.7696624816138868     
   1.2566370614360001E-002  -2.3786454650891353     
   1.4781066825642925E-002   7.5775624370802647E-003
   1.9009758763406950E-002 -0.35360499640358406     
   2.2558041930044626E-002  0.65095335828766177     
   2.7528404685550796E-002  0.87983257756884314     
   3.2924170772707526E-002   1.3751827295389936     
   3.9583345139207964E-002   1.4432409202815655     
   4.8482283607784241E-002   1.4442943587698023     
   5.9214978228736552E-002  0.33429124999244281     
   7.2080521460213362E-002   1.1516429392103353     
   8.7419255034663218E-002   1.2168405241237268     
  0.10579667824952024       0.89733639406120957     
  0.12854808104919171        1.0342817960297681     
  0.15632078169124311       0.98982183308909855     
  0.18975741449582317        1.2054746567099410     
  0.23032868064044379        1.1911958979312776     
  0.27962368063317661        1.5454169156525981     
  0.33948762138704197        1.1019622578739146     
  0.41220775775346907       0.60195759129922910     
  0.50048824219328136       0.29894545174025672     
  0.60768816316668328       0.82155923651138663     
  0.73829232115333110       0.64667473462480163     
   6.2831853071800003E-003  0.70815318678797612     
   8.8857658763173177E-003  0.90347459739491776     
   1.0882796185406024E-002   1.5361248521969195     
   1.2566370614360001E-002  0.57014812475565213     
   1.4781066825642925E-002   1.1433624971050982     
   1.9009758763406950E-002   1.0011977136287780     
   2.2558041930044626E-002   1.0995203738426607     
   2.7528404685550796E-002  0.95660394329644904     
   3.2924170772707526E-002  0.93795900125100762     
   3.9583345139207964E-002   1.0218849304365798     
   4.8482283607784241E-002   1.0292234960959252     
   5.9214978228736552E-002   1.0165144429601800     
   7.2080521460213362E-002   1.0750798115454263     
   8.7419255034663218E-002   1.0176367571186689     
  0.10579667824952024       0.99362522170547118     
  0.12854808104919171       0.93560390136977734     
  0.15632078169124311        1.0891142891451249     
  0.18975741449582317        1.0586640489510879     
  0.23032868064044379        1.1598087501466190     
  0.27962368063317661        1.2125715335303446     
  0.33948762138704197        1.3392544522732388     
  0.41220775775346907        1.4587433220912029     
  0.50048824219328136        1.6144375854260009     
  0.60768816316668328        1.7490373089961957     
  0.73829232115333110        1.8246677448484339     
   6.2831853071800003E-003  0.81316172670694808     
   8.8857658763173177E-003  0.88814862523329396     
   1.0882796185406024E-002   1.4426041358579103     
   1.2566370614360001E-002  0.32280584229921394     
   1.4781066825642925E-002   1.1669530036031892     
   1.9009758763406950E-002  0.99523260632543542     
   2.2558041930044626E-002   1.1001682718303316     
   2.7528404685550796E-002  0.96640167592885051     
   3.2924170772707526E-002  0.90973862916145454     
   3.9583345139207964E-002   1.0210079510707115     
   4.8482283607784241E-002  0.99787182248246187     
   5.9214978228736552E-002   1.0060721994602770     
   7.2080521460213362E-002   1.0564013176833660     
   8.7419255034663218E-002   1.0199434627142823     
  0.10579667824952024       0.95907744942026074     
  0.12854808104919171       0.88735846889279157     
  0.15632078169124311        1.0329093682068815     
  0.18975741449582317        1.0156583983954650     
  0.23032868064044379        1.0535725860288638     
  0.27962368063317661        1.0649169825172753     
  0.33948762138704197        1.1138933027760696     
  0.41220775775346907        1.1307593920979799     
  0.50048824219328136        1.1618225474052239     
  0.60768816316668328        1.1330759482692305     
  0.73829232115333110       0.95914721557200877     
   6.2831853071800003E-003  0.96877741863188460     
   8.8857658763173177E-003  0.80049761799228891     
   1.0882796185406024E-002   1.1172871580473576     
   1.2566370614360001E-002  0.63278884839753469     
   1.4781066825642925E-002   1.1624983241728795     
   1.9009758763406950E-002  0.90326845430490033     
   2.2558041930044626E-002   1.0249496732663705     
   2.7528404685550796E-002  0.91965762460780898     
   3.2924170772707526E-002   1.0041546716808789     
   3.9583345139207964E-002   1.0317504967522053     
   4.8482283607784241E-002  0.97703697452481120     
   5.9214978228736552E-002   1.0039307980500438     
   7.2080521460213362E-002   1.0888517921648491     
   8.7419255034663218E-002   1.0424012062774184     
  0.10579667824952024        1.0022783688098229     
  0.12854808104919171       0.96394428700676316     
  0.15632078169124311        1.0616923468276553     
  0.18975741449582317        1.0677334553652920     
  0.23032868064044379        1.1817540092288377     
  0.27962368063317661        1.1750023699466248     
  0.33948762138704197        1.1577236185995949     
  0.41220775775346907        1.1141064960703129     
  0.50048824219328136        1.0301510240820957     
  0.60768816316668328       0.93715214376037348     
  0.73829232115333110       0.84367047901941961     
   6.2831853071800003E-003   6.1461877466581966E-002
   8.8857658763173177E-003   1.4397451923110092     
   1.0882796185406024E-002   1.7150049113351764     
   1.2566370614360001E-002  0.80925213025162779     
   1.4781066825642925E-002   1.0635100190558426     
   1.9009758763406950E-002  0.88297867972944799     
   2.2558041930044626E-002   1.0795295127727629     
   2.7528404685550796E-002  0.94177315150536733     
   3.2924170772707526E-002   1.0027671514605421     
   3.9583345139207964E-002   1.0282721833298187     
   4.8482283607784241E-002   1.0639574099528191     
   5.9214978228736552E-002   1.0952340983155635     
   7.2080521460213362E-002   1.1030360587595616     
   8.7419255034663218E-002   1.1453608562302264     
  0.10579667824952024        1.0218211975512204     
  0.12854808104919171        1.0979751022281259     
  0.15632078169124311        1.3379888429117894     
  0.18975741449582317        1.1707905683480191     
  0.23032868064044379        1.3492431914774241     
  0.27962368063317661        1.2353857175319660     
  0.33948762138704197        1.2228473937647315     
  0.41220775775346907        1.1800183265471402     
  0.50048824219328136        1.0274023100275036     
  0.60768816316668328       0.97502992905399521     
  0.73829232115333110       0.93514657732495954     
   6.2831853071800003E-003   1.0656784748804768     
   8.8857658763173177E-003  0.44586131460048695     
   1.0882796185406024E-002   2.2415781642856860     
   1.2566370614360001E-002  0.32929532403771838     
   1.4781066825642925E-002   1.3527172142831321     
   1.9009758763406950E-002  0.71796112687712788     
   2.2558041930044626E-002  0.72474587717116090     
   2.7528404685550796E-002  0.72969297429087221     
   3.2924170772707526E-002  0.81318427066772569     
   3.9583345139207964E-002  0.98728217837876187     
   4.8482283607784241E-002   1.2360961331325004     
   5.9214978228736552E-002   1.1297040846014843     
   7.2080521460213362E-002   1.2633329777098541     
   8.7419255034663218E-002   1.1113583143723955     
  0.10579667824952024        1.2350940626237992     
  0.12854808104919171        1.0135678950431219     
  0.15632078169124311        1.2513557827223516     
  0.18975741449582317        1.2620621777988923     
  0.23032868064044379        1.1613523580760441     
  0.27962368063317661        1.0953136628006666     
  0.33948762138704197        1.2008598801304378     
  0.41220775775346907        1.3707750669959229     
  0.50048824219328136       0.99992193981026989     
  0.60768816316668328        1.3503529959574871     
  0.73829232115333110        2.7944276700738033     
   6.2831853071800003E-003 -0.34948392418136670     
   8.8857658763173177E-003  0.18505097304611226     
   1.0882796185406024E-002   1.6182522013679479     
   1.2566370614360001E-002   2.1837285320595683     
   1.4781066825642925E-002   1.2589233830602775     
   1.9009758763406950E-002  0.55133948578827485     
   2.2558041930044626E-002  0.99081695122333391     
   2.7528404685550796E-002  0.93080195229881457     
   3.2924170772707526E-002  0.77313058858717199     
   3.9583345139207964E-002  0.98773995004027360     
   4.8482283607784241E-002  0.82551720847362775     
   5.9214978228736552E-002  0.95702615937328084     
   7.2080521460213362E-002   1.0781380707382577     
   8.7419255034663218E-002  0.98339353157735920     
  0.10579667824952024        1.1016727639502322     
  0.12854808104919171       0.98359415351984314     
  0.15632078169124311        1.0997955492703295     
  0.18975741449582317        1.1218639082168715     
  0.23032868064044379        1.0500279369192380     
  0.27962368063317661       0.73850041753562590     
  0.33948762138704197        1.0422899245302659     
  0.41220775775346907        1.0475502532912688     
  0.50048824219328136       0.46901239775427445     
  0.60768816316668328       0.31201440603465974     
  0.73829232115333110       0.13209256949595169     
   6.2831853071800003E-003   1.6221710218589056     
   8.8857658763173177E-003  0.47320432531493095     
   1.0882796185406024E-002   1.1621461777906510     
   1.2566370614360001E-002  0.65763433341815614     
   1.4781066825642925E-002   2.1033321291994929     
   1.9009758763406950E-002  0.53429889059216740     
   2.2558041930044626E-002   1.6142542626448968     
   2.7528404685550796E-002  0.52948775726849129     
   3.2924170772707526E-002  0.42475476827354669     
   3.9583345139207964E-002   1.0124627144177503     
   4.8482283607784241E-002  0.99306660459085283     
   5.9214978228736552E-002   1.0376006847523187     
   7.2080521460213362E-002   1.3814143275111743     
   8.7419255034663218E-002  0.93545361795276905     
  0.10579667824952024        1.2801521881283993     
  0.12854808104919171        1.0563939113302250     
  0.15632078169124311        1.7139777047396227     
  0.18975741449582317        1.6821306629999355     
  0.23032868064044379        1.8453923888319139     
  0.27962368063317661        1.2189821149137985     
  0.33948762138704197       0.98397114948609143     
  0.41220775775346907       0.85241861854392520     
  0.50048824219328136        1.6220237262341122     
  0.60768816316668328       0.59793253874060326     
  0.73829232115333110       0.72447217312318302     
   6.2831853071800003E-003   1.0340344994291992     
   8.8857658763173177E-003   4.2522007540219988     
   1.0882796185406024E-002  0.49286538386235845     
   1.2566370614360001E-002  -9.4834650072208699     
   1.4781066825642925E-002 -0.48171023417600528     
   1.9009758763406950E-002  0.42910132875108720     
   2.2558041930044626E-002  0.83505655744449958     
   2.7528404685550796E-002  0.91659801908494243     
   3.2924170772707526E-002   1.3858306828145590     
   3.9583345139207964E-002   1.1659381886720854     
   4.8482283607784241E-002  0.82091837384531030     
   5.9214978228736552E-002  -2.0941590907389711E-002
   7.2080521460213362E-002  0.61755789918254200     
   8.7419255034663218E-002   1.7269779009229977     
  0.10579667824952024        1.1923310924408901     
  0.12854808104919171        1.1594075914449615     
  0.15632078169124311        1.4419523883710625     
  0.18975741449582317        1.4191184557298970     
  0.23032868064044379        1.6605143802325502     
  0.27962368063317661        2.2454262682737807     
  0.33948762138704197        2.6884646372160770     
  0.41220775775346907        2.3854360232873071     
  0.50048824219328136        1.3883096538652042     
  0.60768816316668328      -0.97672505296016698     
  0.73829232115333110       -2.8442052781485252     
   6.2831853071800003E-003   2.1764067065206998     
   8.8857658763173177E-003  0.79361023230725825     
   1.0882796185406024E-002   1.3566479513845162     
   1.2566370614360001E-002   2.6267241179157725     
   1.4781066825642925E-002   1.1835384300662446     
   1.9009758763406950E-002   1.0385422893642529     
   2.2558041930044626E-002   1.1015052770585094     
   2.7528404685550796E-002   1.1271912539483808     
   3.2924170772707526E-002   1.1797587207947282     
   3.9583345139207964E-002  0.94136078592765660     
   4.8482283607784241E-002  0.86318343508854678     
   5.9214978228736552E-002  0.97621001019918330     
   7.2080521460213362E-002  0.86320788370221391     
   8.7419255034663218E-002  0.99092576210246897     
  0.10579667824952024        1.0480883622651269     
  0.12854808104919171       0.90266812099122451     
  0.15632078169124311        1.0181162880578420     
  0.18975741449582317        1.0276810192841759     
  0.23032868064044379        1.1076775712816160     
  0.27962368063317661        1.1971318158084761     
  0.33948762138704197        1.2895629194955098     
  0.41220775775346907        1.4510460132577152     
  0.50048824219328136        1.5418260612040324     
  0.60768816316668328        1.5519123323932835     
  0.73829232115333110        1.4937585869484709     
   6.2831853071800003E-003   3.1859244923770400     
   8.8857658763173177E-003  0.81731539674737896     
   1.0882796185406024E-002   1.4195192948974105     
   1.2566370614360001E-002   2.2574666312472194     
   1.4781066825642925E-002   1.2039696754074707     
   1.9009758763406950E-002   1.1418715453944328     
   2.2558041930044626E-002  0.99367483929084754     
   2.7528404685550796E-002   1.0900991846335435     
   3.2924170772707526E-002   1.1633995113193123     
   3.9583345139207964E-002  0.93837874855162740     
   4.8482283607784241E-002  0.85039578283850037     
   5.9214978228736552E-002  0.98521582917663386     
   7.2080521460213362E-002  0.84673570337486204     
   8.7419255034663218E-002  0.99312421390087413     
  0.10579667824952024        1.0515533772473333     
  0.12854808104919171       0.87388058861510975     
  0.15632078169124311       0.99175938390030538     
  0.18975741449582317       0.98327587208041412     
  0.23032868064044379        1.0034642250080832     
  0.27962368063317661        1.1114728718387517     
  0.33948762138704197        1.1440953394589430     
  0.41220775775346907        1.1809032608050494     
  0.50048824219328136        1.0316117548428911     
  0.60768816316668328       0.94256330819836698     
  0.73829232115333110       0.75296473303325751     
   6.2831853071800003E-003   1.3136538547912973     
   8.8857658763173177E-003   1.4299913198286411     
   1.0882796185406024E-002  0.67474664970127418     
   1.2566370614360001E-002   3.1074671303399870     
   1.4781066825642925E-002   1.1597568626787171     
   1.9009758763406950E-002  0.97996600522467325     
   2.2558041930044626E-002   1.3015146164799705     
   2.7528404685550796E-002   1.0357255408693788     
   3.2924170772707526E-002   1.1590676538984737     
   3.9583345139207964E-002   1.0165152797158576     
   4.8482283607784241E-002  0.86959997742424999     
   5.9214978228736552E-002  0.94961308020857282     
   7.2080521460213362E-002  0.87485810496046801     
   8.7419255034663218E-002  0.98044074967643102     
  0.10579667824952024        1.1204406693080018     
  0.12854808104919171       0.83832704422730642     
  0.15632078169124311       0.96210113671558928     
  0.18975741449582317       0.99679261154689225     
  0.23032868064044379        1.0084847731881268     
  0.27962368063317661        1.0817453011206222     
  0.33948762138704197        1.0315145194284987     
  0.41220775775346907        1.0906884236085996     
  0.50048824219328136       0.94465767130960066     
  0.60768816316668328       0.62784722332074083     
  0.73829232115333110       0.39939155812449700     
   6.2831853071800003E-003   2.6604407417293330     
   8.8857658763173177E-003  0.85998724622022060     
   1.0882796185406024E-002   1.7226478332990303     
   1.2566370614360001E-002   1.5175257821445003     
   1.4781066825642925E-002  0.93562531949438676     
   1.9009758763406950E-002  0.63904033112173919     
   2.2558041930044626E-002  0.86955882787564276     
   2.7528404685550796E-002   1.1511682518423154     
   3.2924170772707526E-002   1.1643591339393993     
   3.9583345139207964E-002   1.0212041093008035     
   4.8482283607784241E-002  0.91505097282044179     
   5.9214978228736552E-002  0.95458897277067845     
   7.2080521460213362E-002  0.90339971747327819     
   8.7419255034663218E-002  0.82819321586089123     
  0.10579667824952024        1.0818097361396193     
  0.12854808104919171       0.88218892782837111     
  0.15632078169124311        1.0671946715482881     
  0.18975741449582317       0.95387541502883288     
  0.23032868064044379        1.1149393707605888     
  0.27962368063317661        1.2166680656246645     
  0.33948762138704197        1.1960110402573536     
  0.41220775775346907        1.1846605235733099     
  0.50048824219328136       0.99326884158473816     
  0.60768816316668328       0.52613139114161911     
  0.73829232115333110       0.50537028327975086     
   6.2831853071800003E-003 -0.34948392418136670     
   8.8857658763173177E-003  0.18505097304611226     
   1.0882796185406024E-002   1.6182522013679479     
   1.2566370614360001E-002   2.1837285320595683     
   1.4781066825642925E-002   1.2589233830602775     
   1.9009758763406950E-002  0.55133948578827485     
   2.2558041930044626E-002  0.99081695122333391     
   2.7528404685550796E-002  0.93080195229881457     
   3.2924170772707526E-002  0.77313058858717199     
   3.9583345139207964E-002  0.98773995004027360     
   4.8482283607784241E-002  0.82551720847362775     
   5.9214978228736552E-002  0.95702615937328084     
   7.2080521460213362E-002   1.0781380707382577     
   8.7419255034663218E-002  0.98339353157735920     
  0.10579667824952024        1.1016727639502322     
  0.12854808104919171       0.98359415351984314     
  0.15632078169124311        1.0997955492703295     
  0.18975741449582317        1.1218639082168715     
  0.23032868064044379        1.0500279369192380     
  0.27962368063317661       0.73850041753562590     
  0.33948762138704197        1.0422899245302659     
  0.41220775775346907        1.0475502532912688     
  0.50048824219328136       0.46901239775427445     
  0.60768816316668328       0.31201440603465974     
  0.73829232115333110       0.13209256949595169     
   6.2831853071800003E-003   2.5248892486245116     
   8.8857658763173177E-003   3.6373170984029457     
   1.0882796185406024E-002  0.72173337958687511     
   1.2566370614360001E-002   1.3972476034402166     
   1.4781066825642925E-002  0.90785894662746702     
   1.9009758763406950E-002   1.3864343076439956     
   2.2558041930044626E-002   1.3727699004107210     
   2.7528404685550796E-002   1.0587122874048465     
   3.2924170772707526E-002   1.1410608966875186     
   3.9583345139207964E-002  0.62741197914721036     
   4.8482283607784241E-002  0.93696413848210369     
   5.9214978228736552E-002  0.58758193953280635     
   7.2080521460213362E-002  0.89057155662202026     
   8.7419255034663218E-002  0.65876628340108490     
  0.10579667824952024        1.0787403460042777     
  0.12854808104919171       0.62811100048588653     
  0.15632078169124311       0.82650377777909922     
  0.18975741449582317       0.72115942218295503     
  0.23032868064044379       0.75895173271378347     
  0.27962368063317661        1.3079390676468603     
  0.33948762138704197       0.51363713849221460     
  0.41220775775346907       0.31481534890214125     
  0.50048824219328136        1.1000067600107968     
  0.60768816316668328        3.4789163331831281     
  0.73829232115333110        8.6023216876628155     
   6.2831853071800003E-003  -2.8235968891035261     
   8.8857658763173177E-003   4.6419195383837568     
   1.0882796185406024E-002   3.2192862510733282     
   1.2566370614360001E-002   6.6531043832993060     
   1.4781066825642925E-002   1.5186930213504073     
   1.9009758763406950E-002   1.3497539343480640     
   2.2558041930044626E-002  0.48989947907930226     
   2.7528404685550796E-002  0.31931098178780837     
   3.2924170772707526E-002   1.1964430272666691     
   3.9583345139207964E-002  0.11449452040227345     
   4.8482283607784241E-002  0.70529398095528484     
   5.9214978228736552E-002   1.1540496662533173     
   7.2080521460213362E-002  0.90893395228991070     
   8.7419255034663218E-002  0.79506797234975157     
  0.10579667824952024       0.50915188955686597     
  0.12854808104919171       0.53288956014068301     
  0.15632078169124311       0.67691811164521398     
  0.18975741449582317       0.53052056344498444     
  0.23032868064044379       0.25394282339789881     
  0.27962368063317661       -1.9290973678012489E-002
  0.33948762138704197       0.53339896982829893     
  0.41220775775346907       0.61246951831279794     
  0.50048824219328136       0.26919715283065682     
  0.60768816316668328        1.2592114794791971     
  0.73829232115333110        1.9892970064800770     
   6.2831853071800003E-003  -5.4293235413289862     
   8.8857658763173177E-003  -6.2860318380201239     
   1.0882796185406024E-002   1.8853837925734884     
   1.2566370614360001E-002  -5.0227518939151921     
   1.4781066825642925E-002   2.7238363235595902     
   1.9009758763406950E-002   1.5826522502315785     
   2.2558041930044626E-002  -1.1510226643880777     
   2.7528404685550796E-002  0.41668533000501690     
   3.2924170772707526E-002   1.4341614737692778     
   3.9583345139207964E-002   1.4801945771457234     
   4.8482283607784241E-002  0.65574906897631557     
   5.9214978228736552E-002   7.8333360986065248E-002
   7.2080521460213362E-002  0.88836758083054490     
   8.7419255034663218E-002   1.2680209267033080     
  0.10579667824952024       0.43979878168100972     
  0.12854808104919171        1.3527538751347450     
  0.15632078169124311        1.5180888848542495     
  0.18975741449582317        3.2496591606120449     
  0.23032868064044379        2.2526853905370769     
  0.27962368063317661        3.3189003853074937     
  0.33948762138704197        2.4402548363157157     
  0.41220775775346907        2.5809182346375166     
  0.50048824219328136        2.8437613660994785     
  0.60768816316668328        2.9729265845131141     
  0.73829232115333110      -0.12550867119496334     
   6.2831853071800003E-003 -0.95244292057425362     
   8.8857658763173177E-003   1.2708063587818494     
   1.0882796185406024E-002   1.5290815123448238     
   1.2566370614360001E-002   3.7823477779619719     
   1.4781066825642925E-002   1.4033148013596597     
   1.9009758763406950E-002   1.4205072692933427     
   2.2558041930044626E-002   1.2580205996538691     
   2.7528404685550796E-002  0.66403912843511548     
   3.2924170772707526E-002  0.89476482439354366     
   3.9583345139207964E-002   1.0821761828752614     
   4.8482283607784241E-002  0.82946068959843933     
   5.9214978228736552E-002  0.94302135328819991     
   7.2080521460213362E-002  0.95344754682582489     
   8.7419255034663218E-002  0.80349689097632171     
  0.10579667824952024       0.70987463653994154     
  0.12854808104919171       0.79600334017155916     
  0.15632078169124311       0.85527521180684085     
  0.18975741449582317       0.76712496567820831     
  0.23032868064044379        1.0004716104549307     
  0.27962368063317661        1.0105338467207101     
  0.33948762138704197        1.0340111020162768     
  0.41220775775346907        1.1826865142271143     
  0.50048824219328136        1.0930484378500931     
  0.60768816316668328        1.0446189979831040     
  0.73829232115333110       0.90648232950071972     
   6.2831853071800003E-003  -1.2344802946285283     
   8.8857658763173177E-003   1.4422410157814234     
   1.0882796185406024E-002   1.3857844779876130     
   1.2566370614360001E-002   3.4767320682954024     
   1.4781066825642925E-002   1.4871818488424116     
   1.9009758763406950E-002   1.4954008702114587     
   2.2558041930044626E-002   1.1553299201407010     
   2.7528404685550796E-002  0.62359080826558733     
   3.2924170772707526E-002  0.85537939734528567     
   3.9583345139207964E-002   1.1495957186567853     
   4.8482283607784241E-002  0.89329175868472499     
   5.9214978228736552E-002  0.86769367735999248     
   7.2080521460213362E-002  0.94908840607385303     
   8.7419255034663218E-002  0.72848815665367816     
  0.10579667824952024       0.68551215140463739     
  0.12854808104919171       0.66892858810532618     
  0.15632078169124311       0.80679389818420988     
  0.18975741449582317       0.59355498148521690     
  0.23032868064044379       0.85080115654537836     
  0.27962368063317661       0.77478712009451622     
  0.33948762138704197       0.84115163825223738     
  0.41220775775346907       0.89414797710643634     
  0.50048824219328136       0.73660557219713929     
  0.60768816316668328       0.52988093778187273     
  0.73829232115333110       0.49226723711343789     
   6.2831853071800003E-003 -0.59206078312361432     
   8.8857658763173177E-003   1.7634378881964754     
   1.0882796185406024E-002  0.96409236156911027     
   1.2566370614360001E-002   4.4340917862305798     
   1.4781066825642925E-002   1.3466678753690653     
   1.9009758763406950E-002   1.4478375244254240     
   2.2558041930044626E-002   1.1800340226475889     
   2.7528404685550796E-002  0.65047323412171398     
   3.2924170772707526E-002   1.0068595255114863     
   3.9583345139207964E-002   1.0803114914986640     
   4.8482283607784241E-002  0.69967986041810859     
   5.9214978228736552E-002  0.87520134203861610     
   7.2080521460213362E-002   1.0140386444282445     
   8.7419255034663218E-002  0.77544797064865745     
  0.10579667824952024       0.63366342631667927     
  0.12854808104919171       0.67068868456236519     
  0.15632078169124311       0.70896001434934663     
  0.18975741449582317       0.71383466441617949     
  0.23032868064044379       0.86728934486400144     
  0.27962368063317661       0.81910569753299556     
  0.33948762138704197       0.82947563789710654     
  0.41220775775346907       0.79599099570335285     
  0.50048824219328136       0.40447074213692968     
  0.60768816316668328       0.24771014901012975     
  0.73829232115333110       0.34014989382303940     
   6.2831853071800003E-003  -1.8199937101301422     
   8.8857658763173177E-003  0.50080129170506271     
   1.0882796185406024E-002   1.9962245967343344     
   1.2566370614360001E-002   1.4329364852438891     
   1.4781066825642925E-002  0.90405971230478455     
   1.9009758763406950E-002   1.3615053341694843     
   2.2558041930044626E-002   1.2030349637702251     
   2.7528404685550796E-002  0.77295968678381355     
   3.2924170772707526E-002  0.88108380870747727     
   3.9583345139207964E-002   1.2827556156026501     
   4.8482283607784241E-002  0.64009169430282764     
   5.9214978228736552E-002   1.2164405593387424     
   7.2080521460213362E-002  0.74600361773731327     
   8.7419255034663218E-002  0.68959618657789012     
  0.10579667824952024       0.81300737541383794     
  0.12854808104919171       0.66499211642103806     
  0.15632078169124311       0.78832835012207547     
  0.18975741449582317       0.51475263967588369     
  0.23032868064044379       0.79078351291450377     
  0.27962368063317661       0.54690462366864290     
  0.33948762138704197       0.62092710999525336     
  0.41220775775346907       0.40725101067621650     
  0.50048824219328136       0.42253616142615952     
  0.60768816316668328       0.53139562826370723     
  0.73829232115333110       -8.2888483978679081E-002
   6.2831853071800003E-003   1.6221710218589056     
   8.8857658763173177E-003  0.47320432531493095     
   1.0882796185406024E-002   1.1621461777906510     
   1.2566370614360001E-002  0.65763433341815614     
   1.4781066825642925E-002   2.1033321291994929     
   1.9009758763406950E-002  0.53429889059216740     
   2.2558041930044626E-002   1.6142542626448968     
   2.7528404685550796E-002  0.52948775726849129     
   3.2924170772707526E-002  0.42475476827354669     
   3.9583345139207964E-002   1.0124627144177503     
   4.8482283607784241E-002  0.99306660459085283     
   5.9214978228736552E-002   1.0376006847523187     
   7.2080521460213362E-002   1.3814143275111743     
   8.7419255034663218E-002  0.93545361795276905     
  0.10579667824952024        1.2801521881283993     
  0.12854808104919171        1.0563939113302250     
  0.15632078169124311        1.7139777047396227     
  0.18975741449582317        1.6821306629999355     
  0.23032868064044379        1.8453923888319139     
  0.27962368063317661        1.2189821149137985     
  0.33948762138704197       0.98397114948609143     
  0.41220775775346907       0.85241861854392520     
  0.50048824219328136        1.6220237262341122     
  0.60768816316668328       0.59793253874060326     
  0.73829232115333110       0.72447217312318302     
   6.2831853071800003E-003  -2.8235968891035261     
   8.8857658763173177E-003   4.6419195383837568     
   1.0882796185406024E-002   3.2192862510733282     
   1.2566370614360001E-002   6.6531043832993060     
   1.4781066825642925E-002   1.5186930213504073     
   1.9009758763406950E-002   1.3497539343480640     
   2.2558041930044626E-002  0.48989947907930226     
   2.7528404685550796E-002  0.31931098178780837     
   3.2924170772707526E-002   1.1964430272666691     
   3.9583345139207964E-002  0.11449452040227345     
   4.8482283607784241E-002  0.70529398095528484     
   5.9214978228736552E-002   1.1540496662533173     
   7.2080521460213362E-002  0.90893395228991070     
   8.7419255034663218E-002  0.79506797234975157     
  0.10579667824952024       0.50915188955686597     
  0.12854808104919171       0.53288956014068301     
  0.15632078169124311       0.67691811164521398     
  0.18975741449582317       0.53052056344498444     
  0.23032868064044379       0.25394282339789881     
  0.27962368063317661       -1.9290973678012489E-002
  0.33948762138704197       0.53339896982829893     
  0.41220775775346907       0.61246951831279794     
  0.50048824219328136       0.26919715283065682     
  0.60768816316668328        1.2592114794791971     
  0.73829232115333110        1.9892970064800770     
   6.2831853071800003E-003  -5.9855661024875371     
   8.8857658763173177E-003  0.91423866191268666     
   1.0882796185406024E-002  -2.4165565598201103E-002
   1.2566370614360001E-002   1.2422532315816983     
   1.4781066825642925E-002   1.8949389938679078     
   1.9009758763406950E-002   1.3747294649383051     
   2.2558041930044626E-002   1.6747928472282445     
   2.7528404685550796E-002 -0.37559089212828778     
   3.2924170772707526E-002  0.68529981461803202     
   3.9583345139207964E-002  0.77839815387276101     
   4.8482283607784241E-002  0.52794907301042904     
   5.9214978228736552E-002  0.68667174113142115     
   7.2080521460213362E-002   1.3411661317683548     
   8.7419255034663218E-002  0.49392371639142624     
  0.10579667824952024       0.70611848410724432     
  0.12854808104919171        1.0746801137925759     
  0.15632078169124311        2.1902635589715129     
  0.18975741449582317        1.2905933524102919     
  0.23032868064044379        1.5512373414896554     
  0.27962368063317661      -0.35809801239872341     
  0.33948762138704197       -2.1299396779676343     
  0.41220775775346907       -2.6795759432784299     
  0.50048824219328136      -0.67190502812674291     
  0.60768816316668328        6.6799793871376396     
  0.73829232115333110        14.100309854685829     
   6.2831853071800003E-003   4.5594133488793140E-002
   8.8857658763173177E-003  -11.462499376504427     
   1.0882796185406024E-002   2.3207925419966267     
   1.2566370614360001E-002   1.9850051155721780     
   1.4781066825642925E-002   2.6310100311469395     
   1.9009758763406950E-002  0.30565129240370975     
   2.2558041930044626E-002  0.76876394949041116     
   2.7528404685550796E-002  0.67743024184985090     
   3.2924170772707526E-002   1.2501411013920227     
   3.9583345139207964E-002   1.0799130499613347     
   4.8482283607784241E-002   1.1075169138232275     
   5.9214978228736552E-002 -0.54683544972201192     
   7.2080521460213362E-002  0.52414069605566582     
   8.7419255034663218E-002  0.68057288960057061     
  0.10579667824952024        1.9494292865799931     
  0.12854808104919171        1.6635832671176465     
  0.15632078169124311        1.1631743574573972     
  0.18975741449582317       0.89162861764034795     
  0.23032868064044379       0.58989983520163924     
  0.27962368063317661       0.35575833749780794     
  0.33948762138704197       -2.1003505345723976E-002
  0.41220775775346907      -0.32679033168880750     
  0.50048824219328136       -5.1429507639177832     
  0.60768816316668328       -3.2783826345880409     
  0.73829232115333110        6.7418533544296499     
   6.2831853071800003E-003  -2.1069813897818985     
   8.8857658763173177E-003  0.57258505361374090     
   1.0882796185406024E-002  0.17117075047096106     
   1.2566370614360001E-002  0.20849803588422638     
   1.4781066825642925E-002  0.64063259075786716     
   1.9009758763406950E-002   2.8531745081861595E-002
   2.2558041930044626E-002  0.91310695893392835     
   2.7528404685550796E-002   1.0588941288445362     
   3.2924170772707526E-002   2.1207894265336509     
   3.9583345139207964E-002   1.6521578951943601     
   4.8482283607784241E-002   1.0987228688460506     
   5.9214978228736552E-002  0.39105608415448534     
   7.2080521460213362E-002   1.1482951295268360     
   8.7419255034663218E-002   1.1478216525303135     
  0.10579667824952024        1.4018840037891396     
  0.12854808104919171        1.0763840469824546     
  0.15632078169124311        1.3364571601748887     
  0.18975741449582317        1.1346818000683923     
  0.23032868064044379        1.0284989177712907     
  0.27962368063317661        1.3916402384831921     
  0.33948762138704197        1.1719861231060129     
  0.41220775775346907        1.2883556606784750     
  0.50048824219328136        1.3530301968236427     
  0.60768816316668328        1.3811973515568079     
  0.73829232115333110       0.76866719940310813     
   6.2831853071800003E-003  -4.5154462639272612     
   8.8857658763173177E-003  0.51089071492258165     
   1.0882796185406024E-002  0.39003401997447862     
   1.2566370614360001E-002   1.7303688948247684     
   1.4781066825642925E-002  0.58222668469895267     
   1.9009758763406950E-002  0.20889268218853038     
   2.2558041930044626E-002   1.1324345976631749     
   2.7528404685550796E-002   1.1084889905548780     
   3.2924170772707526E-002   2.0489277529685714     
   3.9583345139207964E-002   1.6984953433641889     
   4.8482283607784241E-002   1.0955235159820753     
   5.9214978228736552E-002  0.14564901258476692     
   7.2080521460213362E-002   1.0717115277983944     
   8.7419255034663218E-002   1.1102547715446984     
  0.10579667824952024        1.3870229584768221     
  0.12854808104919171       0.96080819826750485     
  0.15632078169124311        1.3999110711865661     
  0.18975741449582317        1.0870409347424297     
  0.23032868064044379       0.64087016423068266     
  0.27962368063317661        1.0356958921175425     
  0.33948762138704197       0.99799833541397187     
  0.41220775775346907       0.59694261136939930     
  0.50048824219328136       0.54451322803844449     
  0.60768816316668328       0.53365165202015064     
  0.73829232115333110      -0.29197184436598617     
   6.2831853071800003E-003  -2.9520910758932595     
   8.8857658763173177E-003 -0.40702289632739275     
   1.0882796185406024E-002   1.1587377845705780     
   1.2566370614360001E-002  0.33331425548671245     
   1.4781066825642925E-002  0.92607781067772987     
   1.9009758763406950E-002  0.42573573342874033     
   2.2558041930044626E-002  0.30209575635161745     
   2.7528404685550796E-002  0.73867575708686994     
   3.2924170772707526E-002   2.1365001705673849     
   3.9583345139207964E-002   1.6260259360749476     
   4.8482283607784241E-002  0.90952626544603921     
   5.9214978228736552E-002  0.23525414367874334     
   7.2080521460213362E-002   1.3931972179712449     
   8.7419255034663218E-002  0.93803149990943124     
  0.10579667824952024        1.1533855668130455     
  0.12854808104919171        1.2155496339247487     
  0.15632078169124311        1.4314782556159957     
  0.18975741449582317       0.73278506139055954     
  0.23032868064044379       0.69977598374428418     
  0.27962368063317661       0.83957329587817109     
  0.33948762138704197       0.51382019574363691     
  0.41220775775346907       0.18354928611861440     
  0.50048824219328136       0.27935401195109799     
  0.60768816316668328       -7.4161284579085168E-003
  0.73829232115333110       0.59732483591956631     
   6.2831853071800003E-003  -1.9415609523302637     
   8.8857658763173177E-003   2.8233423470235999     
   1.0882796185406024E-002   1.7696624816138868     
   1.2566370614360001E-002  -2.3786454650891353     
   1.4781066825642925E-002   7.5775624370802647E-003
   1.9009758763406950E-002 -0.35360499640358406     
   2.2558041930044626E-002  0.65095335828766177     
   2.7528404685550796E-002  0.87983257756884314     
   3.2924170772707526E-002   1.3751827295389936     
   3.9583345139207964E-002   1.4432409202815655     
   4.8482283607784241E-002   1.4442943587698023     
   5.9214978228736552E-002  0.33429124999244281     
   7.2080521460213362E-002   1.1516429392103353     
   8.7419255034663218E-002   1.2168405241237268     
  0.10579667824952024       0.89733639406120957     
  0.12854808104919171        1.0342817960297681     
  0.15632078169124311       0.98982183308909855     
  0.18975741449582317        1.2054746567099410     
  0.23032868064044379        1.1911958979312776     
  0.27962368063317661        1.5454169156525981     
  0.33948762138704197        1.1019622578739146     
  0.41220775775346907       0.60195759129922910     
  0.50048824219328136       0.29894545174025672     
  0.60768816316668328       0.82155923651138663     
  0.73829232115333110       0.64667473462480163     
   6.2831853071800003E-003   1.0340344994291992     
   8.8857658763173177E-003   4.2522007540219988     
   1.0882796185406024E-002  0.49286538386235845     
   1.2566370614360001E-002  -9.4834650072208699     
   1.4781066825642925E-002 -0.48171023417600528     
   1.9009758763406950E-002  0.42910132875108720     
   2.2558041930044626E-002  0.83505655744449958     
   2.7528404685550796E-002  0.91659801908494243     
   3.2924170772707526E-002   1.3858306828145590     
   3.9583345139207964E-002   1.1659381886720854     
   4.8482283607784241E-002  0.82091837384531030     
   5.9214978228736552E-002  -2.0941590907389711E-002
   7.2080521460213362E-002  0.61755789918254200     
   8.7419255034663218E-002   1.7269779009229977     
  0.10579667824952024        1.1923310924408901     
  0.12854808104919171        1.1594075914449615     
  0.15632078169124311        1.4419523883710625     
  0.18975741449582317        1.4191184557298970     
  0.23032868064044379        1.6605143802325502     
  0.27962368063317661        2.2454262682737807     
  0.33948762138704197        2.6884646372160770     
  0.41220775775346907        2.3854360232873071     
  0.50048824219328136        1.3883096538652042     
  0.60768816316668328      -0.97672505296016698     
  0.73829232115333110       -2.8442052781485252     
   6.2831853071800003E-003  -5.4293235413289862     
   8.8857658763173177E-003  -6.2860318380201239     
   1.0882796185406024E-002   1.8853837925734884     
   1.2566370614360001E-002  -5.0227518939151921     
   1.4781066825642925E-002   2.7238363235595902     
   1.9009758763406950E-002   1.5826522502315785     
   2.2558041930044626E-002  -1.1510226643880777     
   2.7528404685550796E-002  0.41668533000501690     
   3.2924170772707526E-002   1.4341614737692778     
   3.9583345139207964E-002   1.4801945771457234     
   4.8482283607784241E-002  0.65574906897631557     
   5.9214978228736552E-002   7.8333360986065248E-002
   7.2080521460213362E-002  0.88836758083054490     
   8.7419255034663218E-002   1.2680209267033080     
  0.10579667824952024       0.43979878168100972     
  0.12854808104919171        1.3527538751347450     
  0.15632078169124311        1.5180888848542495     
  0.18975741449582317        3.2496591606120449     
  0.23032868064044379        2.2526853905370769     
  0.27962368063317661        3.3189003853074937     
  0.33948762138704197        2.4402548363157157     
  0.41220775775346907        2.5809182346375166     
  0.50048824219328136        2.8437613660994785     
  0.60768816316668328        2.9729265845131141     
  0.73829232115333110      -0.12550867119496334     
   6.2831853071800003E-003   4.5594133488793140E-002
   8.8857658763173177E-003  -11.462499376504427     
   1.0882796185406024E-002   2.3207925419966267     
   1.2566370614360001E-002   1.9850051155721780     
   1.4781066825642925E-002   2.6310100311469395     
   1.9009758763406950E-002  0.30565129240370975     
   2.2558041930044626E-002  0.76876394949041116     
   2.7528404685550796E-002  0.67743024184985090     
   3.2924170772707526E-002   1.2501411013920227     
   3.9583345139207964E-002   1.0799130499613347     
   4.8482283607784241E-002   1.1075169138232275     
   5.9214978228736552E-002 -0.54683544972201192     
   7.2080521460213362E-002  0.52414069605566582     
   8.7419255034663218E-002  0.68057288960057061     
  0.10579667824952024        1.9494292865799931     
  0.12854808104919171        1.6635832671176465     
  0.15632078169124311        1.1631743574573972     
  0.18975741449582317       0.89162861764034795     
  0.23032868064044379       0.58989983520163924     
  0.27962368063317661       0.35575833749780794     
  0.33948762138704197       -2.1003505345723976E-002
  0.41220775775346907      -0.32679033168880750     
  0.50048824219328136       -5.1429507639177832     
  0.60768816316668328       -3.2783826345880409     
  0.73829232115333110        6.7418533544296499     
   6.2831853071800003E-003  -12.258753894529324     
   8.8857658763173177E-003   5.6320336786238663     
   1.0882796185406024E-002  -7.6169045541107998     
   1.2566370614360001E-002  -1.7234041917911171     
   1.4781066825642925E-002  -2.5795728034639200     
   1.9009758763406950E-002  -1.4924741602124147     
   2.2558041930044626E-002 -0.35342431680784125     
   2.7528404685550796E-002  -2.5617214225300469     
   3.2924170772707526E-002   2.0273057822767542     
   3.9583345139207964E-002  0.31945121138855542     
   4.8482283607784241E-002 -0.47718622404342875     
   5.9214978228736552E-002  0.87134771736580030     
   7.2080521460213362E-002  0.57727430522027146     
   8.7419255034663218E-002  0.38844134225645099     
  0.10579667824952024       -1.6811717715729986     
  0.12854808104919171        1.0647398994387265     
  0.15632078169124311      -0.28424513314776662     
  0.18975741449582317       -9.1196585714328371E-002
  0.23032868064044379       0.40807174986117029     
  0.27962368063317661       0.54362709275149035     
  0.33948762138704197       0.67609167206035548     
  0.41220775775346907        1.7503401196297832     
  0.50048824219328136        6.6833229644681875     
  0.60768816316668328        14.249760844132293     
  0.73829232115333110        42.816936362204046     
