   6.2831853071800003E-003   1.0722387891275003     
   8.8857658763173177E-003  0.82622287481550405     
   1.0882796185406024E-002  0.98562620173385640     
   1.2566370614360001E-002   1.1049366889383534     
   1.4781066825642925E-002  0.91344517423706872     
   1.9009758763406950E-002   1.1113523675162864     
   2.2558041930044626E-002   1.0467191337143389     
   2.7528404685550796E-002   1.0241448939649567     
   3.2924170772707526E-002  0.97103014277280686     
   3.9583345139207964E-002  0.98176712125183241     
   4.8482283607784241E-002   1.0239439210850070     
   5.9214978228736552E-002  0.99080682247381957     
   7.2080521460213362E-002   1.0057815658208389     
   8.7419255034663218E-002   1.0243876618325891     
  0.10579667824952024        1.0546395394517691     
  0.12854808104919171       0.98603640576062823     
  0.15632078169124311        1.1066897976557952     
  0.18975741449582317        1.0670278633400676     
  0.23032868064044379        1.1670958983396196     
  0.27962368063317661        1.2367691194070243     
  0.33948762138704197        1.3193559078696766     
  0.41220775775346907        1.4357261028230459     
  0.50048824219328136        1.5737979087451965     
  0.60768816316668328        1.7614213363053937     
  0.73829232115333110        1.9936093351967454     
   6.2831853071800003E-003   1.1154192039009947     
   8.8857658763173177E-003  0.86981542423263469     
   1.0882796185406024E-002  0.96220642140308865     
   1.2566370614360001E-002   1.1596099867323628     
   1.4781066825642925E-002  0.95065330329645703     
   1.9009758763406950E-002   1.0604926652191002     
   2.2558041930044626E-002   1.0415080039779903     
   2.7528404685550796E-002   1.0127446879379201     
   3.2924170772707526E-002  0.97608145706292204     
   3.9583345139207964E-002  0.99007978809094399     
   4.8482283607784241E-002   1.0200197784526508     
   5.9214978228736552E-002  0.98891922792407372     
   7.2080521460213362E-002   1.0005432720610670     
   8.7419255034663218E-002   1.0136925066252824     
  0.10579667824952024        1.0536794315072429     
  0.12854808104919171       0.97783761167212324     
  0.15632078169124311        1.1001651369139736     
  0.18975741449582317        1.0683276270675097     
  0.23032868064044379        1.1679841444791750     
  0.27962368063317661        1.2481312621035878     
  0.33948762138704197        1.3330272930984723     
  0.41220775775346907        1.4462814061587341     
  0.50048824219328136        1.5859045898349142     
  0.60768816316668328        1.7558037862238618     
  0.73829232115333110        1.9530891521684941     
   6.2831853071800003E-003   1.0299524057065170     
   8.8857658763173177E-003   1.1036440899104574     
   1.0882796185406024E-002  0.75177934806215230     
   1.2566370614360001E-002   1.1350588259664998     
   1.4781066825642925E-002  0.93601799199639957     
   1.9009758763406950E-002   1.0533655177411823     
   2.2558041930044626E-002   1.0272056543666281     
   2.7528404685550796E-002   1.0075014500773865     
   3.2924170772707526E-002  0.99773583285398515     
   3.9583345139207964E-002   1.0127898014250947     
   4.8482283607784241E-002   1.0148718971793493     
   5.9214978228736552E-002  0.98148949367250748     
   7.2080521460213362E-002   1.0042388729809519     
   8.7419255034663218E-002   1.0105238682747795     
  0.10579667824952024        1.0394408494723895     
  0.12854808104919171       0.98417030036224395     
  0.15632078169124311        1.0893571781764120     
  0.18975741449582317        1.0556807560678434     
  0.23032868064044379        1.1411386989621619     
  0.27962368063317661        1.2151181126252819     
  0.33948762138704197        1.2847462809132517     
  0.41220775775346907        1.3927926977803564     
  0.50048824219328136        1.5122068143101046     
  0.60768816316668328        1.6556065595934726     
  0.73829232115333110        1.8108797608798313     
   6.2831853071800003E-003  0.80410939288982375     
   8.8857658763173177E-003   1.0579448608297883     
   1.0882796185406024E-002  0.62322060895533493     
   1.2566370614360001E-002  0.46703226994526592     
   1.4781066825642925E-002  0.81076934294090941     
   1.9009758763406950E-002   1.1073898899955068     
   2.2558041930044626E-002  0.98033808801055766     
   2.7528404685550796E-002   1.1311429378560123     
   3.2924170772707526E-002  0.98857887949857182     
   3.9583345139207964E-002   1.0260477202927261     
   4.8482283607784241E-002   1.0391120023370428     
   5.9214978228736552E-002   1.0107347829235931     
   7.2080521460213362E-002   1.0138182467970316     
   8.7419255034663218E-002   1.0145804558748486     
  0.10579667824952024        1.0345308372318747     
  0.12854808104919171       0.95447126005760197     
  0.15632078169124311        1.0811303599685473     
  0.18975741449582317        1.0272390730578183     
  0.23032868064044379        1.1411406953149552     
  0.27962368063317661        1.2008802096290092     
  0.33948762138704197        1.2861150377779775     
  0.41220775775346907        1.3592607292427998     
  0.50048824219328136        1.4619035098323760     
  0.60768816316668328        1.5867070752606025     
  0.73829232115333110        1.6702703591720345     
   6.2831853071800003E-003   1.0451228418014009     
   8.8857658763173177E-003  0.93147543499226404     
   1.0882796185406024E-002   1.8628543609966008     
   1.2566370614360001E-002  0.28126798631245209     
   1.4781066825642925E-002   1.2084394092302184     
   1.9009758763406950E-002   1.1146521885397447     
   2.2558041930044626E-002  0.89847390648846948     
   2.7528404685550796E-002   1.0064847751231416     
   3.2924170772707526E-002   1.0245328199780523     
   3.9583345139207964E-002  0.96900687436289568     
   4.8482283607784241E-002   1.0548155206016292     
   5.9214978228736552E-002  0.97550078638373128     
   7.2080521460213362E-002   1.0003254819142877     
   8.7419255034663218E-002  0.99909288503936033     
  0.10579667824952024        1.0066163277373947     
  0.12854808104919171       0.92455811002134991     
  0.15632078169124311        1.0042671689313980     
  0.18975741449582317        1.0252716383354579     
  0.23032868064044379        1.0753419925016976     
  0.27962368063317661        1.1189021815979949     
  0.33948762138704197        1.2127396730740208     
  0.41220775775346907        1.2923719928690298     
  0.50048824219328136        1.3772878300207916     
  0.60768816316668328        1.4438155088649922     
  0.73829232115333110        1.4995969438786694     
   6.2831853071800003E-003 -0.48989335620941210     
   8.8857658763173177E-003   1.0478270172280189     
   1.0882796185406024E-002   1.4449269758508454     
   1.2566370614360001E-002   1.7409536370606506     
   1.4781066825642925E-002   1.2273392402555197     
   1.9009758763406950E-002   1.0070381576488110     
   2.2558041930044626E-002   1.1289635226325965     
   2.7528404685550796E-002  0.99564938315438378     
   3.2924170772707526E-002  0.93143172727207202     
   3.9583345139207964E-002  0.98043158822206389     
   4.8482283607784241E-002  0.80822811132041739     
   5.9214978228736552E-002   1.0135623819324162     
   7.2080521460213362E-002   1.0020208246240769     
   8.7419255034663218E-002  0.96271265709320253     
  0.10579667824952024        1.0342277023145050     
  0.12854808104919171       0.91120188704959360     
  0.15632078169124311       0.99759863926455872     
  0.18975741449582317       0.96439619455407244     
  0.23032868064044379        1.0695494460702837     
  0.27962368063317661        1.1344214119987952     
  0.33948762138704197        1.1619945289509832     
  0.41220775775346907        1.2388861107943487     
  0.50048824219328136        1.2632508267276830     
  0.60768816316668328        1.2736502778349252     
  0.73829232115333110        1.2128611634485547     
   6.2831853071800003E-003   2.1138159118165483     
   8.8857658763173177E-003   1.2491110469882467     
   1.0882796185406024E-002   1.7301572097982276     
   1.2566370614360001E-002 -0.82781939235814495     
   1.4781066825642925E-002   1.7206442238708233     
   1.9009758763406950E-002  0.76128893394788621     
   2.2558041930044626E-002   1.1723788580046965     
   2.7528404685550796E-002  0.97177541593065708     
   3.2924170772707526E-002   1.0091319169732060     
   3.9583345139207964E-002  0.94753623315350866     
   4.8482283607784241E-002  0.67804340959746201     
   5.9214978228736552E-002  0.87899911203728343     
   7.2080521460213362E-002  0.78667609446756015     
   8.7419255034663218E-002  0.72221661226164124     
  0.10579667824952024       0.81731088251384820     
  0.12854808104919171       0.79412089493908422     
  0.15632078169124311       0.91615143500795448     
  0.18975741449582317       0.71001052219868355     
  0.23032868064044379       0.92712346525609046     
  0.27962368063317661       0.87630964652955545     
  0.33948762138704197       0.94736347213223393     
  0.41220775775346907        1.0767527492938187     
  0.50048824219328136        1.0313717064187418     
  0.60768816316668328       0.96870940874854128     
  0.73829232115333110       0.78597780149672558     
   6.2831853071800003E-003   1.1263319483080965     
   8.8857658763173177E-003  0.63339037247806906     
   1.0882796185406024E-002   1.0363186806110181     
   1.2566370614360001E-002   5.0509941287384112     
   1.4781066825642925E-002  0.20805169360138229     
   1.9009758763406950E-002  0.78255099801234373     
   2.2558041930044626E-002   2.1092041233928498     
   2.7528404685550796E-002 -0.14867210008053533     
   3.2924170772707526E-002   1.7111429099576023     
   3.9583345139207964E-002   1.2816659015263756     
   4.8482283607784241E-002  0.69049039971174453     
   5.9214978228736552E-002  0.58537578361714981     
   7.2080521460213362E-002  0.81729715015857352     
   8.7419255034663218E-002  0.95346574445108268     
  0.10579667824952024       0.90943888970280407     
  0.12854808104919171       0.71216844370554844     
  0.15632078169124311        1.0005465508369844     
  0.18975741449582317       0.86381731470673695     
  0.23032868064044379       0.77880982031729629     
  0.27962368063317661        1.0121641106201444     
  0.33948762138704197       0.80895838579690238     
  0.41220775775346907        1.0382463229407426     
  0.50048824219328136        1.0016819818154310     
  0.60768816316668328       0.67813519824895196     
  0.73829232115333110       0.48033129651834905     
   6.2831853071800003E-003   1.1154192039009947     
   8.8857658763173177E-003  0.86981542423263469     
   1.0882796185406024E-002  0.96220642140308865     
   1.2566370614360001E-002   1.1596099867323628     
   1.4781066825642925E-002  0.95065330329645703     
   1.9009758763406950E-002   1.0604926652191002     
   2.2558041930044626E-002   1.0415080039779903     
   2.7528404685550796E-002   1.0127446879379201     
   3.2924170772707526E-002  0.97608145706292204     
   3.9583345139207964E-002  0.99007978809094399     
   4.8482283607784241E-002   1.0200197784526508     
   5.9214978228736552E-002  0.98891922792407372     
   7.2080521460213362E-002   1.0005432720610670     
   8.7419255034663218E-002   1.0136925066252824     
  0.10579667824952024        1.0536794315072429     
  0.12854808104919171       0.97783761167212324     
  0.15632078169124311        1.1001651369139736     
  0.18975741449582317        1.0683276270675097     
  0.23032868064044379        1.1679841444791750     
  0.27962368063317661        1.2481312621035878     
  0.33948762138704197        1.3330272930984723     
  0.41220775775346907        1.4462814061587341     
  0.50048824219328136        1.5859045898349142     
  0.60768816316668328        1.7558037862238618     
  0.73829232115333110        1.9530891521684941     
   6.2831853071800003E-003   1.1093448188253894     
   8.8857658763173177E-003  0.88128537579304900     
   1.0882796185406024E-002  0.93717525819652781     
   1.2566370614360001E-002   1.2520052777432393     
   1.4781066825642925E-002  0.98740784798197367     
   1.9009758763406950E-002   1.0068905434735627     
   2.2558041930044626E-002   1.0245230418655216     
   2.7528404685550796E-002   1.0004238765967626     
   3.2924170772707526E-002  0.97444503441247299     
   3.9583345139207964E-002  0.99697026572085590     
   4.8482283607784241E-002   1.0132572857696303     
   5.9214978228736552E-002  0.99294609578678972     
   7.2080521460213362E-002   1.0026984895924898     
   8.7419255034663218E-002   1.0088555548132505     
  0.10579667824952024        1.0706198731903334     
  0.12854808104919171       0.99019256919311183     
  0.15632078169124311        1.1224232232305731     
  0.18975741449582317        1.1115220600948914     
  0.23032868064044379        1.2236555798862381     
  0.27962368063317661        1.3266458243119037     
  0.33948762138704197        1.4285558196453132     
  0.41220775775346907        1.5530373886804383     
  0.50048824219328136        1.7063114611710035     
  0.60768816316668328        1.8695827213310892     
  0.73829232115333110        2.0744975050963901     
   6.2831853071800003E-003   1.1257769325028439     
   8.8857658763173177E-003   1.1505814531165754     
   1.0882796185406024E-002  0.72678817192929146     
   1.2566370614360001E-002   1.2804257470409910     
   1.4781066825642925E-002  0.95276960795650545     
   1.9009758763406950E-002   1.0101690959366900     
   2.2558041930044626E-002   1.0137928237982574     
   2.7528404685550796E-002  0.98727778299788027     
   3.2924170772707526E-002  0.99619863339760717     
   3.9583345139207964E-002   1.0185291957051459     
   4.8482283607784241E-002   1.0091895928607046     
   5.9214978228736552E-002  0.98619056520953274     
   7.2080521460213362E-002   1.0010394317832301     
   8.7419255034663218E-002   1.0051215131554430     
  0.10579667824952024        1.0525817252085676     
  0.12854808104919171       0.99553513706465924     
  0.15632078169124311        1.1202078438375149     
  0.18975741449582317        1.0977739743500321     
  0.23032868064044379        1.2064653255698228     
  0.27962368063317661        1.2984049317664812     
  0.33948762138704197        1.3836134921159620     
  0.41220775775346907        1.5069375998754402     
  0.50048824219328136        1.6222097769091679     
  0.60768816316668328        1.7237145868446577     
  0.73829232115333110        1.8209835167071218     
   6.2831853071800003E-003  0.92117334194224776     
   8.8857658763173177E-003   1.1060762660697427     
   1.0882796185406024E-002  0.58826402382405674     
   1.2566370614360001E-002  0.17826485782954782     
   1.4781066825642925E-002  0.82193541129816394     
   1.9009758763406950E-002   1.0580051192780093     
   2.2558041930044626E-002  0.95696054351157389     
   2.7528404685550796E-002   1.1272730276821474     
   3.2924170772707526E-002  0.99268998741962011     
   3.9583345139207964E-002   1.0503612072938813     
   4.8482283607784241E-002   1.0422422210204809     
   5.9214978228736552E-002   1.0134477271692863     
   7.2080521460213362E-002   1.0160729668200275     
   8.7419255034663218E-002   1.0145372675203430     
  0.10579667824952024        1.0538411208772522     
  0.12854808104919171       0.97155379312501000     
  0.15632078169124311        1.1208460303741730     
  0.18975741449582317        1.0605421870192135     
  0.23032868064044379        1.1766365588329868     
  0.27962368063317661        1.2435854749858817     
  0.33948762138704197        1.2943976668853270     
  0.41220775775346907        1.3559095847391922     
  0.50048824219328136        1.4468112481134789     
  0.60768816316668328        1.4816409863996767     
  0.73829232115333110        1.4508387081386755     
   6.2831853071800003E-003   1.0377029017635653     
   8.8857658763173177E-003  0.95480243637338769     
   1.0882796185406024E-002   1.8695938741041302     
   1.2566370614360001E-002  0.26729710441762305     
   1.4781066825642925E-002   1.2510856164112920     
   1.9009758763406950E-002   1.0466127015208415     
   2.2558041930044626E-002  0.94235871356024548     
   2.7528404685550796E-002  0.99745489294379031     
   3.2924170772707526E-002  0.99414170602485041     
   3.9583345139207964E-002   1.0051305423199772     
   4.8482283607784241E-002   1.0094589252806596     
   5.9214978228736552E-002  0.97734349245646235     
   7.2080521460213362E-002   1.0067802093950566     
   8.7419255034663218E-002   1.0151515068355204     
  0.10579667824952024        1.0202285461893081     
  0.12854808104919171       0.93230939637128374     
  0.15632078169124311        1.0297298199516733     
  0.18975741449582317        1.0548077575880714     
  0.23032868064044379        1.0908682828483589     
  0.27962368063317661        1.1001845875902225     
  0.33948762138704197        1.1660551654079478     
  0.41220775775346907        1.1979164883948448     
  0.50048824219328136        1.2113304192266765     
  0.60768816316668328        1.2211087437501511     
  0.73829232115333110        1.1618321510410732     
   6.2831853071800003E-003 -0.17300556569324263     
   8.8857658763173177E-003   1.1063340369324459     
   1.0882796185406024E-002   1.4138333339531961     
   1.2566370614360001E-002   1.6884554520446633     
   1.4781066825642925E-002   1.2848572682722403     
   1.9009758763406950E-002  0.99753773632085907     
   2.2558041930044626E-002   1.0827015059306981     
   2.7528404685550796E-002  0.96883600126148450     
   3.2924170772707526E-002  0.98024764900852290     
   3.9583345139207964E-002   1.0004884171987294     
   4.8482283607784241E-002  0.82072970927581079     
   5.9214978228736552E-002  0.97160696939424407     
   7.2080521460213362E-002   1.0190135211791747     
   8.7419255034663218E-002  0.96456131890194674     
  0.10579667824952024        1.0744142079301977     
  0.12854808104919171       0.90670352199042770     
  0.15632078169124311        1.0101119243983083     
  0.18975741449582317       0.95426366450222166     
  0.23032868064044379        1.0326171215243689     
  0.27962368063317661        1.1113382688908948     
  0.33948762138704197        1.1693005954464066     
  0.41220775775346907        1.2221265886842438     
  0.50048824219328136        1.1180471898444901     
  0.60768816316668328        1.0460720922973241     
  0.73829232115333110       0.80583056661786889     
   6.2831853071800003E-003   2.0129769938959656     
   8.8857658763173177E-003  0.73238219734656840     
   1.0882796185406024E-002   1.8199210661008098     
   1.2566370614360001E-002  -1.1514180719842286     
   1.4781066825642925E-002   1.9075622428390706     
   1.9009758763406950E-002  0.83874959045380637     
   2.2558041930044626E-002   1.1778081050481077     
   2.7528404685550796E-002  0.96495830555533335     
   3.2924170772707526E-002   1.1060449780822461     
   3.9583345139207964E-002   1.0347549554469564     
   4.8482283607784241E-002  0.75062069934221931     
   5.9214978228736552E-002  0.96884983224356347     
   7.2080521460213362E-002  0.84610448833299667     
   8.7419255034663218E-002  0.77535276291481658     
  0.10579667824952024       0.86458250789746549     
  0.12854808104919171       0.87537548029238599     
  0.15632078169124311       0.92140829631410970     
  0.18975741449582317       0.64098023110432212     
  0.23032868064044379       0.88119835724286844     
  0.27962368063317661       0.78778510844402816     
  0.33948762138704197       0.84047007063049561     
  0.41220775775346907       0.94293609123802002     
  0.50048824219328136       0.73399142774423320     
  0.60768816316668328       0.73600941200393433     
  0.73829232115333110       0.63609582264847175     
   6.2831853071800003E-003  -7.3197873366218757E-003
   8.8857658763173177E-003   1.0881345493875019     
   1.0882796185406024E-002   1.5145315804635970     
   1.2566370614360001E-002   5.7477993569494412     
   1.4781066825642925E-002  0.36326327258464436     
   1.9009758763406950E-002  0.73899614138459346     
   2.2558041930044626E-002   2.1775354752418381     
   2.7528404685550796E-002  -8.5015289636828625E-002
   3.2924170772707526E-002   1.7926610343097698     
   3.9583345139207964E-002   1.2308143397747777     
   4.8482283607784241E-002  0.78852684492722824     
   5.9214978228736552E-002  0.42962679779709134     
   7.2080521460213362E-002  0.84347286117430975     
   8.7419255034663218E-002  0.97744803772432143     
  0.10579667824952024       0.84331656680058209     
  0.12854808104919171       0.64844442638910571     
  0.15632078169124311       0.96938693963538358     
  0.18975741449582317       0.79753552365434255     
  0.23032868064044379       0.74980679497963509     
  0.27962368063317661       0.97661034634681954     
  0.33948762138704197       0.93594558305105013     
  0.41220775775346907       0.60577079414670054     
  0.50048824219328136       0.87414091179853648     
  0.60768816316668328       0.27948930861022325     
  0.73829232115333110       0.13765112635450774     
   6.2831853071800003E-003   1.0299524057065170     
   8.8857658763173177E-003   1.1036440899104574     
   1.0882796185406024E-002  0.75177934806215230     
   1.2566370614360001E-002   1.1350588259664998     
   1.4781066825642925E-002  0.93601799199639957     
   1.9009758763406950E-002   1.0533655177411823     
   2.2558041930044626E-002   1.0272056543666281     
   2.7528404685550796E-002   1.0075014500773865     
   3.2924170772707526E-002  0.99773583285398515     
   3.9583345139207964E-002   1.0127898014250947     
   4.8482283607784241E-002   1.0148718971793493     
   5.9214978228736552E-002  0.98148949367250748     
   7.2080521460213362E-002   1.0042388729809519     
   8.7419255034663218E-002   1.0105238682747795     
  0.10579667824952024        1.0394408494723895     
  0.12854808104919171       0.98417030036224395     
  0.15632078169124311        1.0893571781764120     
  0.18975741449582317        1.0556807560678434     
  0.23032868064044379        1.1411386989621619     
  0.27962368063317661        1.2151181126252819     
  0.33948762138704197        1.2847462809132517     
  0.41220775775346907        1.3927926977803564     
  0.50048824219328136        1.5122068143101046     
  0.60768816316668328        1.6556065595934726     
  0.73829232115333110        1.8108797608798313     
   6.2831853071800003E-003   1.1257769325028439     
   8.8857658763173177E-003   1.1505814531165754     
   1.0882796185406024E-002  0.72678817192929146     
   1.2566370614360001E-002   1.2804257470409910     
   1.4781066825642925E-002  0.95276960795650545     
   1.9009758763406950E-002   1.0101690959366900     
   2.2558041930044626E-002   1.0137928237982574     
   2.7528404685550796E-002  0.98727778299788027     
   3.2924170772707526E-002  0.99619863339760717     
   3.9583345139207964E-002   1.0185291957051459     
   4.8482283607784241E-002   1.0091895928607046     
   5.9214978228736552E-002  0.98619056520953274     
   7.2080521460213362E-002   1.0010394317832301     
   8.7419255034663218E-002   1.0051215131554430     
  0.10579667824952024        1.0525817252085676     
  0.12854808104919171       0.99553513706465924     
  0.15632078169124311        1.1202078438375149     
  0.18975741449582317        1.0977739743500321     
  0.23032868064044379        1.2064653255698228     
  0.27962368063317661        1.2984049317664812     
  0.33948762138704197        1.3836134921159620     
  0.41220775775346907        1.5069375998754402     
  0.50048824219328136        1.6222097769091679     
  0.60768816316668328        1.7237145868446577     
  0.73829232115333110        1.8209835167071218     
   6.2831853071800003E-003   1.1033415234241517     
   8.8857658763173177E-003   1.2821790723263287     
   1.0882796185406024E-002  0.53401861152926755     
   1.2566370614360001E-002   1.0532845917394800     
   1.4781066825642925E-002  0.90973201058177655     
   1.9009758763406950E-002  0.97700968924159626     
   2.2558041930044626E-002   1.0258904488604290     
   2.7528404685550796E-002  0.97848112905332119     
   3.2924170772707526E-002   1.0220573785308416     
   3.9583345139207964E-002   1.0386806084410791     
   4.8482283607784241E-002   1.0144870827775279     
   5.9214978228736552E-002  0.99353784580417936     
   7.2080521460213362E-002   1.0137979254805272     
   8.7419255034663218E-002   1.0258820329236169     
  0.10579667824952024        1.0794891698539175     
  0.12854808104919171        1.0642946744416646     
  0.15632078169124311        1.1849048875434010     
  0.18975741449582317        1.1984260590145810     
  0.23032868064044379        1.2919159730789156     
  0.27962368063317661        1.3811219280054259     
  0.33948762138704197        1.4813629538809336     
  0.41220775775346907        1.6143614226236298     
  0.50048824219328136        1.7403806901657739     
  0.60768816316668328        1.8609195604294182     
  0.73829232115333110        1.9354090217301279     
   6.2831853071800003E-003  0.64900204243981563     
   8.8857658763173177E-003   1.3098155958297351     
   1.0882796185406024E-002  0.51301058497501884     
   1.2566370614360001E-002  0.10996089448139726     
   1.4781066825642925E-002  0.79432078565827813     
   1.9009758763406950E-002   1.0223383802022508     
   2.2558041930044626E-002  0.89840421504769874     
   2.7528404685550796E-002   1.1075474480527536     
   3.2924170772707526E-002  0.99298840873658001     
   3.9583345139207964E-002   1.0640147583834683     
   4.8482283607784241E-002   1.0431282440826632     
   5.9214978228736552E-002   1.0350022285828631     
   7.2080521460213362E-002   1.0776962625655100     
   8.7419255034663218E-002   1.0527081869443653     
  0.10579667824952024        1.1121642349150620     
  0.12854808104919171        1.0762195072654093     
  0.15632078169124311        1.2222215754102688     
  0.18975741449582317        1.1925848642031660     
  0.23032868064044379        1.3439141363988556     
  0.27962368063317661        1.4288253161753341     
  0.33948762138704197        1.5049876073747215     
  0.41220775775346907        1.5433150712088173     
  0.50048824219328136        1.5813017170069135     
  0.60768816316668328        1.5774481257111665     
  0.73829232115333110        1.4097860201537120     
   6.2831853071800003E-003  0.67547952968537228     
   8.8857658763173177E-003   1.1009832078649697     
   1.0882796185406024E-002   1.4840875698047018     
   1.2566370614360001E-002  0.46717219548001376     
   1.4781066825642925E-002   1.1812915501577170     
   1.9009758763406950E-002  0.96826855316144578     
   2.2558041930044626E-002  0.95713873074056011     
   2.7528404685550796E-002  0.91253958194038431     
   3.2924170772707526E-002   1.1370782023662225     
   3.9583345139207964E-002   1.0051112312924548     
   4.8482283607784241E-002   1.0117338890567245     
   5.9214978228736552E-002   1.0047877567132428     
   7.2080521460213362E-002  0.99721636132003844     
   8.7419255034663218E-002   1.0550566472795357     
  0.10579667824952024        1.0463446501199618     
  0.12854808104919171        1.0383777562018115     
  0.15632078169124311        1.1254522168209307     
  0.18975741449582317        1.1444455251884056     
  0.23032868064044379        1.2830757928051950     
  0.27962368063317661        1.2680898158947493     
  0.33948762138704197        1.2810676814556599     
  0.41220775775346907        1.3842982387499552     
  0.50048824219328136        1.3492769039443884     
  0.60768816316668328        1.3392101792667488     
  0.73829232115333110        1.1115082056001049     
   6.2831853071800003E-003   6.1880424052533342E-002
   8.8857658763173177E-003   1.4984153290119870     
   1.0882796185406024E-002   1.2368121582221150     
   1.2566370614360001E-002   1.6718037332059805     
   1.4781066825642925E-002   1.2525241026703842     
   1.9009758763406950E-002   1.0328280176684943     
   2.2558041930044626E-002   1.0809311272580242     
   2.7528404685550796E-002  0.85985668617347488     
   3.2924170772707526E-002   1.0017538427086898     
   3.9583345139207964E-002   1.0955794311938116     
   4.8482283607784241E-002  0.84093956154539284     
   5.9214978228736552E-002  0.99526291384512144     
   7.2080521460213362E-002   1.0746832020475485     
   8.7419255034663218E-002  0.97640614192132991     
  0.10579667824952024        1.0209526583042010     
  0.12854808104919171       0.94294518458241483     
  0.15632078169124311        1.0405693192070815     
  0.18975741449582317        1.0654932130905568     
  0.23032868064044379        1.0894904968088777     
  0.27962368063317661        1.1714354386738877     
  0.33948762138704197        1.1654762161522862     
  0.41220775775346907        1.0699261576586292     
  0.50048824219328136        1.0718955124703262     
  0.60768816316668328        1.0056671108090414     
  0.73829232115333110       0.86498521410625595     
   6.2831853071800003E-003   2.2134821319617441     
   8.8857658763173177E-003   1.5601520909529791     
   1.0882796185406024E-002   1.9017029260460792     
   1.2566370614360001E-002  -1.4426094942427423     
   1.4781066825642925E-002   1.8732527878115997     
   1.9009758763406950E-002  0.75302599493559375     
   2.2558041930044626E-002   1.1539567672912627     
   2.7528404685550796E-002   1.1855503203122633     
   3.2924170772707526E-002  0.93615405428762266     
   3.9583345139207964E-002   1.0560562668938209     
   4.8482283607784241E-002  0.62915946867235573     
   5.9214978228736552E-002  0.96452335038246106     
   7.2080521460213362E-002  0.80694918597304877     
   8.7419255034663218E-002  0.82034528374091487     
  0.10579667824952024       0.92421542448073934     
  0.12854808104919171       0.85966643842968349     
  0.15632078169124311        1.0377978636566327     
  0.18975741449582317       0.64027635987781406     
  0.23032868064044379        1.0125426353429794     
  0.27962368063317661       0.93734927213339769     
  0.33948762138704197       0.83699049261353831     
  0.41220775775346907        1.0512426967568795     
  0.50048824219328136       0.99315208342386774     
  0.60768816316668328        1.2447182939397061     
  0.73829232115333110       0.58632965710604668     
   6.2831853071800003E-003  -3.9643694355996382     
   8.8857658763173177E-003  0.11900644818574703     
   1.0882796185406024E-002 -0.40820132430291928     
   1.2566370614360001E-002   7.5255809980633765     
   1.4781066825642925E-002  0.39861384107296205     
   1.9009758763406950E-002  0.32832081163163773     
   2.2558041930044626E-002   2.4889494999306332     
   2.7528404685550796E-002   1.4425106124583854E-003
   3.2924170772707526E-002   2.1686661574857626     
   3.9583345139207964E-002   1.4447472050670034     
   4.8482283607784241E-002  0.71967136953066180     
   5.9214978228736552E-002  0.45843945614316572     
   7.2080521460213362E-002  0.99294444247633984     
   8.7419255034663218E-002  0.85639733061808820     
  0.10579667824952024        1.0034770331730589     
  0.12854808104919171       0.69252185730806759     
  0.15632078169124311        1.0740522995496620     
  0.18975741449582317        1.0575758277166241     
  0.23032868064044379       0.89717776508362301     
  0.27962368063317661       0.89364643514209197     
  0.33948762138704197       0.57078765604009063     
  0.41220775775346907      -0.22714407749016177     
  0.50048824219328136       0.19144810512808144     
  0.60768816316668328       -2.3460149583981989E-003
  0.73829232115333110       0.93630402230860821     
   6.2831853071800003E-003  0.80410939288982375     
   8.8857658763173177E-003   1.0579448608297883     
   1.0882796185406024E-002  0.62322060895533493     
   1.2566370614360001E-002  0.46703226994526592     
   1.4781066825642925E-002  0.81076934294090941     
   1.9009758763406950E-002   1.1073898899955068     
   2.2558041930044626E-002  0.98033808801055766     
   2.7528404685550796E-002   1.1311429378560123     
   3.2924170772707526E-002  0.98857887949857182     
   3.9583345139207964E-002   1.0260477202927261     
   4.8482283607784241E-002   1.0391120023370428     
   5.9214978228736552E-002   1.0107347829235931     
   7.2080521460213362E-002   1.0138182467970316     
   8.7419255034663218E-002   1.0145804558748486     
  0.10579667824952024        1.0345308372318747     
  0.12854808104919171       0.95447126005760197     
  0.15632078169124311        1.0811303599685473     
  0.18975741449582317        1.0272390730578183     
  0.23032868064044379        1.1411406953149552     
  0.27962368063317661        1.2008802096290092     
  0.33948762138704197        1.2861150377779775     
  0.41220775775346907        1.3592607292427998     
  0.50048824219328136        1.4619035098323760     
  0.60768816316668328        1.5867070752606025     
  0.73829232115333110        1.6702703591720345     
   6.2831853071800003E-003  0.92117334194224776     
   8.8857658763173177E-003   1.1060762660697427     
   1.0882796185406024E-002  0.58826402382405674     
   1.2566370614360001E-002  0.17826485782954782     
   1.4781066825642925E-002  0.82193541129816394     
   1.9009758763406950E-002   1.0580051192780093     
   2.2558041930044626E-002  0.95696054351157389     
   2.7528404685550796E-002   1.1272730276821474     
   3.2924170772707526E-002  0.99268998741962011     
   3.9583345139207964E-002   1.0503612072938813     
   4.8482283607784241E-002   1.0422422210204809     
   5.9214978228736552E-002   1.0134477271692863     
   7.2080521460213362E-002   1.0160729668200275     
   8.7419255034663218E-002   1.0145372675203430     
  0.10579667824952024        1.0538411208772522     
  0.12854808104919171       0.97155379312501000     
  0.15632078169124311        1.1208460303741730     
  0.18975741449582317        1.0605421870192135     
  0.23032868064044379        1.1766365588329868     
  0.27962368063317661        1.2435854749858817     
  0.33948762138704197        1.2943976668853270     
  0.41220775775346907        1.3559095847391922     
  0.50048824219328136        1.4468112481134789     
  0.60768816316668328        1.4816409863996767     
  0.73829232115333110        1.4508387081386755     
   6.2831853071800003E-003  0.64900204243981563     
   8.8857658763173177E-003   1.3098155958297351     
   1.0882796185406024E-002  0.51301058497501884     
   1.2566370614360001E-002  0.10996089448139726     
   1.4781066825642925E-002  0.79432078565827813     
   1.9009758763406950E-002   1.0223383802022508     
   2.2558041930044626E-002  0.89840421504769874     
   2.7528404685550796E-002   1.1075474480527536     
   3.2924170772707526E-002  0.99298840873658001     
   3.9583345139207964E-002   1.0640147583834683     
   4.8482283607784241E-002   1.0431282440826632     
   5.9214978228736552E-002   1.0350022285828631     
   7.2080521460213362E-002   1.0776962625655100     
   8.7419255034663218E-002   1.0527081869443653     
  0.10579667824952024        1.1121642349150620     
  0.12854808104919171        1.0762195072654093     
  0.15632078169124311        1.2222215754102688     
  0.18975741449582317        1.1925848642031660     
  0.23032868064044379        1.3439141363988556     
  0.27962368063317661        1.4288253161753341     
  0.33948762138704197        1.5049876073747215     
  0.41220775775346907        1.5433150712088173     
  0.50048824219328136        1.5813017170069135     
  0.60768816316668328        1.5774481257111665     
  0.73829232115333110        1.4097860201537120     
   6.2831853071800003E-003  0.33137363124533303     
   8.8857658763173177E-003   1.0854542798302944     
   1.0882796185406024E-002  0.19868676668101218     
   1.2566370614360001E-002  0.89538845562848701     
   1.4781066825642925E-002  0.65559681117976132     
   1.9009758763406950E-002   1.0774298583072628     
   2.2558041930044626E-002  0.83733548813927117     
   2.7528404685550796E-002   1.2088620190065502     
   3.2924170772707526E-002   1.0221662500021338     
   3.9583345139207964E-002   1.0946656815428348     
   4.8482283607784241E-002   1.0551617000427165     
   5.9214978228736552E-002   1.0792001162395217     
   7.2080521460213362E-002   1.1620540041280145     
   8.7419255034663218E-002   1.0943073460760997     
  0.10579667824952024        1.2232113124925357     
  0.12854808104919171        1.1014311962899492     
  0.15632078169124311        1.3738476408464098     
  0.18975741449582317        1.3491479092415648     
  0.23032868064044379        1.4860126915540335     
  0.27962368063317661        1.5468083505600783     
  0.33948762138704197        1.6717145495177439     
  0.41220775775346907        1.6769475037436345     
  0.50048824219328136        1.5249902415135341     
  0.60768816316668328        1.3833872366021311     
  0.73829232115333110        1.5269396324658220     
   6.2831853071800003E-003  0.92368879676081361     
   8.8857658763173177E-003   1.1380626170026165     
   1.0882796185406024E-002  0.99730033800947004     
   1.2566370614360001E-002 -0.35426991075387171     
   1.4781066825642925E-002   1.0309787043461860     
   1.9009758763406950E-002  0.88994823666271727     
   2.2558041930044626E-002  0.79580937876377167     
   2.7528404685550796E-002   1.0351467283898201     
   3.2924170772707526E-002  0.86171106415963328     
   3.9583345139207964E-002   1.0250860878381609     
   4.8482283607784241E-002   1.0734477738063817     
   5.9214978228736552E-002   1.0229440106550667     
   7.2080521460213362E-002   1.0291743940141451     
   8.7419255034663218E-002   1.1103790891938268     
  0.10579667824952024        1.1254162908603611     
  0.12854808104919171        1.0680188884580855     
  0.15632078169124311        1.2136082410262456     
  0.18975741449582317        1.2443875213419924     
  0.23032868064044379        1.3642522084152506     
  0.27962368063317661        1.3480737636389957     
  0.33948762138704197        1.4550345836075758     
  0.41220775775346907        1.5088678504553568     
  0.50048824219328136        1.3650284297028350     
  0.60768816316668328        1.3750185332854259     
  0.73829232115333110        1.1109822028715575     
   6.2831853071800003E-003   4.4938097024513485E-002
   8.8857658763173177E-003   1.1669474473235872     
   1.0882796185406024E-002  0.96394193791911864     
   1.2566370614360001E-002   1.3799862871435615     
   1.4781066825642925E-002   1.0045005435840546     
   1.9009758763406950E-002  0.83094415640965413     
   2.2558041930044626E-002  0.93662990331400819     
   2.7528404685550796E-002   1.0290258127294558     
   3.2924170772707526E-002  0.94349626383227525     
   3.9583345139207964E-002   1.1112275681869266     
   4.8482283607784241E-002   1.0383382011405613     
   5.9214978228736552E-002   1.1119006866135792     
   7.2080521460213362E-002   1.2196866200139618     
   8.7419255034663218E-002   1.0381695657438255     
  0.10579667824952024        1.1826953308297059     
  0.12854808104919171       0.99257113920782980     
  0.15632078169124311        1.2309095810266308     
  0.18975741449582317        1.0390196993990217     
  0.23032868064044379        1.2200530527889877     
  0.27962368063317661        1.3343270784331385     
  0.33948762138704197        1.3445277081933531     
  0.41220775775346907        1.2119411365206985     
  0.50048824219328136       0.73695088125149655     
  0.60768816316668328       0.82197960553253613     
  0.73829232115333110       0.57596601425623584     
   6.2831853071800003E-003  -3.4279874577584218E-002
   8.8857658763173177E-003  0.45866138141704293     
   1.0882796185406024E-002   1.1086302493306639     
   1.2566370614360001E-002  0.35593635755491726     
   1.4781066825642925E-002   1.6899256088904278     
   1.9009758763406950E-002  0.65084451355246764     
   2.2558041930044626E-002   1.1733545845789926     
   2.7528404685550796E-002   1.3416988846001572     
   3.2924170772707526E-002   1.0019969117304846     
   3.9583345139207964E-002  0.98908144853942004     
   4.8482283607784241E-002  0.77788676554733072     
   5.9214978228736552E-002   1.0851173157552048     
   7.2080521460213362E-002   1.0017228789732993     
   8.7419255034663218E-002  0.94345226503109059     
  0.10579667824952024        1.3007789422391205     
  0.12854808104919171        1.1336984458019312     
  0.15632078169124311        1.4231264024801553     
  0.18975741449582317       0.90504578832978533     
  0.23032868064044379        1.3733598915185687     
  0.27962368063317661       0.95436214669993791     
  0.33948762138704197       0.92890335454687034     
  0.41220775775346907       0.44092579566731122     
  0.50048824219328136        1.7399378596010796E-002
  0.60768816316668328       0.41546139023921014     
  0.73829232115333110      -0.34281900677540461     
   6.2831853071800003E-003   3.5145071907150740     
   8.8857658763173177E-003   4.1126996530244000     
   1.0882796185406024E-002  0.63952558420208405     
   1.2566370614360001E-002  -3.4425436062771970     
   1.4781066825642925E-002  -5.6646468621367511E-002
   1.9009758763406950E-002 -0.18603295991010432     
   2.2558041930044626E-002   2.2506814601833272     
   2.7528404685550796E-002 -0.25725833605000348     
   3.2924170772707526E-002   1.9079861481727094     
   3.9583345139207964E-002  0.90893757222462723     
   4.8482283607784241E-002  0.54697690886667327     
   5.9214978228736552E-002  0.53926541859720056     
   7.2080521460213362E-002  0.61219079298568291     
   8.7419255034663218E-002   1.3011603983358970     
  0.10579667824952024       0.96912402449750390     
  0.12854808104919171       0.47431310419961920     
  0.15632078169124311       0.74865899700493088     
  0.18975741449582317        1.4819923321081923     
  0.23032868064044379        1.0480535676797331     
  0.27962368063317661        1.2805194512430800     
  0.33948762138704197        1.0829870970388367     
  0.41220775775346907        1.8634963884959912     
  0.50048824219328136       0.91027473730541575     
  0.60768816316668328       0.49510827199125956     
  0.73829232115333110       -1.5075478728458702     
   6.2831853071800003E-003   1.0451228418014009     
   8.8857658763173177E-003  0.93147543499226404     
   1.0882796185406024E-002   1.8628543609966008     
   1.2566370614360001E-002  0.28126798631245209     
   1.4781066825642925E-002   1.2084394092302184     
   1.9009758763406950E-002   1.1146521885397447     
   2.2558041930044626E-002  0.89847390648846948     
   2.7528404685550796E-002   1.0064847751231416     
   3.2924170772707526E-002   1.0245328199780523     
   3.9583345139207964E-002  0.96900687436289568     
   4.8482283607784241E-002   1.0548155206016292     
   5.9214978228736552E-002  0.97550078638373128     
   7.2080521460213362E-002   1.0003254819142877     
   8.7419255034663218E-002  0.99909288503936033     
  0.10579667824952024        1.0066163277373947     
  0.12854808104919171       0.92455811002134991     
  0.15632078169124311        1.0042671689313980     
  0.18975741449582317        1.0252716383354579     
  0.23032868064044379        1.0753419925016976     
  0.27962368063317661        1.1189021815979949     
  0.33948762138704197        1.2127396730740208     
  0.41220775775346907        1.2923719928690298     
  0.50048824219328136        1.3772878300207916     
  0.60768816316668328        1.4438155088649922     
  0.73829232115333110        1.4995969438786694     
   6.2831853071800003E-003   1.0377029017635653     
   8.8857658763173177E-003  0.95480243637338769     
   1.0882796185406024E-002   1.8695938741041302     
   1.2566370614360001E-002  0.26729710441762305     
   1.4781066825642925E-002   1.2510856164112920     
   1.9009758763406950E-002   1.0466127015208415     
   2.2558041930044626E-002  0.94235871356024548     
   2.7528404685550796E-002  0.99745489294379031     
   3.2924170772707526E-002  0.99414170602485041     
   3.9583345139207964E-002   1.0051305423199772     
   4.8482283607784241E-002   1.0094589252806596     
   5.9214978228736552E-002  0.97734349245646235     
   7.2080521460213362E-002   1.0067802093950566     
   8.7419255034663218E-002   1.0151515068355204     
  0.10579667824952024        1.0202285461893081     
  0.12854808104919171       0.93230939637128374     
  0.15632078169124311        1.0297298199516733     
  0.18975741449582317        1.0548077575880714     
  0.23032868064044379        1.0908682828483589     
  0.27962368063317661        1.1001845875902225     
  0.33948762138704197        1.1660551654079478     
  0.41220775775346907        1.1979164883948448     
  0.50048824219328136        1.2113304192266765     
  0.60768816316668328        1.2211087437501511     
  0.73829232115333110        1.1618321510410732     
   6.2831853071800003E-003  0.67547952968537228     
   8.8857658763173177E-003   1.1009832078649697     
   1.0882796185406024E-002   1.4840875698047018     
   1.2566370614360001E-002  0.46717219548001376     
   1.4781066825642925E-002   1.1812915501577170     
   1.9009758763406950E-002  0.96826855316144578     
   2.2558041930044626E-002  0.95713873074056011     
   2.7528404685550796E-002  0.91253958194038431     
   3.2924170772707526E-002   1.1370782023662225     
   3.9583345139207964E-002   1.0051112312924548     
   4.8482283607784241E-002   1.0117338890567245     
   5.9214978228736552E-002   1.0047877567132428     
   7.2080521460213362E-002  0.99721636132003844     
   8.7419255034663218E-002   1.0550566472795357     
  0.10579667824952024        1.0463446501199618     
  0.12854808104919171        1.0383777562018115     
  0.15632078169124311        1.1254522168209307     
  0.18975741449582317        1.1444455251884056     
  0.23032868064044379        1.2830757928051950     
  0.27962368063317661        1.2680898158947493     
  0.33948762138704197        1.2810676814556599     
  0.41220775775346907        1.3842982387499552     
  0.50048824219328136        1.3492769039443884     
  0.60768816316668328        1.3392101792667488     
  0.73829232115333110        1.1115082056001049     
   6.2831853071800003E-003  0.92368879676081361     
   8.8857658763173177E-003   1.1380626170026165     
   1.0882796185406024E-002  0.99730033800947004     
   1.2566370614360001E-002 -0.35426991075387171     
   1.4781066825642925E-002   1.0309787043461860     
   1.9009758763406950E-002  0.88994823666271727     
   2.2558041930044626E-002  0.79580937876377167     
   2.7528404685550796E-002   1.0351467283898201     
   3.2924170772707526E-002  0.86171106415963328     
   3.9583345139207964E-002   1.0250860878381609     
   4.8482283607784241E-002   1.0734477738063817     
   5.9214978228736552E-002   1.0229440106550667     
   7.2080521460213362E-002   1.0291743940141451     
   8.7419255034663218E-002   1.1103790891938268     
  0.10579667824952024        1.1254162908603611     
  0.12854808104919171        1.0680188884580855     
  0.15632078169124311        1.2136082410262456     
  0.18975741449582317        1.2443875213419924     
  0.23032868064044379        1.3642522084152506     
  0.27962368063317661        1.3480737636389957     
  0.33948762138704197        1.4550345836075758     
  0.41220775775346907        1.5088678504553568     
  0.50048824219328136        1.3650284297028350     
  0.60768816316668328        1.3750185332854259     
  0.73829232115333110        1.1109822028715575     
   6.2831853071800003E-003 -0.25117829627547295     
   8.8857658763173177E-003  -4.0988000371742841E-002
   1.0882796185406024E-002   2.4121232672101636     
   1.2566370614360001E-002   1.1288466521337732     
   1.4781066825642925E-002   1.0886446993304388     
   1.9009758763406950E-002  0.89907200174627611     
   2.2558041930044626E-002  0.74585213552969498     
   2.7528404685550796E-002   1.0002027849875728     
   3.2924170772707526E-002  0.87670736567837537     
   3.9583345139207964E-002  0.91587475788283346     
   4.8482283607784241E-002   1.1735565858014232     
   5.9214978228736552E-002  0.99885450388356056     
   7.2080521460213362E-002  0.98794837444234573     
   8.7419255034663218E-002   1.0810855913177297     
  0.10579667824952024        1.0428139707231479     
  0.12854808104919171        1.2445772503006090     
  0.15632078169124311        1.2219683380642865     
  0.18975741449582317        1.2250788390353426     
  0.23032868064044379        1.3869830554145766     
  0.27962368063317661        1.2474878747535012     
  0.33948762138704197        1.3234566928363638     
  0.41220775775346907        1.4238145413466703     
  0.50048824219328136        1.2045054539065692     
  0.60768816316668328        1.2822159519993239     
  0.73829232115333110        2.1501115812984319     
   6.2831853071800003E-003 -0.99009430944508903     
   8.8857658763173177E-003  0.93363885441369510     
   1.0882796185406024E-002   2.1646032551030112     
   1.2566370614360001E-002   1.2951398440658437     
   1.4781066825642925E-002   1.5302061015799699     
   1.9009758763406950E-002  0.74206012453631376     
   2.2558041930044626E-002   1.0526094512683812     
   2.7528404685550796E-002  0.84187778069482355     
   3.2924170772707526E-002  0.98312280227021098     
   3.9583345139207964E-002  0.86003731517557602     
   4.8482283607784241E-002  0.89941963128387026     
   5.9214978228736552E-002  0.98111114249106113     
   7.2080521460213362E-002   1.1153852263998081     
   8.7419255034663218E-002   1.2138887240359910     
  0.10579667824952024        1.4994175182785345     
  0.12854808104919171        1.0828801149526963     
  0.15632078169124311        1.6557298106447358     
  0.18975741449582317        1.6349491224547137     
  0.23032868064044379        1.7485898638027828     
  0.27962368063317661        1.7089193542883692     
  0.33948762138704197        2.0225955121994001     
  0.41220775775346907        1.2928808529762168     
  0.50048824219328136        1.1829249541880831     
  0.60768816316668328       0.33806423150842302     
  0.73829232115333110       0.29700212637304862     
   6.2831853071800003E-003   2.4784071606327664     
   8.8857658763173177E-003   1.7281707639171378     
   1.0882796185406024E-002   3.8915897839246143     
   1.2566370614360001E-002   1.9544897790682667E-002
   1.4781066825642925E-002   1.9062066624873433     
   1.9009758763406950E-002  0.72359430590969176     
   2.2558041930044626E-002   1.0563554537550346     
   2.7528404685550796E-002  0.88736648420033426     
   3.2924170772707526E-002   1.1932616131448481     
   3.9583345139207964E-002   1.2854321204278192     
   4.8482283607784241E-002  0.97476466065416967     
   5.9214978228736552E-002  0.92287960336332764     
   7.2080521460213362E-002   1.1436252011372254     
   8.7419255034663218E-002  0.57489520582744180     
  0.10579667824952024        1.0803984835153853     
  0.12854808104919171        1.2957724830802420     
  0.15632078169124311        1.6180865758819309     
  0.18975741449582317       0.91168051055898824     
  0.23032868064044379        1.2361111647724279     
  0.27962368063317661       0.62288869589039408     
  0.33948762138704197        1.2357969848637542     
  0.41220775775346907        1.4007258525096602     
  0.50048824219328136        2.1429311761930960     
  0.60768816316668328        2.6303981045428486     
  0.73829232115333110       0.76016884625799652     
   6.2831853071800003E-003   4.4604616985121037     
   8.8857658763173177E-003   1.3877190972047002     
   1.0882796185406024E-002 -0.53931199816498054     
   1.2566370614360001E-002   3.7778060663100903     
   1.4781066825642925E-002   1.3019506372634815     
   1.9009758763406950E-002   1.5909578085344104E-002
   2.2558041930044626E-002   2.0748904491786875     
   2.7528404685550796E-002 -0.67790373041900420     
   3.2924170772707526E-002   1.7311568758619353     
   3.9583345139207964E-002  0.48041022097972874     
   4.8482283607784241E-002   1.0109645089824439     
   5.9214978228736552E-002  0.78530269399920227     
   7.2080521460213362E-002  0.44976932262058050     
   8.7419255034663218E-002  0.96642743110683060     
  0.10579667824952024        1.0218969572219716     
  0.12854808104919171       0.82683931998461335     
  0.15632078169124311        1.1507319222797481     
  0.18975741449582317        1.3137252130983581     
  0.23032868064044379       0.33079837280805274     
  0.27962368063317661        1.1596385966579881     
  0.33948762138704197       -2.5166202211038963E-002
  0.41220775775346907       0.29111646397987484     
  0.50048824219328136       -5.6676644937866651E-002
  0.60768816316668328       -1.3745727693969418     
  0.73829232115333110       -1.0326652959528804     
   6.2831853071800003E-003 -0.48989335620941210     
   8.8857658763173177E-003   1.0478270172280189     
   1.0882796185406024E-002   1.4449269758508454     
   1.2566370614360001E-002   1.7409536370606506     
   1.4781066825642925E-002   1.2273392402555197     
   1.9009758763406950E-002   1.0070381576488110     
   2.2558041930044626E-002   1.1289635226325965     
   2.7528404685550796E-002  0.99564938315438378     
   3.2924170772707526E-002  0.93143172727207202     
   3.9583345139207964E-002  0.98043158822206389     
   4.8482283607784241E-002  0.80822811132041739     
   5.9214978228736552E-002   1.0135623819324162     
   7.2080521460213362E-002   1.0020208246240769     
   8.7419255034663218E-002  0.96271265709320253     
  0.10579667824952024        1.0342277023145050     
  0.12854808104919171       0.91120188704959360     
  0.15632078169124311       0.99759863926455872     
  0.18975741449582317       0.96439619455407244     
  0.23032868064044379        1.0695494460702837     
  0.27962368063317661        1.1344214119987952     
  0.33948762138704197        1.1619945289509832     
  0.41220775775346907        1.2388861107943487     
  0.50048824219328136        1.2632508267276830     
  0.60768816316668328        1.2736502778349252     
  0.73829232115333110        1.2128611634485547     
   6.2831853071800003E-003 -0.17300556569324263     
   8.8857658763173177E-003   1.1063340369324459     
   1.0882796185406024E-002   1.4138333339531961     
   1.2566370614360001E-002   1.6884554520446633     
   1.4781066825642925E-002   1.2848572682722403     
   1.9009758763406950E-002  0.99753773632085907     
   2.2558041930044626E-002   1.0827015059306981     
   2.7528404685550796E-002  0.96883600126148450     
   3.2924170772707526E-002  0.98024764900852290     
   3.9583345139207964E-002   1.0004884171987294     
   4.8482283607784241E-002  0.82072970927581079     
   5.9214978228736552E-002  0.97160696939424407     
   7.2080521460213362E-002   1.0190135211791747     
   8.7419255034663218E-002  0.96456131890194674     
  0.10579667824952024        1.0744142079301977     
  0.12854808104919171       0.90670352199042770     
  0.15632078169124311        1.0101119243983083     
  0.18975741449582317       0.95426366450222166     
  0.23032868064044379        1.0326171215243689     
  0.27962368063317661        1.1113382688908948     
  0.33948762138704197        1.1693005954464066     
  0.41220775775346907        1.2221265886842438     
  0.50048824219328136        1.1180471898444901     
  0.60768816316668328        1.0460720922973241     
  0.73829232115333110       0.80583056661786889     
   6.2831853071800003E-003   6.1880424052533342E-002
   8.8857658763173177E-003   1.4984153290119870     
   1.0882796185406024E-002   1.2368121582221150     
   1.2566370614360001E-002   1.6718037332059805     
   1.4781066825642925E-002   1.2525241026703842     
   1.9009758763406950E-002   1.0328280176684943     
   2.2558041930044626E-002   1.0809311272580242     
   2.7528404685550796E-002  0.85985668617347488     
   3.2924170772707526E-002   1.0017538427086898     
   3.9583345139207964E-002   1.0955794311938116     
   4.8482283607784241E-002  0.84093956154539284     
   5.9214978228736552E-002  0.99526291384512144     
   7.2080521460213362E-002   1.0746832020475485     
   8.7419255034663218E-002  0.97640614192132991     
  0.10579667824952024        1.0209526583042010     
  0.12854808104919171       0.94294518458241483     
  0.15632078169124311        1.0405693192070815     
  0.18975741449582317        1.0654932130905568     
  0.23032868064044379        1.0894904968088777     
  0.27962368063317661        1.1714354386738877     
  0.33948762138704197        1.1654762161522862     
  0.41220775775346907        1.0699261576586292     
  0.50048824219328136        1.0718955124703262     
  0.60768816316668328        1.0056671108090414     
  0.73829232115333110       0.86498521410625595     
   6.2831853071800003E-003   4.4938097024513485E-002
   8.8857658763173177E-003   1.1669474473235872     
   1.0882796185406024E-002  0.96394193791911864     
   1.2566370614360001E-002   1.3799862871435615     
   1.4781066825642925E-002   1.0045005435840546     
   1.9009758763406950E-002  0.83094415640965413     
   2.2558041930044626E-002  0.93662990331400819     
   2.7528404685550796E-002   1.0290258127294558     
   3.2924170772707526E-002  0.94349626383227525     
   3.9583345139207964E-002   1.1112275681869266     
   4.8482283607784241E-002   1.0383382011405613     
   5.9214978228736552E-002   1.1119006866135792     
   7.2080521460213362E-002   1.2196866200139618     
   8.7419255034663218E-002   1.0381695657438255     
  0.10579667824952024        1.1826953308297059     
  0.12854808104919171       0.99257113920782980     
  0.15632078169124311        1.2309095810266308     
  0.18975741449582317        1.0390196993990217     
  0.23032868064044379        1.2200530527889877     
  0.27962368063317661        1.3343270784331385     
  0.33948762138704197        1.3445277081933531     
  0.41220775775346907        1.2119411365206985     
  0.50048824219328136       0.73695088125149655     
  0.60768816316668328       0.82197960553253613     
  0.73829232115333110       0.57596601425623584     
   6.2831853071800003E-003 -0.99009430944508903     
   8.8857658763173177E-003  0.93363885441369510     
   1.0882796185406024E-002   2.1646032551030112     
   1.2566370614360001E-002   1.2951398440658437     
   1.4781066825642925E-002   1.5302061015799699     
   1.9009758763406950E-002  0.74206012453631376     
   2.2558041930044626E-002   1.0526094512683812     
   2.7528404685550796E-002  0.84187778069482355     
   3.2924170772707526E-002  0.98312280227021098     
   3.9583345139207964E-002  0.86003731517557602     
   4.8482283607784241E-002  0.89941963128387026     
   5.9214978228736552E-002  0.98111114249106113     
   7.2080521460213362E-002   1.1153852263998081     
   8.7419255034663218E-002   1.2138887240359910     
  0.10579667824952024        1.4994175182785345     
  0.12854808104919171        1.0828801149526963     
  0.15632078169124311        1.6557298106447358     
  0.18975741449582317        1.6349491224547137     
  0.23032868064044379        1.7485898638027828     
  0.27962368063317661        1.7089193542883692     
  0.33948762138704197        2.0225955121994001     
  0.41220775775346907        1.2928808529762168     
  0.50048824219328136        1.1829249541880831     
  0.60768816316668328       0.33806423150842302     
  0.73829232115333110       0.29700212637304862     
   6.2831853071800003E-003  -3.0676244010780334     
   8.8857658763173177E-003 -0.92020438815038175     
   1.0882796185406024E-002  0.32887762481024080     
   1.2566370614360001E-002  -1.6042836554998632     
   1.4781066825642925E-002   1.3829670574055850     
   1.9009758763406950E-002   1.3656070107771425     
   2.2558041930044626E-002   1.2377974219189372     
   2.7528404685550796E-002  0.60104467072981893     
   3.2924170772707526E-002  0.40878385003728768     
   3.9583345139207964E-002  0.82678473630975857     
   4.8482283607784241E-002  0.67989107105359425     
   5.9214978228736552E-002   1.4335771089965732     
   7.2080521460213362E-002   1.4140094010541973     
   8.7419255034663218E-002   1.3143942136286006     
  0.10579667824952024        1.7569593211461931     
  0.12854808104919171        1.4551308819660591     
  0.15632078169124311        2.0834617787623091     
  0.18975741449582317        2.2262230419847060     
  0.23032868064044379        2.4672804076284773     
  0.27962368063317661        2.6650214084372310     
  0.33948762138704197        2.3551225577579471     
  0.41220775775346907        2.2921858674329236     
  0.50048824219328136        1.9897858184696673     
  0.60768816316668328        2.9784491538392763     
  0.73829232115333110        5.8405943614937854     
   6.2831853071800003E-003  -3.1208918915577359     
   8.8857658763173177E-003  0.95453422869344784     
   1.0882796185406024E-002   1.9385276910378426     
   1.2566370614360001E-002 -0.54370148163728138     
   1.4781066825642925E-002   2.5431024654278898     
   1.9009758763406950E-002   1.6365610657040823     
   2.2558041930044626E-002   1.4673021685054835     
   2.7528404685550796E-002  0.61507403272875427     
   3.2924170772707526E-002   1.0409504462238208     
   3.9583345139207964E-002  0.93989291449054624     
   4.8482283607784241E-002  0.26987292345249742     
   5.9214978228736552E-002  0.85061674515191743     
   7.2080521460213362E-002   1.1300076427041990     
   8.7419255034663218E-002  0.26165165212475550     
  0.10579667824952024       0.30572005030791505     
  0.12854808104919171       0.61368308972669305     
  0.15632078169124311       0.51861247250589859     
  0.18975741449582317       0.16332437479728545     
  0.23032868064044379       -2.0641580716886352E-002
  0.27962368063317661        4.4615701837071323E-002
  0.33948762138704197        5.2307526857183026E-002
  0.41220775775346907       0.88170032651659880     
  0.50048824219328136      -0.77133388957085425     
  0.60768816316668328       -1.0538505207245987     
  0.73829232115333110       -2.2488834624920675     
   6.2831853071800003E-003  -7.6793500438203024     
   8.8857658763173177E-003  -1.1982885304821000     
   1.0882796185406024E-002   1.8762087720938863     
   1.2566370614360001E-002   4.5924057803088028     
   1.4781066825642925E-002  0.31493867155083860     
   1.9009758763406950E-002  0.84931076303064557     
   2.2558041930044626E-002   1.0701529421301776     
   2.7528404685550796E-002 -0.45023746305761875     
   3.2924170772707526E-002  0.27136814571572876     
   3.9583345139207964E-002   1.1719931433662825     
   4.8482283607784241E-002  0.56207233222260022     
   5.9214978228736552E-002   1.1864454500425610     
   7.2080521460213362E-002   1.1900041950678009     
   8.7419255034663218E-002  0.81722911311828317     
  0.10579667824952024       0.76145260974869533     
  0.12854808104919171       0.25539955317444019     
  0.15632078169124311        1.3854557141276187     
  0.18975741449582317        1.4455407080052054     
  0.23032868064044379        1.7146996549175788     
  0.27962368063317661        2.3724439901356988     
  0.33948762138704197        1.8226827031827575     
  0.41220775775346907        1.9850306866593965     
  0.50048824219328136        3.2829189211454990     
  0.60768816316668328        3.9335272238639614     
  0.73829232115333110        4.0003701872436643     
   6.2831853071800003E-003   2.1138159118165483     
   8.8857658763173177E-003   1.2491110469882467     
   1.0882796185406024E-002   1.7301572097982276     
   1.2566370614360001E-002 -0.82781939235814495     
   1.4781066825642925E-002   1.7206442238708233     
   1.9009758763406950E-002  0.76128893394788621     
   2.2558041930044626E-002   1.1723788580046965     
   2.7528404685550796E-002  0.97177541593065708     
   3.2924170772707526E-002   1.0091319169732060     
   3.9583345139207964E-002  0.94753623315350866     
   4.8482283607784241E-002  0.67804340959746201     
   5.9214978228736552E-002  0.87899911203728343     
   7.2080521460213362E-002  0.78667609446756015     
   8.7419255034663218E-002  0.72221661226164124     
  0.10579667824952024       0.81731088251384820     
  0.12854808104919171       0.79412089493908422     
  0.15632078169124311       0.91615143500795448     
  0.18975741449582317       0.71001052219868355     
  0.23032868064044379       0.92712346525609046     
  0.27962368063317661       0.87630964652955545     
  0.33948762138704197       0.94736347213223393     
  0.41220775775346907        1.0767527492938187     
  0.50048824219328136        1.0313717064187418     
  0.60768816316668328       0.96870940874854128     
  0.73829232115333110       0.78597780149672558     
   6.2831853071800003E-003   2.0129769938959656     
   8.8857658763173177E-003  0.73238219734656840     
   1.0882796185406024E-002   1.8199210661008098     
   1.2566370614360001E-002  -1.1514180719842286     
   1.4781066825642925E-002   1.9075622428390706     
   1.9009758763406950E-002  0.83874959045380637     
   2.2558041930044626E-002   1.1778081050481077     
   2.7528404685550796E-002  0.96495830555533335     
   3.2924170772707526E-002   1.1060449780822461     
   3.9583345139207964E-002   1.0347549554469564     
   4.8482283607784241E-002  0.75062069934221931     
   5.9214978228736552E-002  0.96884983224356347     
   7.2080521460213362E-002  0.84610448833299667     
   8.7419255034663218E-002  0.77535276291481658     
  0.10579667824952024       0.86458250789746549     
  0.12854808104919171       0.87537548029238599     
  0.15632078169124311       0.92140829631410970     
  0.18975741449582317       0.64098023110432212     
  0.23032868064044379       0.88119835724286844     
  0.27962368063317661       0.78778510844402816     
  0.33948762138704197       0.84047007063049561     
  0.41220775775346907       0.94293609123802002     
  0.50048824219328136       0.73399142774423320     
  0.60768816316668328       0.73600941200393433     
  0.73829232115333110       0.63609582264847175     
   6.2831853071800003E-003   2.2134821319617441     
   8.8857658763173177E-003   1.5601520909529791     
   1.0882796185406024E-002   1.9017029260460792     
   1.2566370614360001E-002  -1.4426094942427423     
   1.4781066825642925E-002   1.8732527878115997     
   1.9009758763406950E-002  0.75302599493559375     
   2.2558041930044626E-002   1.1539567672912627     
   2.7528404685550796E-002   1.1855503203122633     
   3.2924170772707526E-002  0.93615405428762266     
   3.9583345139207964E-002   1.0560562668938209     
   4.8482283607784241E-002  0.62915946867235573     
   5.9214978228736552E-002  0.96452335038246106     
   7.2080521460213362E-002  0.80694918597304877     
   8.7419255034663218E-002  0.82034528374091487     
  0.10579667824952024       0.92421542448073934     
  0.12854808104919171       0.85966643842968349     
  0.15632078169124311        1.0377978636566327     
  0.18975741449582317       0.64027635987781406     
  0.23032868064044379        1.0125426353429794     
  0.27962368063317661       0.93734927213339769     
  0.33948762138704197       0.83699049261353831     
  0.41220775775346907        1.0512426967568795     
  0.50048824219328136       0.99315208342386774     
  0.60768816316668328        1.2447182939397061     
  0.73829232115333110       0.58632965710604668     
   6.2831853071800003E-003  -3.4279874577584218E-002
   8.8857658763173177E-003  0.45866138141704293     
   1.0882796185406024E-002   1.1086302493306639     
   1.2566370614360001E-002  0.35593635755491726     
   1.4781066825642925E-002   1.6899256088904278     
   1.9009758763406950E-002  0.65084451355246764     
   2.2558041930044626E-002   1.1733545845789926     
   2.7528404685550796E-002   1.3416988846001572     
   3.2924170772707526E-002   1.0019969117304846     
   3.9583345139207964E-002  0.98908144853942004     
   4.8482283607784241E-002  0.77788676554733072     
   5.9214978228736552E-002   1.0851173157552048     
   7.2080521460213362E-002   1.0017228789732993     
   8.7419255034663218E-002  0.94345226503109059     
  0.10579667824952024        1.3007789422391205     
  0.12854808104919171        1.1336984458019312     
  0.15632078169124311        1.4231264024801553     
  0.18975741449582317       0.90504578832978533     
  0.23032868064044379        1.3733598915185687     
  0.27962368063317661       0.95436214669993791     
  0.33948762138704197       0.92890335454687034     
  0.41220775775346907       0.44092579566731122     
  0.50048824219328136        1.7399378596010796E-002
  0.60768816316668328       0.41546139023921014     
  0.73829232115333110      -0.34281900677540461     
   6.2831853071800003E-003   2.4784071606327664     
   8.8857658763173177E-003   1.7281707639171378     
   1.0882796185406024E-002   3.8915897839246143     
   1.2566370614360001E-002   1.9544897790682667E-002
   1.4781066825642925E-002   1.9062066624873433     
   1.9009758763406950E-002  0.72359430590969176     
   2.2558041930044626E-002   1.0563554537550346     
   2.7528404685550796E-002  0.88736648420033426     
   3.2924170772707526E-002   1.1932616131448481     
   3.9583345139207964E-002   1.2854321204278192     
   4.8482283607784241E-002  0.97476466065416967     
   5.9214978228736552E-002  0.92287960336332764     
   7.2080521460213362E-002   1.1436252011372254     
   8.7419255034663218E-002  0.57489520582744180     
  0.10579667824952024        1.0803984835153853     
  0.12854808104919171        1.2957724830802420     
  0.15632078169124311        1.6180865758819309     
  0.18975741449582317       0.91168051055898824     
  0.23032868064044379        1.2361111647724279     
  0.27962368063317661       0.62288869589039408     
  0.33948762138704197        1.2357969848637542     
  0.41220775775346907        1.4007258525096602     
  0.50048824219328136        2.1429311761930960     
  0.60768816316668328        2.6303981045428486     
  0.73829232115333110       0.76016884625799652     
   6.2831853071800003E-003  -3.1208918915577359     
   8.8857658763173177E-003  0.95453422869344784     
   1.0882796185406024E-002   1.9385276910378426     
   1.2566370614360001E-002 -0.54370148163728138     
   1.4781066825642925E-002   2.5431024654278898     
   1.9009758763406950E-002   1.6365610657040823     
   2.2558041930044626E-002   1.4673021685054835     
   2.7528404685550796E-002  0.61507403272875427     
   3.2924170772707526E-002   1.0409504462238208     
   3.9583345139207964E-002  0.93989291449054624     
   4.8482283607784241E-002  0.26987292345249742     
   5.9214978228736552E-002  0.85061674515191743     
   7.2080521460213362E-002   1.1300076427041990     
   8.7419255034663218E-002  0.26165165212475550     
  0.10579667824952024       0.30572005030791505     
  0.12854808104919171       0.61368308972669305     
  0.15632078169124311       0.51861247250589859     
  0.18975741449582317       0.16332437479728545     
  0.23032868064044379       -2.0641580716886352E-002
  0.27962368063317661        4.4615701837071323E-002
  0.33948762138704197        5.2307526857183026E-002
  0.41220775775346907       0.88170032651659880     
  0.50048824219328136      -0.77133388957085425     
  0.60768816316668328       -1.0538505207245987     
  0.73829232115333110       -2.2488834624920675     
   6.2831853071800003E-003  -3.7027354619097474     
   8.8857658763173177E-003   8.2070211599716547     
   1.0882796185406024E-002   6.0897654000852799E-002
   1.2566370614360001E-002  -5.6343565260427786     
   1.4781066825642925E-002   2.2940543507766380     
   1.9009758763406950E-002   1.0834349924787596     
   2.2558041930044626E-002  0.63275800414316818     
   2.7528404685550796E-002 -0.43186519457463990     
   3.2924170772707526E-002  0.10941267777857726     
   3.9583345139207964E-002 -0.26137304377999238     
   4.8482283607784241E-002  0.37868548423847376     
   5.9214978228736552E-002   2.1555541837845604     
   7.2080521460213362E-002  0.75973588446240603     
   8.7419255034663218E-002   1.6985837581836443     
  0.10579667824952024        1.5840531846167991     
  0.12854808104919171        1.7097119738258133     
  0.15632078169124311        1.9324848056313624     
  0.18975741449582317        1.9686578228911300     
  0.23032868064044379        2.1484685293999393     
  0.27962368063317661       0.18661860139327649     
  0.33948762138704197        2.0598379216520852     
  0.41220775775346907        5.4894964415373160     
  0.50048824219328136        11.065820635465910     
  0.60768816316668328        14.172216661767067     
  0.73829232115333110        24.329919879801828     
   6.2831853071800003E-003   2.2723577717434971     
   8.8857658763173177E-003  -3.8747956532247687     
   1.0882796185406024E-002  -3.8843975383543787     
   1.2566370614360001E-002  -7.4205914678491753     
   1.4781066825642925E-002   1.5922165537947801     
   1.9009758763406950E-002 -0.47250745528806332     
   2.2558041930044626E-002   1.5722349485346663     
   2.7528404685550796E-002   1.2387931783528841     
   3.2924170772707526E-002   2.6978040905047389     
   3.9583345139207964E-002  0.10783437766117185     
   4.8482283607784241E-002  0.80444253846027047     
   5.9214978228736552E-002  0.26658548503241603     
   7.2080521460213362E-002  -9.9998420635149465E-002
   8.7419255034663218E-002 -0.94903097264156178     
  0.10579667824952024      -0.47023629835316105     
  0.12854808104919171       -9.4994694858355558E-002
  0.15632078169124311      -0.89550065197738593     
  0.18975741449582317      -0.16570802224629647     
  0.23032868064044379        1.4931954913119538     
  0.27962368063317661      -0.63852326218739175     
  0.33948762138704197      -0.87907889431833841     
  0.41220775775346907        1.1715720739317790     
  0.50048824219328136      -0.90127259882053390     
  0.60768816316668328       0.92053028885345278     
  0.73829232115333110       -1.0019789425565839     
   6.2831853071800003E-003   1.1263319483080965     
   8.8857658763173177E-003  0.63339037247806906     
   1.0882796185406024E-002   1.0363186806110181     
   1.2566370614360001E-002   5.0509941287384112     
   1.4781066825642925E-002  0.20805169360138229     
   1.9009758763406950E-002  0.78255099801234373     
   2.2558041930044626E-002   2.1092041233928498     
   2.7528404685550796E-002 -0.14867210008053533     
   3.2924170772707526E-002   1.7111429099576023     
   3.9583345139207964E-002   1.2816659015263756     
   4.8482283607784241E-002  0.69049039971174453     
   5.9214978228736552E-002  0.58537578361714981     
   7.2080521460213362E-002  0.81729715015857352     
   8.7419255034663218E-002  0.95346574445108268     
  0.10579667824952024       0.90943888970280407     
  0.12854808104919171       0.71216844370554844     
  0.15632078169124311        1.0005465508369844     
  0.18975741449582317       0.86381731470673695     
  0.23032868064044379       0.77880982031729629     
  0.27962368063317661        1.0121641106201444     
  0.33948762138704197       0.80895838579690238     
  0.41220775775346907        1.0382463229407426     
  0.50048824219328136        1.0016819818154310     
  0.60768816316668328       0.67813519824895196     
  0.73829232115333110       0.48033129651834905     
   6.2831853071800003E-003  -7.3197873366218757E-003
   8.8857658763173177E-003   1.0881345493875019     
   1.0882796185406024E-002   1.5145315804635970     
   1.2566370614360001E-002   5.7477993569494412     
   1.4781066825642925E-002  0.36326327258464436     
   1.9009758763406950E-002  0.73899614138459346     
   2.2558041930044626E-002   2.1775354752418381     
   2.7528404685550796E-002  -8.5015289636828625E-002
   3.2924170772707526E-002   1.7926610343097698     
   3.9583345139207964E-002   1.2308143397747777     
   4.8482283607784241E-002  0.78852684492722824     
   5.9214978228736552E-002  0.42962679779709134     
   7.2080521460213362E-002  0.84347286117430975     
   8.7419255034663218E-002  0.97744803772432143     
  0.10579667824952024       0.84331656680058209     
  0.12854808104919171       0.64844442638910571     
  0.15632078169124311       0.96938693963538358     
  0.18975741449582317       0.79753552365434255     
  0.23032868064044379       0.74980679497963509     
  0.27962368063317661       0.97661034634681954     
  0.33948762138704197       0.93594558305105013     
  0.41220775775346907       0.60577079414670054     
  0.50048824219328136       0.87414091179853648     
  0.60768816316668328       0.27948930861022325     
  0.73829232115333110       0.13765112635450774     
   6.2831853071800003E-003  -3.9643694355996382     
   8.8857658763173177E-003  0.11900644818574703     
   1.0882796185406024E-002 -0.40820132430291928     
   1.2566370614360001E-002   7.5255809980633765     
   1.4781066825642925E-002  0.39861384107296205     
   1.9009758763406950E-002  0.32832081163163773     
   2.2558041930044626E-002   2.4889494999306332     
   2.7528404685550796E-002   1.4425106124583854E-003
   3.2924170772707526E-002   2.1686661574857626     
   3.9583345139207964E-002   1.4447472050670034     
   4.8482283607784241E-002  0.71967136953066180     
   5.9214978228736552E-002  0.45843945614316572     
   7.2080521460213362E-002  0.99294444247633984     
   8.7419255034663218E-002  0.85639733061808820     
  0.10579667824952024        1.0034770331730589     
  0.12854808104919171       0.69252185730806759     
  0.15632078169124311        1.0740522995496620     
  0.18975741449582317        1.0575758277166241     
  0.23032868064044379       0.89717776508362301     
  0.27962368063317661       0.89364643514209197     
  0.33948762138704197       0.57078765604009063     
  0.41220775775346907      -0.22714407749016177     
  0.50048824219328136       0.19144810512808144     
  0.60768816316668328       -2.3460149583981989E-003
  0.73829232115333110       0.93630402230860821     
   6.2831853071800003E-003   3.5145071907150740     
   8.8857658763173177E-003   4.1126996530244000     
   1.0882796185406024E-002  0.63952558420208405     
   1.2566370614360001E-002  -3.4425436062771970     
   1.4781066825642925E-002  -5.6646468621367511E-002
   1.9009758763406950E-002 -0.18603295991010432     
   2.2558041930044626E-002   2.2506814601833272     
   2.7528404685550796E-002 -0.25725833605000348     
   3.2924170772707526E-002   1.9079861481727094     
   3.9583345139207964E-002  0.90893757222462723     
   4.8482283607784241E-002  0.54697690886667327     
   5.9214978228736552E-002  0.53926541859720056     
   7.2080521460213362E-002  0.61219079298568291     
   8.7419255034663218E-002   1.3011603983358970     
  0.10579667824952024       0.96912402449750390     
  0.12854808104919171       0.47431310419961920     
  0.15632078169124311       0.74865899700493088     
  0.18975741449582317        1.4819923321081923     
  0.23032868064044379        1.0480535676797331     
  0.27962368063317661        1.2805194512430800     
  0.33948762138704197        1.0829870970388367     
  0.41220775775346907        1.8634963884959912     
  0.50048824219328136       0.91027473730541575     
  0.60768816316668328       0.49510827199125956     
  0.73829232115333110       -1.5075478728458702     
   6.2831853071800003E-003   4.4604616985121037     
   8.8857658763173177E-003   1.3877190972047002     
   1.0882796185406024E-002 -0.53931199816498054     
   1.2566370614360001E-002   3.7778060663100903     
   1.4781066825642925E-002   1.3019506372634815     
   1.9009758763406950E-002   1.5909578085344104E-002
   2.2558041930044626E-002   2.0748904491786875     
   2.7528404685550796E-002 -0.67790373041900420     
   3.2924170772707526E-002   1.7311568758619353     
   3.9583345139207964E-002  0.48041022097972874     
   4.8482283607784241E-002   1.0109645089824439     
   5.9214978228736552E-002  0.78530269399920227     
   7.2080521460213362E-002  0.44976932262058050     
   8.7419255034663218E-002  0.96642743110683060     
  0.10579667824952024        1.0218969572219716     
  0.12854808104919171       0.82683931998461335     
  0.15632078169124311        1.1507319222797481     
  0.18975741449582317        1.3137252130983581     
  0.23032868064044379       0.33079837280805274     
  0.27962368063317661        1.1596385966579881     
  0.33948762138704197       -2.5166202211038963E-002
  0.41220775775346907       0.29111646397987484     
  0.50048824219328136       -5.6676644937866651E-002
  0.60768816316668328       -1.3745727693969418     
  0.73829232115333110       -1.0326652959528804     
   6.2831853071800003E-003  -7.6793500438203024     
   8.8857658763173177E-003  -1.1982885304821000     
   1.0882796185406024E-002   1.8762087720938863     
   1.2566370614360001E-002   4.5924057803088028     
   1.4781066825642925E-002  0.31493867155083860     
   1.9009758763406950E-002  0.84931076303064557     
   2.2558041930044626E-002   1.0701529421301776     
   2.7528404685550796E-002 -0.45023746305761875     
   3.2924170772707526E-002  0.27136814571572876     
   3.9583345139207964E-002   1.1719931433662825     
   4.8482283607784241E-002  0.56207233222260022     
   5.9214978228736552E-002   1.1864454500425610     
   7.2080521460213362E-002   1.1900041950678009     
   8.7419255034663218E-002  0.81722911311828317     
  0.10579667824952024       0.76145260974869533     
  0.12854808104919171       0.25539955317444019     
  0.15632078169124311        1.3854557141276187     
  0.18975741449582317        1.4455407080052054     
  0.23032868064044379        1.7146996549175788     
  0.27962368063317661        2.3724439901356988     
  0.33948762138704197        1.8226827031827575     
  0.41220775775346907        1.9850306866593965     
  0.50048824219328136        3.2829189211454990     
  0.60768816316668328        3.9335272238639614     
  0.73829232115333110        4.0003701872436643     
   6.2831853071800003E-003   2.2723577717434971     
   8.8857658763173177E-003  -3.8747956532247687     
   1.0882796185406024E-002  -3.8843975383543787     
   1.2566370614360001E-002  -7.4205914678491753     
   1.4781066825642925E-002   1.5922165537947801     
   1.9009758763406950E-002 -0.47250745528806332     
   2.2558041930044626E-002   1.5722349485346663     
   2.7528404685550796E-002   1.2387931783528841     
   3.2924170772707526E-002   2.6978040905047389     
   3.9583345139207964E-002  0.10783437766117185     
   4.8482283607784241E-002  0.80444253846027047     
   5.9214978228736552E-002  0.26658548503241603     
   7.2080521460213362E-002  -9.9998420635149465E-002
   8.7419255034663218E-002 -0.94903097264156178     
  0.10579667824952024      -0.47023629835316105     
  0.12854808104919171       -9.4994694858355558E-002
  0.15632078169124311      -0.89550065197738593     
  0.18975741449582317      -0.16570802224629647     
  0.23032868064044379        1.4931954913119538     
  0.27962368063317661      -0.63852326218739175     
  0.33948762138704197      -0.87907889431833841     
  0.41220775775346907        1.1715720739317790     
  0.50048824219328136      -0.90127259882053390     
  0.60768816316668328       0.92053028885345278     
  0.73829232115333110       -1.0019789425565839     
   6.2831853071800003E-003   3.2308796606033323     
   8.8857658763173177E-003  0.38373821646350187     
   1.0882796185406024E-002   1.6074590917246809     
   1.2566370614360001E-002   10.373558074206560     
   1.4781066825642925E-002  0.80724864363889748     
   1.9009758763406950E-002   1.0971808828439960     
   2.2558041930044626E-002  0.97869672355097515     
   2.7528404685550796E-002  0.54080238126718405     
   3.2924170772707526E-002   1.5678808972966491     
   3.9583345139207964E-002  -7.0229262780212132E-002
   4.8482283607784241E-002 -0.10604768725420897     
   5.9214978228736552E-002   5.3215099649733394E-002
   7.2080521460213362E-002 -0.43243373816361508     
   8.7419255034663218E-002 -0.61652192051528387     
  0.10579667824952024      -0.13167577571439906     
  0.12854808104919171        5.5329141216013920E-002
  0.15632078169124311       0.81862846123499522     
  0.18975741449582317      -0.46876946739141367     
  0.23032868064044379       0.69361056238550156     
  0.27962368063317661       -4.6113023388690104E-002
  0.33948762138704197        1.3507741302664511     
  0.41220775775346907        2.3731862284281142     
  0.50048824219328136        4.5993771630448954     
  0.60768816316668328        12.257888366078177     
  0.73829232115333110        30.439005303571403     
