   6.2831853071800003E-003  0.93243804916425932     
   8.8857658763173177E-003  0.81136405924528165     
   1.0882796185406024E-002  0.96105562060930672     
   1.2566370614360001E-002   1.2680120810739606     
   1.4781066825642925E-002  0.93793071247299076     
   1.9009758763406950E-002   1.1291944543587185     
   2.2558041930044626E-002   1.0513842284096862     
   2.7528404685550796E-002   1.0263397128703491     
   3.2924170772707526E-002  0.98622566643105292     
   3.9583345139207964E-002  0.99396407720929436     
   4.8482283607784241E-002   1.0201779479380333     
   5.9214978228736552E-002  0.99245547066702233     
   7.2080521460213362E-002  0.99211080644072536     
   8.7419255034663218E-002   1.0112143368399895     
  0.10579667824952024        1.0501313627490598     
  0.12854808104919171       0.96410356032894773     
  0.15632078169124311        1.0890505401460182     
  0.18975741449582317        1.0409903830311584     
  0.23032868064044379        1.1392315043409298     
  0.27962368063317661        1.2095862520990186     
  0.33948762138704197        1.2839424484747406     
  0.41220775775346907        1.3944885861097320     
  0.50048824219328136        1.5284489760354640     
  0.60768816316668328        1.6983753667179518     
  0.73829232115333110        1.9013899406009784     
   6.2831853071800003E-003   1.0869251732189258     
   8.8857658763173177E-003  0.83702807394211565     
   1.0882796185406024E-002  0.88585403551727560     
   1.2566370614360001E-002   1.1989116685810104     
   1.4781066825642925E-002  0.96057836912834271     
   1.9009758763406950E-002   1.0976088681566805     
   2.2558041930044626E-002   1.0248079955223843     
   2.7528404685550796E-002   1.0317828759972241     
   3.2924170772707526E-002  0.97808122962091870     
   3.9583345139207964E-002   1.0087476350087357     
   4.8482283607784241E-002   1.0277323928378552     
   5.9214978228736552E-002  0.98203196342535137     
   7.2080521460213362E-002  0.99277235103896611     
   8.7419255034663218E-002   1.0187179391007364     
  0.10579667824952024        1.0625307170522118     
  0.12854808104919171       0.97369133776165950     
  0.15632078169124311        1.1020162755205121     
  0.18975741449582317        1.0557762355974867     
  0.23032868064044379        1.1611108400410866     
  0.27962368063317661        1.2424519422791398     
  0.33948762138704197        1.3234094510584955     
  0.41220775775346907        1.4394762555922038     
  0.50048824219328136        1.5729345122843874     
  0.60768816316668328        1.7442807347756712     
  0.73829232115333110        1.9505898907250652     
   6.2831853071800003E-003   1.0209362151254178     
   8.8857658763173177E-003   1.0166365512155864     
   1.0882796185406024E-002  0.67137951432077270     
   1.2566370614360001E-002   1.2505568860281417     
   1.4781066825642925E-002  0.96311671711371127     
   1.9009758763406950E-002   1.0701288356041210     
   2.2558041930044626E-002   1.0637777987140773     
   2.7528404685550796E-002   1.0268197569135633     
   3.2924170772707526E-002   1.0205311319413504     
   3.9583345139207964E-002  0.98770868026816294     
   4.8482283607784241E-002   1.0159395945196714     
   5.9214978228736552E-002  0.99929632808004043     
   7.2080521460213362E-002  0.98810190163833900     
   8.7419255034663218E-002   1.0132268500624406     
  0.10579667824952024        1.0551087885789361     
  0.12854808104919171       0.97601920888259219     
  0.15632078169124311        1.0996023045616550     
  0.18975741449582317        1.0471899942458005     
  0.23032868064044379        1.1557946099375649     
  0.27962368063317661        1.2511208787315218     
  0.33948762138704197        1.3281682516472020     
  0.41220775775346907        1.4526568477863706     
  0.50048824219328136        1.6005808514824915     
  0.60768816316668328        1.7949588543039174     
  0.73829232115333110        1.9994798627409134     
   6.2831853071800003E-003  0.74606174931020486     
   8.8857658763173177E-003   1.3392816536511531     
   1.0882796185406024E-002   1.2206100533814808     
   1.2566370614360001E-002  0.50856208081137444     
   1.4781066825642925E-002  0.89580224413817344     
   1.9009758763406950E-002   1.1384107231936849     
   2.2558041930044626E-002  0.95958312405688073     
   2.7528404685550796E-002   1.0504018182574519     
   3.2924170772707526E-002   1.0062206077642211     
   3.9583345139207964E-002   1.0364026182925796     
   4.8482283607784241E-002   1.0648265668643300     
   5.9214978228736552E-002  0.99762204699067114     
   7.2080521460213362E-002  0.99831175754991985     
   8.7419255034663218E-002  0.97027433136888863     
  0.10579667824952024        1.0290998642894806     
  0.12854808104919171       0.95556373033212494     
  0.15632078169124311        1.0845340495596274     
  0.18975741449582317        1.0527531331379805     
  0.23032868064044379        1.1588465082942421     
  0.27962368063317661        1.2388760587057330     
  0.33948762138704197        1.3586608797842747     
  0.41220775775346907        1.4818585027634557     
  0.50048824219328136        1.6562345162432786     
  0.60768816316668328        1.8447508685954483     
  0.73829232115333110        2.0306615598853655     
   6.2831853071800003E-003  0.66815307109185673     
   8.8857658763173177E-003  0.54664695810227548     
   1.0882796185406024E-002   1.3042765164769718     
   1.2566370614360001E-002  0.44276935313378041     
   1.4781066825642925E-002   1.1682793762078887     
   1.9009758763406950E-002  0.99820070698036678     
   2.2558041930044626E-002   1.0902856588789693     
   2.7528404685550796E-002   1.0244249964123926     
   3.2924170772707526E-002   1.0167768721986805     
   3.9583345139207964E-002   1.0441971427191057     
   4.8482283607784241E-002   1.0446686834140322     
   5.9214978228736552E-002   1.0681264483882398     
   7.2080521460213362E-002   1.1016792146606116     
   8.7419255034663218E-002   1.0804899170282587     
  0.10579667824952024        1.0322386934437227     
  0.12854808104919171       0.96213289930761103     
  0.15632078169124311        1.1433403639954467     
  0.18975741449582317        1.1014400584060315     
  0.23032868064044379        1.2229792232960912     
  0.27962368063317661        1.3165900382389490     
  0.33948762138704197        1.4105399814327695     
  0.41220775775346907        1.5810082190756225     
  0.50048824219328136        1.7493810961044201     
  0.60768816316668328        1.9324805132429816     
  0.73829232115333110        2.0214008702715494     
   6.2831853071800003E-003   1.4167318954668364     
   8.8857658763173177E-003  0.84894781267454023     
   1.0882796185406024E-002   1.2696981784885748     
   1.2566370614360001E-002   2.7163930596648447     
   1.4781066825642925E-002   1.2352534340804415     
   1.9009758763406950E-002   1.0031807090775904     
   2.2558041930044626E-002   1.2516711118863921     
   2.7528404685550796E-002   1.0607844462894598     
   3.2924170772707526E-002   1.0976970982723597     
   3.9583345139207964E-002   1.0130841787311902     
   4.8482283607784241E-002  0.91472785463610540     
   5.9214978228736552E-002  0.95682968107638944     
   7.2080521460213362E-002  0.85859426776739656     
   8.7419255034663218E-002  0.93636936838740004     
  0.10579667824952024       0.98822515370683484     
  0.12854808104919171       0.87691999673259091     
  0.15632078169124311       0.95434455922428274     
  0.18975741449582317       0.99760161387121760     
  0.23032868064044379        1.1033178516775910     
  0.27962368063317661        1.1999506825557300     
  0.33948762138704197        1.2997180871409344     
  0.41220775775346907        1.4491552269704793     
  0.50048824219328136        1.6026780783373116     
  0.60768816316668328        1.5445642009779306     
  0.73829232115333110        1.5561212844915688     
   6.2831853071800003E-003  0.83919528831943235     
   8.8857658763173177E-003   2.1141182494631532     
   1.0882796185406024E-002   2.9195352256274272     
   1.2566370614360001E-002   4.9305771571316166     
   1.4781066825642925E-002  0.94153961966937505     
   1.9009758763406950E-002   1.4583095474127536     
   2.2558041930044626E-002   1.0378002502417918     
   2.7528404685550796E-002  0.64632947991048473     
   3.2924170772707526E-002   1.3194486056046797     
   3.9583345139207964E-002  0.95236977864409589     
   4.8482283607784241E-002  0.86409712217235279     
   5.9214978228736552E-002  0.87925401941424586     
   7.2080521460213362E-002  0.94684755515717445     
   8.7419255034663218E-002  0.74389880986745271     
  0.10579667824952024       0.80469515169751393     
  0.12854808104919171       0.83991952602677333     
  0.15632078169124311       0.85618476197795079     
  0.18975741449582317       0.87472455569154417     
  0.23032868064044379       0.96937620890244636     
  0.27962368063317661        1.1090981621323746     
  0.33948762138704197        1.1017221379816380     
  0.41220775775346907        1.2431366516247162     
  0.50048824219328136        1.2021779408091062     
  0.60768816316668328        1.2321441208181176     
  0.73829232115333110        1.0034806726729022     
   6.2831853071800003E-003  -4.0863263916445582     
   8.8857658763173177E-003   1.6820021587885942E-002
   1.0882796185406024E-002  -1.5456606875127066     
   1.2566370614360001E-002  -6.8519221370288612     
   1.4781066825642925E-002   2.4336179716154573     
   1.9009758763406950E-002  0.53483462486369726     
   2.2558041930044626E-002   1.3088418075955857     
   2.7528404685550796E-002  0.79651738673609840     
   3.2924170772707526E-002   1.3842902085613746     
   3.9583345139207964E-002  0.67179986836233152     
   4.8482283607784241E-002  0.94557934197346105     
   5.9214978228736552E-002  0.91003462709226413     
   7.2080521460213362E-002   1.0760468769115155     
   8.7419255034663218E-002   1.4605070065271077     
  0.10579667824952024        1.3502552736009954     
  0.12854808104919171        1.0068547098140925     
  0.15632078169124311        1.4545440452879073     
  0.18975741449582317        1.0211521877306722     
  0.23032868064044379        1.2161895026353493     
  0.27962368063317661        1.2939416550570704     
  0.33948762138704197        1.1547481764778782     
  0.41220775775346907        1.3565897195330210     
  0.50048824219328136        1.1650221962375771     
  0.60768816316668328        1.0679589702855050     
  0.73829232115333110       0.39388447581444908     
   6.2831853071800003E-003   1.0869251732189258     
   8.8857658763173177E-003  0.83702807394211565     
   1.0882796185406024E-002  0.88585403551727560     
   1.2566370614360001E-002   1.1989116685810104     
   1.4781066825642925E-002  0.96057836912834271     
   1.9009758763406950E-002   1.0976088681566805     
   2.2558041930044626E-002   1.0248079955223843     
   2.7528404685550796E-002   1.0317828759972241     
   3.2924170772707526E-002  0.97808122962091870     
   3.9583345139207964E-002   1.0087476350087357     
   4.8482283607784241E-002   1.0277323928378552     
   5.9214978228736552E-002  0.98203196342535137     
   7.2080521460213362E-002  0.99277235103896611     
   8.7419255034663218E-002   1.0187179391007364     
  0.10579667824952024        1.0625307170522118     
  0.12854808104919171       0.97369133776165950     
  0.15632078169124311        1.1020162755205121     
  0.18975741449582317        1.0557762355974867     
  0.23032868064044379        1.1611108400410866     
  0.27962368063317661        1.2424519422791398     
  0.33948762138704197        1.3234094510584955     
  0.41220775775346907        1.4394762555922038     
  0.50048824219328136        1.5729345122843874     
  0.60768816316668328        1.7442807347756712     
  0.73829232115333110        1.9505898907250652     
   6.2831853071800003E-003   1.2647148549318710     
   8.8857658763173177E-003  0.82948383203632237     
   1.0882796185406024E-002  0.80695727788833205     
   1.2566370614360001E-002   1.1813400790309905     
   1.4781066825642925E-002  0.97624518773537550     
   1.9009758763406950E-002   1.0406468291415736     
   2.2558041930044626E-002  0.99572921270959236     
   2.7528404685550796E-002   1.0403427337828817     
   3.2924170772707526E-002  0.97379004801207769     
   3.9583345139207964E-002   1.0332460920203672     
   4.8482283607784241E-002   1.0339480657964959     
   5.9214978228736552E-002  0.96919002859454495     
   7.2080521460213362E-002  0.99610255322784924     
   8.7419255034663218E-002   1.0362585901761197     
  0.10579667824952024        1.0934208661720339     
  0.12854808104919171       0.99917925284651898     
  0.15632078169124311        1.1448364967975098     
  0.18975741449582317        1.1087360760760754     
  0.23032868064044379        1.2315755321388735     
  0.27962368063317661        1.3375734544262352     
  0.33948762138704197        1.4198807928348898     
  0.41220775775346907        1.5280922919222821     
  0.50048824219328136        1.6440952147282335     
  0.60768816316668328        1.8074336521422978     
  0.73829232115333110        1.9648426500364748     
   6.2831853071800003E-003   1.1489644890428043     
   8.8857658763173177E-003   1.0530499603153127     
   1.0882796185406024E-002  0.61799895467706811     
   1.2566370614360001E-002   1.1913414749673121     
   1.4781066825642925E-002  0.98858407676537496     
   1.9009758763406950E-002   1.0458297412485937     
   2.2558041930044626E-002   1.0356581970794834     
   2.7528404685550796E-002   1.0362481656672899     
   3.2924170772707526E-002   1.0089537540131768     
   3.9583345139207964E-002  0.99654482489640006     
   4.8482283607784241E-002   1.0244063166541391     
   5.9214978228736552E-002   1.0009676200517161     
   7.2080521460213362E-002  0.99040402270105021     
   8.7419255034663218E-002   1.0258603266288102     
  0.10579667824952024        1.0659741347085516     
  0.12854808104919171       0.99462240059437090     
  0.15632078169124311        1.1197462939447667     
  0.18975741449582317        1.0824846308239899     
  0.23032868064044379        1.1980934151770519     
  0.27962368063317661        1.2785185441024569     
  0.33948762138704197        1.3401118192890291     
  0.41220775775346907        1.4423438793853449     
  0.50048824219328136        1.5531627832118904     
  0.60768816316668328        1.6303967438897671     
  0.73829232115333110        1.7021054466258725     
   6.2831853071800003E-003  0.85182040243573565     
   8.8857658763173177E-003   1.4169970061845061     
   1.0882796185406024E-002   1.1871548065332203     
   1.2566370614360001E-002  0.23955914238229734     
   1.4781066825642925E-002  0.94100219628381165     
   1.9009758763406950E-002   1.1341285238792140     
   2.2558041930044626E-002  0.94266320196345499     
   2.7528404685550796E-002   1.0688731902676232     
   3.2924170772707526E-002  0.99793395282649378     
   3.9583345139207964E-002   1.0687925653952051     
   4.8482283607784241E-002   1.0658229595400228     
   5.9214978228736552E-002  0.98783034745649678     
   7.2080521460213362E-002   1.0024567322151694     
   8.7419255034663218E-002  0.98929386196339675     
  0.10579667824952024        1.0311872751556399     
  0.12854808104919171       0.96377914305398860     
  0.15632078169124311        1.0850560522208916     
  0.18975741449582317        1.0283031503537097     
  0.23032868064044379        1.1445048030573950     
  0.27962368063317661        1.1756870069434617     
  0.33948762138704197        1.2634039211684498     
  0.41220775775346907        1.2838225835580286     
  0.50048824219328136        1.3594057281654657     
  0.60768816316668328        1.3848246568399003     
  0.73829232115333110        1.3085527907385026     
   6.2831853071800003E-003  0.90394550141258323     
   8.8857658763173177E-003  0.44583272625721210     
   1.0882796185406024E-002   1.1501837996329136     
   1.2566370614360001E-002  -6.9224512213272860E-002
   1.4781066825642925E-002   1.1332434119466388     
   1.9009758763406950E-002  0.97616020811351001     
   2.2558041930044626E-002   1.0711818871530818     
   2.7528404685550796E-002  0.97915854135219260     
   3.2924170772707526E-002   1.0056004011827495     
   3.9583345139207964E-002   1.0230005018689332     
   4.8482283607784241E-002  0.98436842568065308     
   5.9214978228736552E-002   1.0212321713370458     
   7.2080521460213362E-002   1.0399949528164976     
   8.7419255034663218E-002   1.0375973499122464     
  0.10579667824952024       0.98159563014984197     
  0.12854808104919171       0.87891837967606479     
  0.15632078169124311        1.0488378036592427     
  0.18975741449582317        1.0163094632099432     
  0.23032868064044379        1.0537725278490959     
  0.27962368063317661        1.1069649121812475     
  0.33948762138704197        1.0852036650790571     
  0.41220775775346907        1.0984788628715458     
  0.50048824219328136        1.1046843493484408     
  0.60768816316668328        1.1187464840705943     
  0.73829232115333110       0.93233590915149367     
   6.2831853071800003E-003   1.5863253293463726     
   8.8857658763173177E-003   1.0408818518960972     
   1.0882796185406024E-002   1.3075367924974666     
   1.2566370614360001E-002   2.5165119728818643     
   1.4781066825642925E-002   1.3515731139462974     
   1.9009758763406950E-002   1.0760886453772744     
   2.2558041930044626E-002   1.2320464546489003     
   2.7528404685550796E-002  0.98073793760372274     
   3.2924170772707526E-002   1.0459255583317761     
   3.9583345139207964E-002   1.0386284940442165     
   4.8482283607784241E-002  0.94281570227861222     
   5.9214978228736552E-002  0.95980376504805598     
   7.2080521460213362E-002  0.81627273116440935     
   8.7419255034663218E-002  0.93647156070334181     
  0.10579667824952024       0.93156125378654542     
  0.12854808104919171       0.81160589052798560     
  0.15632078169124311       0.89195563552552226     
  0.18975741449582317       0.87721453147559880     
  0.23032868064044379       0.89935247914354610     
  0.27962368063317661        1.0049622424357081     
  0.33948762138704197        1.0504077804496785     
  0.41220775775346907        1.0409527971895771     
  0.50048824219328136       0.98463986941336379     
  0.60768816316668328       0.85883477547190323     
  0.73829232115333110       0.68652369242617328     
   6.2831853071800003E-003   1.2069927308170729     
   8.8857658763173177E-003   2.4890565169478216     
   1.0882796185406024E-002   2.7149382994425277     
   1.2566370614360001E-002   5.2146994295717075     
   1.4781066825642925E-002  0.87817149848589549     
   1.9009758763406950E-002   1.6208912696447655     
   2.2558041930044626E-002  0.90647110733446346     
   2.7528404685550796E-002  0.67103181091840181     
   3.2924170772707526E-002   1.2702205675014082     
   3.9583345139207964E-002   1.0131730357441797     
   4.8482283607784241E-002  0.84994851384671943     
   5.9214978228736552E-002  0.78633135865540993     
   7.2080521460213362E-002  0.89754949660954098     
   8.7419255034663218E-002  0.62630637245181930     
  0.10579667824952024       0.82849506047537502     
  0.12854808104919171       0.65694427840558212     
  0.15632078169124311       0.80113139226995589     
  0.18975741449582317       0.74078833591658633     
  0.23032868064044379       0.80682632598922877     
  0.27962368063317661       0.76920778557716041     
  0.33948762138704197       0.81499556912039550     
  0.41220775775346907       0.72648165627015571     
  0.50048824219328136       0.58008935704408959     
  0.60768816316668328       0.42521560682391446     
  0.73829232115333110       0.58078097571276788     
   6.2831853071800003E-003  -4.9799090829905479     
   8.8857658763173177E-003 -0.97685510338024262     
   1.0882796185406024E-002  -1.2978491502182667     
   1.2566370614360001E-002  -7.0362122076599807     
   1.4781066825642925E-002   2.6806500047900848     
   1.9009758763406950E-002  0.70321668247307934     
   2.2558041930044626E-002   1.2976116191189386     
   2.7528404685550796E-002  0.64132421367580628     
   3.2924170772707526E-002   1.2989639823393062     
   3.9583345139207964E-002  0.74223329532600713     
   4.8482283607784241E-002  0.91498344234011086     
   5.9214978228736552E-002  0.69009930671113684     
   7.2080521460213362E-002   1.0795841101648380     
   8.7419255034663218E-002   1.2790579489134235     
  0.10579667824952024        1.1971632031561468     
  0.12854808104919171       0.86999635008311915     
  0.15632078169124311        1.5010631785140782     
  0.18975741449582317       0.72671107252136335     
  0.23032868064044379       0.87404031961494433     
  0.27962368063317661       0.95067157267102975     
  0.33948762138704197       0.63536713897008068     
  0.41220775775346907       0.73003179682340302     
  0.50048824219328136       0.75896810598777020     
  0.60768816316668328       0.45251862085430850     
  0.73829232115333110       -1.9717226225007305E-002
   6.2831853071800003E-003   1.0209362151254178     
   8.8857658763173177E-003   1.0166365512155864     
   1.0882796185406024E-002  0.67137951432077270     
   1.2566370614360001E-002   1.2505568860281417     
   1.4781066825642925E-002  0.96311671711371127     
   1.9009758763406950E-002   1.0701288356041210     
   2.2558041930044626E-002   1.0637777987140773     
   2.7528404685550796E-002   1.0268197569135633     
   3.2924170772707526E-002   1.0205311319413504     
   3.9583345139207964E-002  0.98770868026816294     
   4.8482283607784241E-002   1.0159395945196714     
   5.9214978228736552E-002  0.99929632808004043     
   7.2080521460213362E-002  0.98810190163833900     
   8.7419255034663218E-002   1.0132268500624406     
  0.10579667824952024        1.0551087885789361     
  0.12854808104919171       0.97601920888259219     
  0.15632078169124311        1.0996023045616550     
  0.18975741449582317        1.0471899942458005     
  0.23032868064044379        1.1557946099375649     
  0.27962368063317661        1.2511208787315218     
  0.33948762138704197        1.3281682516472020     
  0.41220775775346907        1.4526568477863706     
  0.50048824219328136        1.6005808514824915     
  0.60768816316668328        1.7949588543039174     
  0.73829232115333110        1.9994798627409134     
   6.2831853071800003E-003   1.1489644890428043     
   8.8857658763173177E-003   1.0530499603153127     
   1.0882796185406024E-002  0.61799895467706811     
   1.2566370614360001E-002   1.1913414749673121     
   1.4781066825642925E-002  0.98858407676537496     
   1.9009758763406950E-002   1.0458297412485937     
   2.2558041930044626E-002   1.0356581970794834     
   2.7528404685550796E-002   1.0362481656672899     
   3.2924170772707526E-002   1.0089537540131768     
   3.9583345139207964E-002  0.99654482489640006     
   4.8482283607784241E-002   1.0244063166541391     
   5.9214978228736552E-002   1.0009676200517161     
   7.2080521460213362E-002  0.99040402270105021     
   8.7419255034663218E-002   1.0258603266288102     
  0.10579667824952024        1.0659741347085516     
  0.12854808104919171       0.99462240059437090     
  0.15632078169124311        1.1197462939447667     
  0.18975741449582317        1.0824846308239899     
  0.23032868064044379        1.1980934151770519     
  0.27962368063317661        1.2785185441024569     
  0.33948762138704197        1.3401118192890291     
  0.41220775775346907        1.4423438793853449     
  0.50048824219328136        1.5531627832118904     
  0.60768816316668328        1.6303967438897671     
  0.73829232115333110        1.7021054466258725     
   6.2831853071800003E-003  0.98795780669693078     
   8.8857658763173177E-003   1.3116982541377196     
   1.0882796185406024E-002  0.41257933334083186     
   1.2566370614360001E-002   1.2000579282847355     
   1.4781066825642925E-002  0.94321078593876362     
   1.9009758763406950E-002   1.0021178210608088     
   2.2558041930044626E-002   1.0847148526805135     
   2.7528404685550796E-002   1.0251053418769527     
   3.2924170772707526E-002   1.0490039184903071     
   3.9583345139207964E-002  0.98425354135494192     
   4.8482283607784241E-002   1.0193995587013653     
   5.9214978228736552E-002   1.0265672788495843     
   7.2080521460213362E-002  0.99555540689639521     
   8.7419255034663218E-002   1.0636065922415554     
  0.10579667824952024        1.1047463604949759     
  0.12854808104919171        1.0506311838327413     
  0.15632078169124311        1.1699741359342426     
  0.18975741449582317        1.1125851169147019     
  0.23032868064044379        1.2249160452688912     
  0.27962368063317661        1.2825769727002310     
  0.33948762138704197        1.3537381338023635     
  0.41220775775346907        1.4213884599569337     
  0.50048824219328136        1.5094401267814610     
  0.60768816316668328        1.5065888955908393     
  0.73829232115333110        1.6154829827262958     
   6.2831853071800003E-003  0.82371511166831568     
   8.8857658763173177E-003   1.6555988304734877     
   1.0882796185406024E-002  0.89828607399193339     
   1.2566370614360001E-002  0.32935325413866573     
   1.4781066825642925E-002  0.92016120874533414     
   1.9009758763406950E-002   1.0509545215388050     
   2.2558041930044626E-002  0.92328538687046224     
   2.7528404685550796E-002   1.0873222420706681     
   3.2924170772707526E-002   1.0678152679894088     
   3.9583345139207964E-002   1.0313809464811672     
   4.8482283607784241E-002   1.0534373661397101     
   5.9214978228736552E-002   1.0183717877385428     
   7.2080521460213362E-002   1.0238627794658466     
   8.7419255034663218E-002  0.99756988970707305     
  0.10579667824952024        1.0849189277062710     
  0.12854808104919171        1.0499340226407441     
  0.15632078169124311        1.1523107334974718     
  0.18975741449582317        1.1014222654200132     
  0.23032868064044379        1.2570109812783545     
  0.27962368063317661        1.2830833097935270     
  0.33948762138704197        1.3493978165335030     
  0.41220775775346907        1.4237218587794020     
  0.50048824219328136        1.3952064581771895     
  0.60768816316668328        1.4336897275022320     
  0.73829232115333110        1.3279701623121640     
   6.2831853071800003E-003   1.0455906969936917     
   8.8857658763173177E-003  0.44318595229633706     
   1.0882796185406024E-002  0.91843404983063426     
   1.2566370614360001E-002  0.64314917585799702     
   1.4781066825642925E-002   1.1890933911634380     
   1.9009758763406950E-002  0.90825064716760873     
   2.2558041930044626E-002   1.1180348139630509     
   2.7528404685550796E-002  0.95312767093308270     
   3.2924170772707526E-002   1.0198611476184531     
   3.9583345139207964E-002   1.0919129549851891     
   4.8482283607784241E-002  0.94446705909091211     
   5.9214978228736552E-002   1.0190788707752501     
   7.2080521460213362E-002   1.0886788182224763     
   8.7419255034663218E-002   1.1009380201233796     
  0.10579667824952024        1.0457533478681993     
  0.12854808104919171       0.99213770526368794     
  0.15632078169124311        1.1586043036123275     
  0.18975741449582317        1.0831487232692674     
  0.23032868064044379        1.2029533448017298     
  0.27962368063317661        1.2366545007062038     
  0.33948762138704197        1.2143233105861559     
  0.41220775775346907        1.1736813740944541     
  0.50048824219328136        1.0351106305829880     
  0.60768816316668328       0.90138254661643880     
  0.73829232115333110       0.72418351006566062     
   6.2831853071800003E-003   1.0815078764414896     
   8.8857658763173177E-003  0.84311543838145486     
   1.0882796185406024E-002  0.50697817290907432     
   1.2566370614360001E-002   3.3245665919273191     
   1.4781066825642925E-002   1.1595219812110900     
   1.9009758763406950E-002  0.93561952456924657     
   2.2558041930044626E-002   1.3787071956217507     
   2.7528404685550796E-002   1.0173230476198705     
   3.2924170772707526E-002   1.0948086879871906     
   3.9583345139207964E-002   1.0797755526710808     
   4.8482283607784241E-002  0.93979116821050745     
   5.9214978228736552E-002  0.93864747107353208     
   7.2080521460213362E-002  0.89499539396383621     
   8.7419255034663218E-002  0.86038883745277450     
  0.10579667824952024       0.97332719804460843     
  0.12854808104919171       0.77672149681480174     
  0.15632078169124311       0.82536165119429228     
  0.18975741449582317       0.89870460161510635     
  0.23032868064044379       0.89484065702563642     
  0.27962368063317661        1.0055085486157676     
  0.33948762138704197       0.91530096856640053     
  0.41220775775346907       0.87047193533610057     
  0.50048824219328136       0.65693784712983505     
  0.60768816316668328       0.29707689826895567     
  0.73829232115333110       -2.2102522611892200E-002
   6.2831853071800003E-003  0.42902533019091055     
   8.8857658763173177E-003   2.2160687246191508     
   1.0882796185406024E-002   2.6092929894545822     
   1.2566370614360001E-002   5.1784616278104121     
   1.4781066825642925E-002  0.95171799115884925     
   1.9009758763406950E-002   1.2159207837457753     
   2.2558041930044626E-002   1.1219431434943792     
   2.7528404685550796E-002  0.63500283860452278     
   3.2924170772707526E-002   1.4499265195814171     
   3.9583345139207964E-002  0.99650147755848673     
   4.8482283607784241E-002  0.48926753850053883     
   5.9214978228736552E-002  0.89048532291480120     
   7.2080521460213362E-002   1.1476331904421491     
   8.7419255034663218E-002  0.74715000357973971     
  0.10579667824952024       0.71592759671462303     
  0.12854808104919171       0.87238924130785267     
  0.15632078169124311       0.65477590461440960     
  0.18975741449582317       0.80679058461563735     
  0.23032868064044379       0.77774417665869588     
  0.27962368063317661       0.85484530362022360     
  0.33948762138704197       0.79984998172970323     
  0.41220775775346907       0.77478945684383982     
  0.50048824219328136       0.62890704815198062     
  0.60768816316668328       0.35931992019884418     
  0.73829232115333110       0.36536695377359740     
   6.2831853071800003E-003  -3.6373650873199730     
   8.8857658763173177E-003  -1.2404100290165294     
   1.0882796185406024E-002 -0.43225614293091680     
   1.2566370614360001E-002  -12.311015250646362     
   1.4781066825642925E-002   2.2774318775701361     
   1.9009758763406950E-002   1.1548125820211774     
   2.2558041930044626E-002  0.31327512420334686     
   2.7528404685550796E-002  0.95687229361833059     
   3.2924170772707526E-002   1.6514587213222796     
   3.9583345139207964E-002  0.60591208139168939     
   4.8482283607784241E-002  0.80331079231139313     
   5.9214978228736552E-002  0.76327808036599532     
   7.2080521460213362E-002   1.1846927926285249     
   8.7419255034663218E-002   1.2052483563883021     
  0.10579667824952024        1.1428443688644505     
  0.12854808104919171       0.96625853948991924     
  0.15632078169124311        1.4790188635972434     
  0.18975741449582317       0.46417662266773524     
  0.23032868064044379        1.3429624409922472     
  0.27962368063317661       0.80870711710983223     
  0.33948762138704197       0.51800229169338308     
  0.41220775775346907       0.19824075681577949     
  0.50048824219328136      -0.44489953701078433     
  0.60768816316668328      -0.42310255429480559     
  0.73829232115333110        2.1717663801581168     
   6.2831853071800003E-003  0.74606174931020486     
   8.8857658763173177E-003   1.3392816536511531     
   1.0882796185406024E-002   1.2206100533814808     
   1.2566370614360001E-002  0.50856208081137444     
   1.4781066825642925E-002  0.89580224413817344     
   1.9009758763406950E-002   1.1384107231936849     
   2.2558041930044626E-002  0.95958312405688073     
   2.7528404685550796E-002   1.0504018182574519     
   3.2924170772707526E-002   1.0062206077642211     
   3.9583345139207964E-002   1.0364026182925796     
   4.8482283607784241E-002   1.0648265668643300     
   5.9214978228736552E-002  0.99762204699067114     
   7.2080521460213362E-002  0.99831175754991985     
   8.7419255034663218E-002  0.97027433136888863     
  0.10579667824952024        1.0290998642894806     
  0.12854808104919171       0.95556373033212494     
  0.15632078169124311        1.0845340495596274     
  0.18975741449582317        1.0527531331379805     
  0.23032868064044379        1.1588465082942421     
  0.27962368063317661        1.2388760587057330     
  0.33948762138704197        1.3586608797842747     
  0.41220775775346907        1.4818585027634557     
  0.50048824219328136        1.6562345162432786     
  0.60768816316668328        1.8447508685954483     
  0.73829232115333110        2.0306615598853655     
   6.2831853071800003E-003  0.85182040243573565     
   8.8857658763173177E-003   1.4169970061845061     
   1.0882796185406024E-002   1.1871548065332203     
   1.2566370614360001E-002  0.23955914238229734     
   1.4781066825642925E-002  0.94100219628381165     
   1.9009758763406950E-002   1.1341285238792140     
   2.2558041930044626E-002  0.94266320196345499     
   2.7528404685550796E-002   1.0688731902676232     
   3.2924170772707526E-002  0.99793395282649378     
   3.9583345139207964E-002   1.0687925653952051     
   4.8482283607784241E-002   1.0658229595400228     
   5.9214978228736552E-002  0.98783034745649678     
   7.2080521460213362E-002   1.0024567322151694     
   8.7419255034663218E-002  0.98929386196339675     
  0.10579667824952024        1.0311872751556399     
  0.12854808104919171       0.96377914305398860     
  0.15632078169124311        1.0850560522208916     
  0.18975741449582317        1.0283031503537097     
  0.23032868064044379        1.1445048030573950     
  0.27962368063317661        1.1756870069434617     
  0.33948762138704197        1.2634039211684498     
  0.41220775775346907        1.2838225835580286     
  0.50048824219328136        1.3594057281654657     
  0.60768816316668328        1.3848246568399003     
  0.73829232115333110        1.3085527907385026     
   6.2831853071800003E-003  0.82371511166831568     
   8.8857658763173177E-003   1.6555988304734877     
   1.0882796185406024E-002  0.89828607399193339     
   1.2566370614360001E-002  0.32935325413866573     
   1.4781066825642925E-002  0.92016120874533414     
   1.9009758763406950E-002   1.0509545215388050     
   2.2558041930044626E-002  0.92328538687046224     
   2.7528404685550796E-002   1.0873222420706681     
   3.2924170772707526E-002   1.0678152679894088     
   3.9583345139207964E-002   1.0313809464811672     
   4.8482283607784241E-002   1.0534373661397101     
   5.9214978228736552E-002   1.0183717877385428     
   7.2080521460213362E-002   1.0238627794658466     
   8.7419255034663218E-002  0.99756988970707305     
  0.10579667824952024        1.0849189277062710     
  0.12854808104919171        1.0499340226407441     
  0.15632078169124311        1.1523107334974718     
  0.18975741449582317        1.1014222654200132     
  0.23032868064044379        1.2570109812783545     
  0.27962368063317661        1.2830833097935270     
  0.33948762138704197        1.3493978165335030     
  0.41220775775346907        1.4237218587794020     
  0.50048824219328136        1.3952064581771895     
  0.60768816316668328        1.4336897275022320     
  0.73829232115333110        1.3279701623121640     
   6.2831853071800003E-003 -0.11459104550125519     
   8.8857658763173177E-003   1.8035149628912583     
   1.0882796185406024E-002   1.2792479436403550     
   1.2566370614360001E-002  -4.9056028056879419E-003
   1.4781066825642925E-002  0.69068124292120014     
   1.9009758763406950E-002   1.0839885875028246     
   2.2558041930044626E-002  0.72246710005907522     
   2.7528404685550796E-002  0.93418430042024003     
   3.2924170772707526E-002  0.96692440868517382     
   3.9583345139207964E-002   1.0617388478109546     
   4.8482283607784241E-002   1.1127785372932655     
   5.9214978228736552E-002   1.0027483236813386     
   7.2080521460213362E-002   1.0121521350262765     
   8.7419255034663218E-002  0.85730374974078560     
  0.10579667824952024        1.1126183202522042     
  0.12854808104919171        1.0004912203308212     
  0.15632078169124311        1.1742008241284858     
  0.18975741449582317        1.1351389846437749     
  0.23032868064044379        1.2037821716778019     
  0.27962368063317661        1.1562232433470649     
  0.33948762138704197        1.3016806378785302     
  0.41220775775346907        1.1601424252567265     
  0.50048824219328136        1.3209857357841179     
  0.60768816316668328        1.2039345519818687     
  0.73829232115333110        1.3647914372527026     
   6.2831853071800003E-003  -8.1902045789110020E-004
   8.8857658763173177E-003  0.75083139237019392     
   1.0882796185406024E-002   1.3654238085085444     
   1.2566370614360001E-002   1.2125844736290692     
   1.4781066825642925E-002  0.94126269450803646     
   1.9009758763406950E-002  0.79030145452903933     
   2.2558041930044626E-002  0.87723809021136290     
   2.7528404685550796E-002  0.94286933279338148     
   3.2924170772707526E-002   1.0036046548063038     
   3.9583345139207964E-002   1.0087391165167776     
   4.8482283607784241E-002   1.0393805072789408     
   5.9214978228736552E-002   1.0198060273058029     
   7.2080521460213362E-002   1.0749414031839768     
   8.7419255034663218E-002   1.0576843284723110     
  0.10579667824952024       0.97889649704562698     
  0.12854808104919171        1.0723749232460094     
  0.15632078169124311        1.3312888225604438     
  0.18975741449582317        1.1141902087488356     
  0.23032868064044379        1.2680982166255041     
  0.27962368063317661        1.1987444420849092     
  0.33948762138704197        1.1022663056039481     
  0.41220775775346907        1.1908578160070535     
  0.50048824219328136        1.0678518487328525     
  0.60768816316668328       0.86062929654967901     
  0.73829232115333110       0.87031316851789309     
   6.2831853071800003E-003  0.99532890320529299     
   8.8857658763173177E-003   1.8997200432332961     
   1.0882796185406024E-002   1.7803606525916693     
   1.2566370614360001E-002  0.94057529883822810     
   1.4781066825642925E-002  0.89795705398795567     
   1.9009758763406950E-002  0.80740703715442419     
   2.2558041930044626E-002   1.0413138708254583     
   2.7528404685550796E-002   1.1300443784681691     
   3.2924170772707526E-002   1.0415280467754224     
   3.9583345139207964E-002   1.0185413666325212     
   4.8482283607784241E-002   1.0173120653783165     
   5.9214978228736552E-002   1.0162311266492630     
   7.2080521460213362E-002  0.86390243997306859     
   8.7419255034663218E-002  0.88649282415630448     
  0.10579667824952024        1.1160063537485856     
  0.12854808104919171       0.93095851034939769     
  0.15632078169124311       0.97145492762363883     
  0.18975741449582317       0.96006607342434591     
  0.23032868064044379        1.1493692117005221     
  0.27962368063317661       0.87451513775611367     
  0.33948762138704197        1.0036263334349593     
  0.41220775775346907        1.1899851078748058     
  0.50048824219328136       0.92000452541101641     
  0.60768816316668328       0.47349812036869637     
  0.73829232115333110       0.49553092405081778     
   6.2831853071800003E-003 -0.74406702448295192     
   8.8857658763173177E-003   2.8041986378037680     
   1.0882796185406024E-002   4.2870744641511003     
   1.2566370614360001E-002  0.73028312834693221     
   1.4781066825642925E-002  0.74257559807162143     
   1.9009758763406950E-002   1.7382319477960753     
   2.2558041930044626E-002   1.1061236215145689     
   2.7528404685550796E-002  0.69960999988091166     
   3.2924170772707526E-002   1.2002944870074927     
   3.9583345139207964E-002   1.1241013425273088     
   4.8482283607784241E-002  0.94731496033813656     
   5.9214978228736552E-002  0.83454836185718517     
   7.2080521460213362E-002  0.75171199072770323     
   8.7419255034663218E-002  0.59389235226678694     
  0.10579667824952024       0.66730381089026913     
  0.12854808104919171       0.46363583624527693     
  0.15632078169124311       0.62013824758771918     
  0.18975741449582317       0.46859763558596179     
  0.23032868064044379       0.58996522232984749     
  0.27962368063317661       0.78863726984242966     
  0.33948762138704197        1.0995795740143268     
  0.41220775775346907       0.18729322591119396     
  0.50048824219328136       0.15109283183606628     
  0.60768816316668328      -0.21703494972064913     
  0.73829232115333110      -0.74968254977247106     
   6.2831853071800003E-003  -1.1647595484192534     
   8.8857658763173177E-003  0.61436435788264099     
   1.0882796185406024E-002  -7.6433454709539115E-003
   1.2566370614360001E-002 -0.90126391828591268     
   1.4781066825642925E-002  0.94755601894516217     
   1.9009758763406950E-002  0.48201659165336885     
   2.2558041930044626E-002  0.72836293682503039     
   2.7528404685550796E-002  0.70442232906312641     
   3.2924170772707526E-002  0.85364542105676766     
   3.9583345139207964E-002  0.74653513373769576     
   4.8482283607784241E-002   1.1054127618509331     
   5.9214978228736552E-002   1.3859516288363944     
   7.2080521460213362E-002   1.2475064564546392     
   8.7419255034663218E-002   1.3442583763172451     
  0.10579667824952024        1.5767505817103191     
  0.12854808104919171        1.0794408128633310     
  0.15632078169124311        1.9426939239858061     
  0.18975741449582317        1.9983999010074589     
  0.23032868064044379        2.1016770653059895     
  0.27962368063317661        2.3624772612335310     
  0.33948762138704197        2.0482476815726209     
  0.41220775775346907        1.1398152057746298     
  0.50048824219328136        1.0034158262033135     
  0.60768816316668328        4.0170053259520291E-002
  0.73829232115333110        4.5678731458129104E-002
   6.2831853071800003E-003  0.66815307109185673     
   8.8857658763173177E-003  0.54664695810227548     
   1.0882796185406024E-002   1.3042765164769718     
   1.2566370614360001E-002  0.44276935313378041     
   1.4781066825642925E-002   1.1682793762078887     
   1.9009758763406950E-002  0.99820070698036678     
   2.2558041930044626E-002   1.0902856588789693     
   2.7528404685550796E-002   1.0244249964123926     
   3.2924170772707526E-002   1.0167768721986805     
   3.9583345139207964E-002   1.0441971427191057     
   4.8482283607784241E-002   1.0446686834140322     
   5.9214978228736552E-002   1.0681264483882398     
   7.2080521460213362E-002   1.1016792146606116     
   8.7419255034663218E-002   1.0804899170282587     
  0.10579667824952024        1.0322386934437227     
  0.12854808104919171       0.96213289930761103     
  0.15632078169124311        1.1433403639954467     
  0.18975741449582317        1.1014400584060315     
  0.23032868064044379        1.2229792232960912     
  0.27962368063317661        1.3165900382389490     
  0.33948762138704197        1.4105399814327695     
  0.41220775775346907        1.5810082190756225     
  0.50048824219328136        1.7493810961044201     
  0.60768816316668328        1.9324805132429816     
  0.73829232115333110        2.0214008702715494     
   6.2831853071800003E-003  0.90394550141258323     
   8.8857658763173177E-003  0.44583272625721210     
   1.0882796185406024E-002   1.1501837996329136     
   1.2566370614360001E-002  -6.9224512213272860E-002
   1.4781066825642925E-002   1.1332434119466388     
   1.9009758763406950E-002  0.97616020811351001     
   2.2558041930044626E-002   1.0711818871530818     
   2.7528404685550796E-002  0.97915854135219260     
   3.2924170772707526E-002   1.0056004011827495     
   3.9583345139207964E-002   1.0230005018689332     
   4.8482283607784241E-002  0.98436842568065308     
   5.9214978228736552E-002   1.0212321713370458     
   7.2080521460213362E-002   1.0399949528164976     
   8.7419255034663218E-002   1.0375973499122464     
  0.10579667824952024       0.98159563014984197     
  0.12854808104919171       0.87891837967606479     
  0.15632078169124311        1.0488378036592427     
  0.18975741449582317        1.0163094632099432     
  0.23032868064044379        1.0537725278490959     
  0.27962368063317661        1.1069649121812475     
  0.33948762138704197        1.0852036650790571     
  0.41220775775346907        1.0984788628715458     
  0.50048824219328136        1.1046843493484408     
  0.60768816316668328        1.1187464840705943     
  0.73829232115333110       0.93233590915149367     
   6.2831853071800003E-003   1.0455906969936917     
   8.8857658763173177E-003  0.44318595229633706     
   1.0882796185406024E-002  0.91843404983063426     
   1.2566370614360001E-002  0.64314917585799702     
   1.4781066825642925E-002   1.1890933911634380     
   1.9009758763406950E-002  0.90825064716760873     
   2.2558041930044626E-002   1.1180348139630509     
   2.7528404685550796E-002  0.95312767093308270     
   3.2924170772707526E-002   1.0198611476184531     
   3.9583345139207964E-002   1.0919129549851891     
   4.8482283607784241E-002  0.94446705909091211     
   5.9214978228736552E-002   1.0190788707752501     
   7.2080521460213362E-002   1.0886788182224763     
   8.7419255034663218E-002   1.1009380201233796     
  0.10579667824952024        1.0457533478681993     
  0.12854808104919171       0.99213770526368794     
  0.15632078169124311        1.1586043036123275     
  0.18975741449582317        1.0831487232692674     
  0.23032868064044379        1.2029533448017298     
  0.27962368063317661        1.2366545007062038     
  0.33948762138704197        1.2143233105861559     
  0.41220775775346907        1.1736813740944541     
  0.50048824219328136        1.0351106305829880     
  0.60768816316668328       0.90138254661643880     
  0.73829232115333110       0.72418351006566062     
   6.2831853071800003E-003  -8.1902045789110020E-004
   8.8857658763173177E-003  0.75083139237019392     
   1.0882796185406024E-002   1.3654238085085444     
   1.2566370614360001E-002   1.2125844736290692     
   1.4781066825642925E-002  0.94126269450803646     
   1.9009758763406950E-002  0.79030145452903933     
   2.2558041930044626E-002  0.87723809021136290     
   2.7528404685550796E-002  0.94286933279338148     
   3.2924170772707526E-002   1.0036046548063038     
   3.9583345139207964E-002   1.0087391165167776     
   4.8482283607784241E-002   1.0393805072789408     
   5.9214978228736552E-002   1.0198060273058029     
   7.2080521460213362E-002   1.0749414031839768     
   8.7419255034663218E-002   1.0576843284723110     
  0.10579667824952024       0.97889649704562698     
  0.12854808104919171        1.0723749232460094     
  0.15632078169124311        1.3312888225604438     
  0.18975741449582317        1.1141902087488356     
  0.23032868064044379        1.2680982166255041     
  0.27962368063317661        1.1987444420849092     
  0.33948762138704197        1.1022663056039481     
  0.41220775775346907        1.1908578160070535     
  0.50048824219328136        1.0678518487328525     
  0.60768816316668328       0.86062929654967901     
  0.73829232115333110       0.87031316851789309     
   6.2831853071800003E-003  0.44801496349439268     
   8.8857658763173177E-003  -8.0481109451601751E-002
   1.0882796185406024E-002   1.2202883396522861     
   1.2566370614360001E-002   1.8496175417145659     
   1.4781066825642925E-002   1.2466610965843732     
   1.9009758763406950E-002  0.67520689795865252     
   2.2558041930044626E-002  0.66233150443928368     
   2.7528404685550796E-002  0.76967739547710567     
   3.2924170772707526E-002  0.77085977740487699     
   3.9583345139207964E-002  0.95591525685297529     
   4.8482283607784241E-002   1.0948981644321620     
   5.9214978228736552E-002   1.2399834961683036     
   7.2080521460213362E-002   1.1295064998930857     
   8.7419255034663218E-002   1.0695462911260547     
  0.10579667824952024        1.1484398019684470     
  0.12854808104919171       0.95624917279055544     
  0.15632078169124311        1.4410951168321517     
  0.18975741449582317        1.2082189373703467     
  0.23032868064044379        1.2889701971158074     
  0.27962368063317661        1.2117847580259566     
  0.33948762138704197        1.2793107721589900     
  0.41220775775346907        1.3213252464111804     
  0.50048824219328136        1.3371143719967058     
  0.60768816316668328        1.7506278411600487     
  0.73829232115333110        2.7890935413275155     
   6.2831853071800003E-003  0.29507965663186214     
   8.8857658763173177E-003 -0.48308303418879855     
   1.0882796185406024E-002  0.99680417991087944     
   1.2566370614360001E-002   1.4412446288109633     
   1.4781066825642925E-002   1.2175891204394182     
   1.9009758763406950E-002  0.56039145410218971     
   2.2558041930044626E-002  0.97542851030789623     
   2.7528404685550796E-002  0.96533870558086377     
   3.2924170772707526E-002  0.84593822782801398     
   3.9583345139207964E-002   1.1718845030444887     
   4.8482283607784241E-002  0.95425639403252216     
   5.9214978228736552E-002  0.91113398377809396     
   7.2080521460213362E-002   1.2520007088069407     
   8.7419255034663218E-002   1.0140894217294429     
  0.10579667824952024        1.0882042462259072     
  0.12854808104919171       0.90032781380277271     
  0.15632078169124311       0.99013600219368381     
  0.18975741449582317        1.0346036002069758     
  0.23032868064044379       0.97263740985939628     
  0.27962368063317661       0.86020327907492811     
  0.33948762138704197       0.84164095417532769     
  0.41220775775346907       0.87256701727022334     
  0.50048824219328136       0.53492673468413876     
  0.60768816316668328       0.57836213263574676     
  0.73829232115333110       0.91663364868191977     
   6.2831853071800003E-003   3.6271075216372650     
   8.8857658763173177E-003   2.0195610510860038     
   1.0882796185406024E-002   2.3542728063220406     
   1.2566370614360001E-002  -1.0264394641702443     
   1.4781066825642925E-002   1.6140481538355020     
   1.9009758763406950E-002  0.30691864718526318     
   2.2558041930044626E-002   1.3539360303600365     
   2.7528404685550796E-002  0.63908576720174837     
   3.2924170772707526E-002   1.0890986668892750     
   3.9583345139207964E-002  0.62677251079623342     
   4.8482283607784241E-002  0.95613410777209484     
   5.9214978228736552E-002  0.59340640554823854     
   7.2080521460213362E-002   1.2028883476616186     
   8.7419255034663218E-002  0.65978390012527632     
  0.10579667824952024        1.3072886684435807     
  0.12854808104919171       0.83405523282813865     
  0.15632078169124311        1.3384753319108094     
  0.18975741449582317        1.7933451241814251     
  0.23032868064044379        2.0582850154521828     
  0.27962368063317661        2.1651601421516742     
  0.33948762138704197        2.7985721790618134     
  0.41220775775346907        2.6118231067234019     
  0.50048824219328136        2.8426228970114922     
  0.60768816316668328        1.9141265559002951     
  0.73829232115333110       0.74089613946928556     
   6.2831853071800003E-003  -1.4298287595487735     
   8.8857658763173177E-003   4.6081859597894148     
   1.0882796185406024E-002  -1.9230290780453820     
   1.2566370614360001E-002  -7.5808933387514337     
   1.4781066825642925E-002   2.6135826462415035     
   1.9009758763406950E-002 -0.48247721561583073     
   2.2558041930044626E-002   1.5085342714436347     
   2.7528404685550796E-002  0.47504900353072688     
   3.2924170772707526E-002  0.14141070258959115     
   3.9583345139207964E-002  -2.9101790602923130E-003
   4.8482283607784241E-002   1.1113587191433334     
   5.9214978228736552E-002   1.1732676120052641     
   7.2080521460213362E-002  0.49383135999569633     
   8.7419255034663218E-002   1.7014529830448488     
  0.10579667824952024       0.80042117222306519     
  0.12854808104919171        1.1041559445569327     
  0.15632078169124311        1.6163241363848184     
  0.18975741449582317        1.1476591499365392     
  0.23032868064044379        1.2495121941079370     
  0.27962368063317661       -9.2222437547860359E-002
  0.33948762138704197        6.7802962572121664E-003
  0.41220775775346907        9.3189195844077324E-003
  0.50048824219328136       0.70973073681667964     
  0.60768816316668328       -2.4313506797754356     
  0.73829232115333110       -2.8518089583423190     
   6.2831853071800003E-003   1.4167318954668364     
   8.8857658763173177E-003  0.84894781267454023     
   1.0882796185406024E-002   1.2696981784885748     
   1.2566370614360001E-002   2.7163930596648447     
   1.4781066825642925E-002   1.2352534340804415     
   1.9009758763406950E-002   1.0031807090775904     
   2.2558041930044626E-002   1.2516711118863921     
   2.7528404685550796E-002   1.0607844462894598     
   3.2924170772707526E-002   1.0976970982723597     
   3.9583345139207964E-002   1.0130841787311902     
   4.8482283607784241E-002  0.91472785463610540     
   5.9214978228736552E-002  0.95682968107638944     
   7.2080521460213362E-002  0.85859426776739656     
   8.7419255034663218E-002  0.93636936838740004     
  0.10579667824952024       0.98822515370683484     
  0.12854808104919171       0.87691999673259091     
  0.15632078169124311       0.95434455922428274     
  0.18975741449582317       0.99760161387121760     
  0.23032868064044379        1.1033178516775910     
  0.27962368063317661        1.1999506825557300     
  0.33948762138704197        1.2997180871409344     
  0.41220775775346907        1.4491552269704793     
  0.50048824219328136        1.6026780783373116     
  0.60768816316668328        1.5445642009779306     
  0.73829232115333110        1.5561212844915688     
   6.2831853071800003E-003   1.5863253293463726     
   8.8857658763173177E-003   1.0408818518960972     
   1.0882796185406024E-002   1.3075367924974666     
   1.2566370614360001E-002   2.5165119728818643     
   1.4781066825642925E-002   1.3515731139462974     
   1.9009758763406950E-002   1.0760886453772744     
   2.2558041930044626E-002   1.2320464546489003     
   2.7528404685550796E-002  0.98073793760372274     
   3.2924170772707526E-002   1.0459255583317761     
   3.9583345139207964E-002   1.0386284940442165     
   4.8482283607784241E-002  0.94281570227861222     
   5.9214978228736552E-002  0.95980376504805598     
   7.2080521460213362E-002  0.81627273116440935     
   8.7419255034663218E-002  0.93647156070334181     
  0.10579667824952024       0.93156125378654542     
  0.12854808104919171       0.81160589052798560     
  0.15632078169124311       0.89195563552552226     
  0.18975741449582317       0.87721453147559880     
  0.23032868064044379       0.89935247914354610     
  0.27962368063317661        1.0049622424357081     
  0.33948762138704197        1.0504077804496785     
  0.41220775775346907        1.0409527971895771     
  0.50048824219328136       0.98463986941336379     
  0.60768816316668328       0.85883477547190323     
  0.73829232115333110       0.68652369242617328     
   6.2831853071800003E-003   1.0815078764414896     
   8.8857658763173177E-003  0.84311543838145486     
   1.0882796185406024E-002  0.50697817290907432     
   1.2566370614360001E-002   3.3245665919273191     
   1.4781066825642925E-002   1.1595219812110900     
   1.9009758763406950E-002  0.93561952456924657     
   2.2558041930044626E-002   1.3787071956217507     
   2.7528404685550796E-002   1.0173230476198705     
   3.2924170772707526E-002   1.0948086879871906     
   3.9583345139207964E-002   1.0797755526710808     
   4.8482283607784241E-002  0.93979116821050745     
   5.9214978228736552E-002  0.93864747107353208     
   7.2080521460213362E-002  0.89499539396383621     
   8.7419255034663218E-002  0.86038883745277450     
  0.10579667824952024       0.97332719804460843     
  0.12854808104919171       0.77672149681480174     
  0.15632078169124311       0.82536165119429228     
  0.18975741449582317       0.89870460161510635     
  0.23032868064044379       0.89484065702563642     
  0.27962368063317661        1.0055085486157676     
  0.33948762138704197       0.91530096856640053     
  0.41220775775346907       0.87047193533610057     
  0.50048824219328136       0.65693784712983505     
  0.60768816316668328       0.29707689826895567     
  0.73829232115333110       -2.2102522611892200E-002
   6.2831853071800003E-003  0.99532890320529299     
   8.8857658763173177E-003   1.8997200432332961     
   1.0882796185406024E-002   1.7803606525916693     
   1.2566370614360001E-002  0.94057529883822810     
   1.4781066825642925E-002  0.89795705398795567     
   1.9009758763406950E-002  0.80740703715442419     
   2.2558041930044626E-002   1.0413138708254583     
   2.7528404685550796E-002   1.1300443784681691     
   3.2924170772707526E-002   1.0415280467754224     
   3.9583345139207964E-002   1.0185413666325212     
   4.8482283607784241E-002   1.0173120653783165     
   5.9214978228736552E-002   1.0162311266492630     
   7.2080521460213362E-002  0.86390243997306859     
   8.7419255034663218E-002  0.88649282415630448     
  0.10579667824952024        1.1160063537485856     
  0.12854808104919171       0.93095851034939769     
  0.15632078169124311       0.97145492762363883     
  0.18975741449582317       0.96006607342434591     
  0.23032868064044379        1.1493692117005221     
  0.27962368063317661       0.87451513775611367     
  0.33948762138704197        1.0036263334349593     
  0.41220775775346907        1.1899851078748058     
  0.50048824219328136       0.92000452541101641     
  0.60768816316668328       0.47349812036869637     
  0.73829232115333110       0.49553092405081778     
   6.2831853071800003E-003  0.29507965663186214     
   8.8857658763173177E-003 -0.48308303418879855     
   1.0882796185406024E-002  0.99680417991087944     
   1.2566370614360001E-002   1.4412446288109633     
   1.4781066825642925E-002   1.2175891204394182     
   1.9009758763406950E-002  0.56039145410218971     
   2.2558041930044626E-002  0.97542851030789623     
   2.7528404685550796E-002  0.96533870558086377     
   3.2924170772707526E-002  0.84593822782801398     
   3.9583345139207964E-002   1.1718845030444887     
   4.8482283607784241E-002  0.95425639403252216     
   5.9214978228736552E-002  0.91113398377809396     
   7.2080521460213362E-002   1.2520007088069407     
   8.7419255034663218E-002   1.0140894217294429     
  0.10579667824952024        1.0882042462259072     
  0.12854808104919171       0.90032781380277271     
  0.15632078169124311       0.99013600219368381     
  0.18975741449582317        1.0346036002069758     
  0.23032868064044379       0.97263740985939628     
  0.27962368063317661       0.86020327907492811     
  0.33948762138704197       0.84164095417532769     
  0.41220775775346907       0.87256701727022334     
  0.50048824219328136       0.53492673468413876     
  0.60768816316668328       0.57836213263574676     
  0.73829232115333110       0.91663364868191977     
   6.2831853071800003E-003  -2.4050429634430177     
   8.8857658763173177E-003   1.5172828568771726     
   1.0882796185406024E-002  0.75817240534723729     
   1.2566370614360001E-002   2.6894662341110180     
   1.4781066825642925E-002   1.0235524358527877     
   1.9009758763406950E-002   1.1934766201561446     
   2.2558041930044626E-002   1.0933757327414011     
   2.7528404685550796E-002  0.85512538445348185     
   3.2924170772707526E-002   1.5050240385904712     
   3.9583345139207964E-002  0.44674047289389590     
   4.8482283607784241E-002   1.1137816531666767     
   5.9214978228736552E-002  0.96778234743417879     
   7.2080521460213362E-002  0.81581126518664937     
   8.7419255034663218E-002  0.78627108002265667     
  0.10579667824952024       0.94873603419773034     
  0.12854808104919171       0.30534170745401074     
  0.15632078169124311       0.46712818893205477     
  0.18975741449582317       0.24945583564222276     
  0.23032868064044379        5.3686470439357509E-002
  0.27962368063317661       0.55600652216618518     
  0.33948762138704197      -0.16861993327976701     
  0.41220775775346907      -0.67410873912557401     
  0.50048824219328136      -0.65325915648208299     
  0.60768816316668328        1.6111271681073818     
  0.73829232115333110        5.9364315248921837     
   6.2831853071800003E-003   1.8456705864336682     
   8.8857658763173177E-003   1.9076705973626980     
   1.0882796185406024E-002   2.6828422728942782     
   1.2566370614360001E-002   8.6660000095576297     
   1.4781066825642925E-002   1.8455923132952972     
   1.9009758763406950E-002   1.1867655293628629     
   2.2558041930044626E-002  0.60171198335887055     
   2.7528404685550796E-002 -0.19052504547456861     
   3.2924170772707526E-002   1.3056119102555517     
   3.9583345139207964E-002  0.45559424033101814     
   4.8482283607784241E-002  0.61911485816603262     
   5.9214978228736552E-002  0.95906935832017892     
   7.2080521460213362E-002  0.65920133811444059     
   8.7419255034663218E-002  0.72114742548275312     
  0.10579667824952024       0.59828885849537272     
  0.12854808104919171       0.84746202656795988     
  0.15632078169124311       0.81495710775326446     
  0.18975741449582317        1.3331721954103657     
  0.23032868064044379        1.4731203522266689     
  0.27962368063317661        1.0128367029433099     
  0.33948762138704197       0.89178787115524816     
  0.41220775775346907        1.2283497431341082     
  0.50048824219328136        1.7028921215462256     
  0.60768816316668328        2.8454941961348670     
  0.73829232115333110        3.8608650119795351     
   6.2831853071800003E-003  -8.3674267755566234     
   8.8857658763173177E-003  -7.2771384719663060E-002
   1.0882796185406024E-002   1.7639837384763219     
   1.2566370614360001E-002  -23.879441086193932     
   1.4781066825642925E-002   3.0098247524430510     
   1.9009758763406950E-002   1.3520322958973505     
   2.2558041930044626E-002  -1.1902134911627060     
   2.7528404685550796E-002  0.41937369050028028     
   3.2924170772707526E-002  0.91488125530026498     
   3.9583345139207964E-002   1.1781198219724927     
   4.8482283607784241E-002  0.87119894204478787     
   5.9214978228736552E-002  0.30822887258265969     
   7.2080521460213362E-002   1.0590247245351787     
   8.7419255034663218E-002  0.45316273993309708     
  0.10579667824952024       -5.2901976742301800E-002
  0.12854808104919171       -6.6009630385645640E-002
  0.15632078169124311      -0.28510394223002233     
  0.18975741449582317       0.65946962601819015     
  0.23032868064044379       0.44912324072341858     
  0.27962368063317661       0.18145681514278028     
  0.33948762138704197       -1.7836684057822714     
  0.41220775775346907      -0.25634726655479584     
  0.50048824219328136       -1.4627028173778367     
  0.60768816316668328        3.7515672877972124     
  0.73829232115333110      -0.58111066503164754     
   6.2831853071800003E-003  0.83919528831943235     
   8.8857658763173177E-003   2.1141182494631532     
   1.0882796185406024E-002   2.9195352256274272     
   1.2566370614360001E-002   4.9305771571316166     
   1.4781066825642925E-002  0.94153961966937505     
   1.9009758763406950E-002   1.4583095474127536     
   2.2558041930044626E-002   1.0378002502417918     
   2.7528404685550796E-002  0.64632947991048473     
   3.2924170772707526E-002   1.3194486056046797     
   3.9583345139207964E-002  0.95236977864409589     
   4.8482283607784241E-002  0.86409712217235279     
   5.9214978228736552E-002  0.87925401941424586     
   7.2080521460213362E-002  0.94684755515717445     
   8.7419255034663218E-002  0.74389880986745271     
  0.10579667824952024       0.80469515169751393     
  0.12854808104919171       0.83991952602677333     
  0.15632078169124311       0.85618476197795079     
  0.18975741449582317       0.87472455569154417     
  0.23032868064044379       0.96937620890244636     
  0.27962368063317661        1.1090981621323746     
  0.33948762138704197        1.1017221379816380     
  0.41220775775346907        1.2431366516247162     
  0.50048824219328136        1.2021779408091062     
  0.60768816316668328        1.2321441208181176     
  0.73829232115333110        1.0034806726729022     
   6.2831853071800003E-003   1.2069927308170729     
   8.8857658763173177E-003   2.4890565169478216     
   1.0882796185406024E-002   2.7149382994425277     
   1.2566370614360001E-002   5.2146994295717075     
   1.4781066825642925E-002  0.87817149848589549     
   1.9009758763406950E-002   1.6208912696447655     
   2.2558041930044626E-002  0.90647110733446346     
   2.7528404685550796E-002  0.67103181091840181     
   3.2924170772707526E-002   1.2702205675014082     
   3.9583345139207964E-002   1.0131730357441797     
   4.8482283607784241E-002  0.84994851384671943     
   5.9214978228736552E-002  0.78633135865540993     
   7.2080521460213362E-002  0.89754949660954098     
   8.7419255034663218E-002  0.62630637245181930     
  0.10579667824952024       0.82849506047537502     
  0.12854808104919171       0.65694427840558212     
  0.15632078169124311       0.80113139226995589     
  0.18975741449582317       0.74078833591658633     
  0.23032868064044379       0.80682632598922877     
  0.27962368063317661       0.76920778557716041     
  0.33948762138704197       0.81499556912039550     
  0.41220775775346907       0.72648165627015571     
  0.50048824219328136       0.58008935704408959     
  0.60768816316668328       0.42521560682391446     
  0.73829232115333110       0.58078097571276788     
   6.2831853071800003E-003  0.42902533019091055     
   8.8857658763173177E-003   2.2160687246191508     
   1.0882796185406024E-002   2.6092929894545822     
   1.2566370614360001E-002   5.1784616278104121     
   1.4781066825642925E-002  0.95171799115884925     
   1.9009758763406950E-002   1.2159207837457753     
   2.2558041930044626E-002   1.1219431434943792     
   2.7528404685550796E-002  0.63500283860452278     
   3.2924170772707526E-002   1.4499265195814171     
   3.9583345139207964E-002  0.99650147755848673     
   4.8482283607784241E-002  0.48926753850053883     
   5.9214978228736552E-002  0.89048532291480120     
   7.2080521460213362E-002   1.1476331904421491     
   8.7419255034663218E-002  0.74715000357973971     
  0.10579667824952024       0.71592759671462303     
  0.12854808104919171       0.87238924130785267     
  0.15632078169124311       0.65477590461440960     
  0.18975741449582317       0.80679058461563735     
  0.23032868064044379       0.77774417665869588     
  0.27962368063317661       0.85484530362022360     
  0.33948762138704197       0.79984998172970323     
  0.41220775775346907       0.77478945684383982     
  0.50048824219328136       0.62890704815198062     
  0.60768816316668328       0.35931992019884418     
  0.73829232115333110       0.36536695377359740     
   6.2831853071800003E-003 -0.74406702448295192     
   8.8857658763173177E-003   2.8041986378037680     
   1.0882796185406024E-002   4.2870744641511003     
   1.2566370614360001E-002  0.73028312834693221     
   1.4781066825642925E-002  0.74257559807162143     
   1.9009758763406950E-002   1.7382319477960753     
   2.2558041930044626E-002   1.1061236215145689     
   2.7528404685550796E-002  0.69960999988091166     
   3.2924170772707526E-002   1.2002944870074927     
   3.9583345139207964E-002   1.1241013425273088     
   4.8482283607784241E-002  0.94731496033813656     
   5.9214978228736552E-002  0.83454836185718517     
   7.2080521460213362E-002  0.75171199072770323     
   8.7419255034663218E-002  0.59389235226678694     
  0.10579667824952024       0.66730381089026913     
  0.12854808104919171       0.46363583624527693     
  0.15632078169124311       0.62013824758771918     
  0.18975741449582317       0.46859763558596179     
  0.23032868064044379       0.58996522232984749     
  0.27962368063317661       0.78863726984242966     
  0.33948762138704197        1.0995795740143268     
  0.41220775775346907       0.18729322591119396     
  0.50048824219328136       0.15109283183606628     
  0.60768816316668328      -0.21703494972064913     
  0.73829232115333110      -0.74968254977247106     
   6.2831853071800003E-003   3.6271075216372650     
   8.8857658763173177E-003   2.0195610510860038     
   1.0882796185406024E-002   2.3542728063220406     
   1.2566370614360001E-002  -1.0264394641702443     
   1.4781066825642925E-002   1.6140481538355020     
   1.9009758763406950E-002  0.30691864718526318     
   2.2558041930044626E-002   1.3539360303600365     
   2.7528404685550796E-002  0.63908576720174837     
   3.2924170772707526E-002   1.0890986668892750     
   3.9583345139207964E-002  0.62677251079623342     
   4.8482283607784241E-002  0.95613410777209484     
   5.9214978228736552E-002  0.59340640554823854     
   7.2080521460213362E-002   1.2028883476616186     
   8.7419255034663218E-002  0.65978390012527632     
  0.10579667824952024        1.3072886684435807     
  0.12854808104919171       0.83405523282813865     
  0.15632078169124311        1.3384753319108094     
  0.18975741449582317        1.7933451241814251     
  0.23032868064044379        2.0582850154521828     
  0.27962368063317661        2.1651601421516742     
  0.33948762138704197        2.7985721790618134     
  0.41220775775346907        2.6118231067234019     
  0.50048824219328136        2.8426228970114922     
  0.60768816316668328        1.9141265559002951     
  0.73829232115333110       0.74089613946928556     
   6.2831853071800003E-003   1.8456705864336682     
   8.8857658763173177E-003   1.9076705973626980     
   1.0882796185406024E-002   2.6828422728942782     
   1.2566370614360001E-002   8.6660000095576297     
   1.4781066825642925E-002   1.8455923132952972     
   1.9009758763406950E-002   1.1867655293628629     
   2.2558041930044626E-002  0.60171198335887055     
   2.7528404685550796E-002 -0.19052504547456861     
   3.2924170772707526E-002   1.3056119102555517     
   3.9583345139207964E-002  0.45559424033101814     
   4.8482283607784241E-002  0.61911485816603262     
   5.9214978228736552E-002  0.95906935832017892     
   7.2080521460213362E-002  0.65920133811444059     
   8.7419255034663218E-002  0.72114742548275312     
  0.10579667824952024       0.59828885849537272     
  0.12854808104919171       0.84746202656795988     
  0.15632078169124311       0.81495710775326446     
  0.18975741449582317        1.3331721954103657     
  0.23032868064044379        1.4731203522266689     
  0.27962368063317661        1.0128367029433099     
  0.33948762138704197       0.89178787115524816     
  0.41220775775346907        1.2283497431341082     
  0.50048824219328136        1.7028921215462256     
  0.60768816316668328        2.8454941961348670     
  0.73829232115333110        3.8608650119795351     
   6.2831853071800003E-003  -7.1118382385911003     
   8.8857658763173177E-003 -0.20416631579608588     
   1.0882796185406024E-002   6.4322353847816824     
   1.2566370614360001E-002   10.013393472920351     
   1.4781066825642925E-002  0.83632858740319937     
   1.9009758763406950E-002   2.8364150109623982     
   2.2558041930044626E-002   2.3886587736634421     
   2.7528404685550796E-002  0.60307476636812196     
   3.2924170772707526E-002   1.4991393878050372     
   3.9583345139207964E-002  0.26958544424312986     
   4.8482283607784241E-002  0.60106114241577779     
   5.9214978228736552E-002  0.66741971882117090     
   7.2080521460213362E-002  0.61570443909666583     
   8.7419255034663218E-002  0.17691292351698520     
  0.10579667824952024       0.89363395516013266     
  0.12854808104919171        1.9810288683677071     
  0.15632078169124311        2.1707690542207270     
  0.18975741449582317       0.20836140935866343     
  0.23032868064044379        1.8837153090871095     
  0.27962368063317661      -0.58520042929070115     
  0.33948762138704197        1.4675622556464369     
  0.41220775775346907       -2.5957462532280928     
  0.50048824219328136       -10.427930226182815     
  0.60768816316668328       -12.855312113902610     
  0.73829232115333110       -10.725858306847877     
   6.2831853071800003E-003  -6.4057936195375298     
   8.8857658763173177E-003  -3.6300567347684121     
   1.0882796185406024E-002   3.6702261464088251     
   1.2566370614360001E-002  -14.036532881775587     
   1.4781066825642925E-002   1.8174283277190657     
   1.9009758763406950E-002 -0.71359870029251293     
   2.2558041930044626E-002 -0.17682918134682823     
   2.7528404685550796E-002  -1.4101323264849273     
   3.2924170772707526E-002  0.66741133862986723     
   3.9583345139207964E-002   1.2865700226390975     
   4.8482283607784241E-002   1.6934571715848246     
   5.9214978228736552E-002  0.64854412185664434     
   7.2080521460213362E-002   6.6234570119690778E-002
   8.7419255034663218E-002   1.9515322912046340     
  0.10579667824952024        1.1814910459383043     
  0.12854808104919171        1.7328432295635907     
  0.15632078169124311        2.7124696863876308     
  0.18975741449582317        2.8909177655913236     
  0.23032868064044379        2.2035321486460964     
  0.27962368063317661        2.6389750209165350     
  0.33948762138704197       0.16460117913544961     
  0.41220775775346907       -2.8959786895941870     
  0.50048824219328136       -7.2204108025195657     
  0.60768816316668328       -6.0031420937363773     
  0.73829232115333110        4.0288803434477698     
   6.2831853071800003E-003  -4.0863263916445582     
   8.8857658763173177E-003   1.6820021587885942E-002
   1.0882796185406024E-002  -1.5456606875127066     
   1.2566370614360001E-002  -6.8519221370288612     
   1.4781066825642925E-002   2.4336179716154573     
   1.9009758763406950E-002  0.53483462486369726     
   2.2558041930044626E-002   1.3088418075955857     
   2.7528404685550796E-002  0.79651738673609840     
   3.2924170772707526E-002   1.3842902085613746     
   3.9583345139207964E-002  0.67179986836233152     
   4.8482283607784241E-002  0.94557934197346105     
   5.9214978228736552E-002  0.91003462709226413     
   7.2080521460213362E-002   1.0760468769115155     
   8.7419255034663218E-002   1.4605070065271077     
  0.10579667824952024        1.3502552736009954     
  0.12854808104919171        1.0068547098140925     
  0.15632078169124311        1.4545440452879073     
  0.18975741449582317        1.0211521877306722     
  0.23032868064044379        1.2161895026353493     
  0.27962368063317661        1.2939416550570704     
  0.33948762138704197        1.1547481764778782     
  0.41220775775346907        1.3565897195330210     
  0.50048824219328136        1.1650221962375771     
  0.60768816316668328        1.0679589702855050     
  0.73829232115333110       0.39388447581444908     
   6.2831853071800003E-003  -4.9799090829905479     
   8.8857658763173177E-003 -0.97685510338024262     
   1.0882796185406024E-002  -1.2978491502182667     
   1.2566370614360001E-002  -7.0362122076599807     
   1.4781066825642925E-002   2.6806500047900848     
   1.9009758763406950E-002  0.70321668247307934     
   2.2558041930044626E-002   1.2976116191189386     
   2.7528404685550796E-002  0.64132421367580628     
   3.2924170772707526E-002   1.2989639823393062     
   3.9583345139207964E-002  0.74223329532600713     
   4.8482283607784241E-002  0.91498344234011086     
   5.9214978228736552E-002  0.69009930671113684     
   7.2080521460213362E-002   1.0795841101648380     
   8.7419255034663218E-002   1.2790579489134235     
  0.10579667824952024        1.1971632031561468     
  0.12854808104919171       0.86999635008311915     
  0.15632078169124311        1.5010631785140782     
  0.18975741449582317       0.72671107252136335     
  0.23032868064044379       0.87404031961494433     
  0.27962368063317661       0.95067157267102975     
  0.33948762138704197       0.63536713897008068     
  0.41220775775346907       0.73003179682340302     
  0.50048824219328136       0.75896810598777020     
  0.60768816316668328       0.45251862085430850     
  0.73829232115333110       -1.9717226225007305E-002
   6.2831853071800003E-003  -3.6373650873199730     
   8.8857658763173177E-003  -1.2404100290165294     
   1.0882796185406024E-002 -0.43225614293091680     
   1.2566370614360001E-002  -12.311015250646362     
   1.4781066825642925E-002   2.2774318775701361     
   1.9009758763406950E-002   1.1548125820211774     
   2.2558041930044626E-002  0.31327512420334686     
   2.7528404685550796E-002  0.95687229361833059     
   3.2924170772707526E-002   1.6514587213222796     
   3.9583345139207964E-002  0.60591208139168939     
   4.8482283607784241E-002  0.80331079231139313     
   5.9214978228736552E-002  0.76327808036599532     
   7.2080521460213362E-002   1.1846927926285249     
   8.7419255034663218E-002   1.2052483563883021     
  0.10579667824952024        1.1428443688644505     
  0.12854808104919171       0.96625853948991924     
  0.15632078169124311        1.4790188635972434     
  0.18975741449582317       0.46417662266773524     
  0.23032868064044379        1.3429624409922472     
  0.27962368063317661       0.80870711710983223     
  0.33948762138704197       0.51800229169338308     
  0.41220775775346907       0.19824075681577949     
  0.50048824219328136      -0.44489953701078433     
  0.60768816316668328      -0.42310255429480559     
  0.73829232115333110        2.1717663801581168     
   6.2831853071800003E-003  -1.1647595484192534     
   8.8857658763173177E-003  0.61436435788264099     
   1.0882796185406024E-002  -7.6433454709539115E-003
   1.2566370614360001E-002 -0.90126391828591268     
   1.4781066825642925E-002  0.94755601894516217     
   1.9009758763406950E-002  0.48201659165336885     
   2.2558041930044626E-002  0.72836293682503039     
   2.7528404685550796E-002  0.70442232906312641     
   3.2924170772707526E-002  0.85364542105676766     
   3.9583345139207964E-002  0.74653513373769576     
   4.8482283607784241E-002   1.1054127618509331     
   5.9214978228736552E-002   1.3859516288363944     
   7.2080521460213362E-002   1.2475064564546392     
   8.7419255034663218E-002   1.3442583763172451     
  0.10579667824952024        1.5767505817103191     
  0.12854808104919171        1.0794408128633310     
  0.15632078169124311        1.9426939239858061     
  0.18975741449582317        1.9983999010074589     
  0.23032868064044379        2.1016770653059895     
  0.27962368063317661        2.3624772612335310     
  0.33948762138704197        2.0482476815726209     
  0.41220775775346907        1.1398152057746298     
  0.50048824219328136        1.0034158262033135     
  0.60768816316668328        4.0170053259520291E-002
  0.73829232115333110        4.5678731458129104E-002
   6.2831853071800003E-003  -1.4298287595487735     
   8.8857658763173177E-003   4.6081859597894148     
   1.0882796185406024E-002  -1.9230290780453820     
   1.2566370614360001E-002  -7.5808933387514337     
   1.4781066825642925E-002   2.6135826462415035     
   1.9009758763406950E-002 -0.48247721561583073     
   2.2558041930044626E-002   1.5085342714436347     
   2.7528404685550796E-002  0.47504900353072688     
   3.2924170772707526E-002  0.14141070258959115     
   3.9583345139207964E-002  -2.9101790602923130E-003
   4.8482283607784241E-002   1.1113587191433334     
   5.9214978228736552E-002   1.1732676120052641     
   7.2080521460213362E-002  0.49383135999569633     
   8.7419255034663218E-002   1.7014529830448488     
  0.10579667824952024       0.80042117222306519     
  0.12854808104919171        1.1041559445569327     
  0.15632078169124311        1.6163241363848184     
  0.18975741449582317        1.1476591499365392     
  0.23032868064044379        1.2495121941079370     
  0.27962368063317661       -9.2222437547860359E-002
  0.33948762138704197        6.7802962572121664E-003
  0.41220775775346907        9.3189195844077324E-003
  0.50048824219328136       0.70973073681667964     
  0.60768816316668328       -2.4313506797754356     
  0.73829232115333110       -2.8518089583423190     
   6.2831853071800003E-003  -8.3674267755566234     
   8.8857658763173177E-003  -7.2771384719663060E-002
   1.0882796185406024E-002   1.7639837384763219     
   1.2566370614360001E-002  -23.879441086193932     
   1.4781066825642925E-002   3.0098247524430510     
   1.9009758763406950E-002   1.3520322958973505     
   2.2558041930044626E-002  -1.1902134911627060     
   2.7528404685550796E-002  0.41937369050028028     
   3.2924170772707526E-002  0.91488125530026498     
   3.9583345139207964E-002   1.1781198219724927     
   4.8482283607784241E-002  0.87119894204478787     
   5.9214978228736552E-002  0.30822887258265969     
   7.2080521460213362E-002   1.0590247245351787     
   8.7419255034663218E-002  0.45316273993309708     
  0.10579667824952024       -5.2901976742301800E-002
  0.12854808104919171       -6.6009630385645640E-002
  0.15632078169124311      -0.28510394223002233     
  0.18975741449582317       0.65946962601819015     
  0.23032868064044379       0.44912324072341858     
  0.27962368063317661       0.18145681514278028     
  0.33948762138704197       -1.7836684057822714     
  0.41220775775346907      -0.25634726655479584     
  0.50048824219328136       -1.4627028173778367     
  0.60768816316668328        3.7515672877972124     
  0.73829232115333110      -0.58111066503164754     
   6.2831853071800003E-003  -6.4057936195375298     
   8.8857658763173177E-003  -3.6300567347684121     
   1.0882796185406024E-002   3.6702261464088251     
   1.2566370614360001E-002  -14.036532881775587     
   1.4781066825642925E-002   1.8174283277190657     
   1.9009758763406950E-002 -0.71359870029251293     
   2.2558041930044626E-002 -0.17682918134682823     
   2.7528404685550796E-002  -1.4101323264849273     
   3.2924170772707526E-002  0.66741133862986723     
   3.9583345139207964E-002   1.2865700226390975     
   4.8482283607784241E-002   1.6934571715848246     
   5.9214978228736552E-002  0.64854412185664434     
   7.2080521460213362E-002   6.6234570119690778E-002
   8.7419255034663218E-002   1.9515322912046340     
  0.10579667824952024        1.1814910459383043     
  0.12854808104919171        1.7328432295635907     
  0.15632078169124311        2.7124696863876308     
  0.18975741449582317        2.8909177655913236     
  0.23032868064044379        2.2035321486460964     
  0.27962368063317661        2.6389750209165350     
  0.33948762138704197       0.16460117913544961     
  0.41220775775346907       -2.8959786895941870     
  0.50048824219328136       -7.2204108025195657     
  0.60768816316668328       -6.0031420937363773     
  0.73829232115333110        4.0288803434477698     
   6.2831853071800003E-003  -10.850985840240662     
   8.8857658763173177E-003   1.0126603250124673     
   1.0882796185406024E-002  -2.5219716251971951     
   1.2566370614360001E-002   5.8138003258519841     
   1.4781066825642925E-002  0.67869427103959112     
   1.9009758763406950E-002   1.5821193000082294     
   2.2558041930044626E-002   1.6235665281274732     
   2.7528404685550796E-002  -1.0344006312680978     
   3.2924170772707526E-002  0.48580374673562243     
   3.9583345139207964E-002 -0.95338438841292872     
   4.8482283607784241E-002  -1.3422716290626087     
   5.9214978228736552E-002  0.61601000193405986     
   7.2080521460213362E-002   1.1311260967439734     
   8.7419255034663218E-002 -0.78639813012087556     
  0.10579667824952024      -0.26407292805617788     
  0.12854808104919171       0.71935523049839423     
  0.15632078169124311      -0.56211700589663405     
  0.18975741449582317      -0.58359655603912286     
  0.23032868064044379       0.20947308439522111     
  0.27962368063317661       -1.0202314548948632     
  0.33948762138704197       -1.5322299412177314     
  0.41220775775346907       -3.6798058042351331     
  0.50048824219328136       -7.3555552514399487     
  0.60768816316668328       -17.726863743457411     
  0.73829232115333110       -36.621457001347437     
