   6.2831853071800003E-003   1.0224710204223146     
   8.8857658763173177E-003   1.1389652570705271     
   1.0882796185406024E-002  0.97557946640326432     
   1.2566370614360001E-002   1.0984898378274692     
   1.4781066825642925E-002  0.97018036505696026     
   1.9009758763406950E-002  0.96695753064770029     
   2.2558041930044626E-002  0.96447970061925070     
   2.7528404685550796E-002   1.0021544166600562     
   3.2924170772707526E-002  0.98516723930486849     
   3.9583345139207964E-002   1.0066078597827903     
   4.8482283607784241E-002  0.98644165323080113     
   5.9214978228736552E-002  0.99563655642373949     
   7.2080521460213362E-002   1.0165270606850960     
   8.7419255034663218E-002   1.0187002908765581     
  0.10579667824952024        1.0670172823479172     
  0.12854808104919171        1.0286371748143077     
  0.15632078169124311        1.1516694609187350     
  0.18975741449582317        1.1440159418817324     
  0.23032868064044379        1.2781959717565079     
  0.27962368063317661        1.3792145689098958     
  0.33948762138704197        1.5184009210689593     
  0.41220775775346907        1.6859324646834835     
  0.50048824219328136        1.9019572183046798     
  0.60768816316668328        2.1921935760660634     
  0.73829232115333110        2.5656400775855084     
   6.2831853071800003E-003  0.54283308228176197     
   8.8857658763173177E-003   1.2296048510556716     
   1.0882796185406024E-002  0.94319084460161073     
   1.2566370614360001E-002   1.0605896008149074     
   1.4781066825642925E-002  0.98175939608157281     
   1.9009758763406950E-002  0.93847282059553039     
   2.2558041930044626E-002  0.93671777626696995     
   2.7528404685550796E-002   1.0110043813275811     
   3.2924170772707526E-002  0.98620323879127958     
   3.9583345139207964E-002   1.0251484750967232     
   4.8482283607784241E-002  0.99822896355400770     
   5.9214978228736552E-002   1.0186614574779072     
   7.2080521460213362E-002   1.0371307576061140     
   8.7419255034663218E-002   1.0452217703629401     
  0.10579667824952024        1.1109501391809757     
  0.12854808104919171        1.0767469091064468     
  0.15632078169124311        1.2155490326533092     
  0.18975741449582317        1.2269710253549142     
  0.23032868064044379        1.3737669807755939     
  0.27962368063317661        1.5116442791073985     
  0.33948762138704197        1.6785290579954186     
  0.41220775775346907        1.8969332339621141     
  0.50048824219328136        2.1536432308092190     
  0.60768816316668328        2.4930665832743446     
  0.73829232115333110        2.8943024750215600     
   6.2831853071800003E-003   1.1365993250781032     
   8.8857658763173177E-003   1.0325006926936180     
   1.0882796185406024E-002   1.0944737884488442     
   1.2566370614360001E-002  0.66240589678713335     
   1.4781066825642925E-002   1.0400005814256650     
   1.9009758763406950E-002   1.0480886787510142     
   2.2558041930044626E-002  0.94807016356683915     
   2.7528404685550796E-002  0.96366777486596367     
   3.2924170772707526E-002   1.0604161489352959     
   3.9583345139207964E-002  0.98011606669133833     
   4.8482283607784241E-002  0.98447203755332990     
   5.9214978228736552E-002   1.0164443019690417     
   7.2080521460213362E-002   1.0171472243773740     
   8.7419255034663218E-002   1.0354386733391676     
  0.10579667824952024        1.0926938469634659     
  0.12854808104919171        1.0763253777799242     
  0.15632078169124311        1.2329428499360340     
  0.18975741449582317        1.2349903194651370     
  0.23032868064044379        1.4078721131079730     
  0.27962368063317661        1.5555532225137740     
  0.33948762138704197        1.7305070645141969     
  0.41220775775346907        1.9331901464321608     
  0.50048824219328136        2.1937068414486669     
  0.60768816316668328        2.4922770265427348     
  0.73829232115333110        2.8797416725755216     
   6.2831853071800003E-003  0.89741649861299422     
   8.8857658763173177E-003  0.71241768318115106     
   1.0882796185406024E-002  0.73048162470214439     
   1.2566370614360001E-002 -0.18459466027973262     
   1.4781066825642925E-002   1.1191613661324340     
   1.9009758763406950E-002  0.93332551674392827     
   2.2558041930044626E-002  0.99795949447761956     
   2.7528404685550796E-002  0.90893787154625572     
   3.2924170772707526E-002   1.0770307284072707     
   3.9583345139207964E-002  0.98767855809563287     
   4.8482283607784241E-002  0.95794845294996178     
   5.9214978228736552E-002   1.0385175774492184     
   7.2080521460213362E-002   1.0457845369252761     
   8.7419255034663218E-002   1.0866966976740133     
  0.10579667824952024        1.1812882869169066     
  0.12854808104919171        1.1187134879717384     
  0.15632078169124311        1.3060926033616584     
  0.18975741449582317        1.3426027462142045     
  0.23032868064044379        1.5049976812445973     
  0.27962368063317661        1.6333965604734519     
  0.33948762138704197        1.8262230518309377     
  0.41220775775346907        1.9820097630482254     
  0.50048824219328136        2.2223979419198803     
  0.60768816316668328        2.5328813642627255     
  0.73829232115333110        2.8219132916231722     
   6.2831853071800003E-003  0.55147173818505912     
   8.8857658763173177E-003   1.3112786716638958     
   1.0882796185406024E-002   1.7092074084795601     
   1.2566370614360001E-002   2.7225801601725999     
   1.4781066825642925E-002   1.4134295867129099     
   1.9009758763406950E-002  0.76878268843399689     
   2.2558041930044626E-002  0.85706418587331634     
   2.7528404685550796E-002  0.74086889000114819     
   3.2924170772707526E-002   1.0038750979286808     
   3.9583345139207964E-002   1.0549074059165255     
   4.8482283607784241E-002  0.89116502942280773     
   5.9214978228736552E-002   1.0168637484230356     
   7.2080521460213362E-002   1.0599142782832716     
   8.7419255034663218E-002   1.0273746698771362     
  0.10579667824952024        1.0737451340558206     
  0.12854808104919171        1.0798959059930591     
  0.15632078169124311        1.2675993921568804     
  0.18975741449582317        1.2114024194643132     
  0.23032868064044379        1.3828662278185335     
  0.27962368063317661        1.4852696907504761     
  0.33948762138704197        1.6431877394355996     
  0.41220775775346907        1.7909390619936931     
  0.50048824219328136        2.0161745116738876     
  0.60768816316668328        2.2520168646942866     
  0.73829232115333110        2.4187475482583478     
   6.2831853071800003E-003   4.3883211906061055     
   8.8857658763173177E-003   3.3533095800940743E-002
   1.0882796185406024E-002   1.4963642624447031     
   1.2566370614360001E-002   2.9053180025325016     
   1.4781066825642925E-002   1.1332796415785684     
   1.9009758763406950E-002   1.4426204972970795     
   2.2558041930044626E-002  0.91833806708936094     
   2.7528404685550796E-002  0.72247743482307536     
   3.2924170772707526E-002   1.2650655381953180     
   3.9583345139207964E-002  0.83840560372545925     
   4.8482283607784241E-002  0.95193014807675269     
   5.9214978228736552E-002  0.81681354702222886     
   7.2080521460213362E-002   1.0219041375977327     
   8.7419255034663218E-002  0.91586273569472221     
  0.10579667824952024        1.0911537096710062     
  0.12854808104919171        1.1497828012588560     
  0.15632078169124311        1.4521394378400341     
  0.18975741449582317        1.2186663968091744     
  0.23032868064044379        1.3937251145712530     
  0.27962368063317661        1.3893677707254382     
  0.33948762138704197        1.5384247186795603     
  0.41220775775346907        1.9114601554004846     
  0.50048824219328136        1.9773752068106052     
  0.60768816316668328        2.2677077439286997     
  0.73829232115333110        2.2528444997885049     
   6.2831853071800003E-003  -6.9437842712521904     
   8.8857658763173177E-003   5.4725249690814550     
   1.0882796185406024E-002   5.1499372686994285     
   1.2566370614360001E-002  -6.4744913361839256     
   1.4781066825642925E-002   2.6691116563663884     
   1.9009758763406950E-002  0.98462782379234415     
   2.2558041930044626E-002   1.2230336543509972     
   2.7528404685550796E-002  0.37003737145133991     
   3.2924170772707526E-002   1.1088315000310538     
   3.9583345139207964E-002  0.98031555110432977     
   4.8482283607784241E-002  0.22692621061799770     
   5.9214978228736552E-002  0.83433951916381144     
   7.2080521460213362E-002  0.69989638944450816     
   8.7419255034663218E-002  0.61930057617391954     
  0.10579667824952024       0.79178569614183991     
  0.12854808104919171       0.49678401303905589     
  0.15632078169124311       0.97526316343319530     
  0.18975741449582317       0.79581140306382459     
  0.23032868064044379        1.1986714277432471     
  0.27962368063317661        1.2745817209764114     
  0.33948762138704197        1.1986673580355804     
  0.41220775775346907        1.2298788472103639     
  0.50048824219328136        1.0385919079759143     
  0.60768816316668328        1.4795676963185276     
  0.73829232115333110        1.3925401081820294     
   6.2831853071800003E-003  0.33881731966038942     
   8.8857658763173177E-003   1.2379262381236489     
   1.0882796185406024E-002  -3.6619424356556879E-002
   1.2566370614360001E-002   4.5404456418182182     
   1.4781066825642925E-002 -0.35270995218536916     
   1.9009758763406950E-002  0.95392799566834630     
   2.2558041930044626E-002   2.3732874317884280     
   2.7528404685550796E-002  0.86475155355879985     
   3.2924170772707526E-002  0.92837036594068523     
   3.9583345139207964E-002  0.80735572987282467     
   4.8482283607784241E-002 -0.45183216638922918     
   5.9214978228736552E-002  0.38947666974225226     
   7.2080521460213362E-002  -1.1365103068236489E-002
   8.7419255034663218E-002  0.24830730006594401     
  0.10579667824952024       0.23900638925021661     
  0.12854808104919171       0.22575266857331067     
  0.15632078169124311       -8.5009868684608622E-002
  0.18975741449582317       0.17890103721366069     
  0.23032868064044379       0.47034419229083368     
  0.27962368063317661       0.27252980206875888     
  0.33948762138704197       0.41581582268880529     
  0.41220775775346907       0.31428591885215024     
  0.50048824219328136       0.62934551473315670     
  0.60768816316668328       0.41528221261846104     
  0.73829232115333110       0.85760416405119533     
   6.2831853071800003E-003  0.54283308228176197     
   8.8857658763173177E-003   1.2296048510556716     
   1.0882796185406024E-002  0.94319084460161073     
   1.2566370614360001E-002   1.0605896008149074     
   1.4781066825642925E-002  0.98175939608157281     
   1.9009758763406950E-002  0.93847282059553039     
   2.2558041930044626E-002  0.93671777626696995     
   2.7528404685550796E-002   1.0110043813275811     
   3.2924170772707526E-002  0.98620323879127958     
   3.9583345139207964E-002   1.0251484750967232     
   4.8482283607784241E-002  0.99822896355400770     
   5.9214978228736552E-002   1.0186614574779072     
   7.2080521460213362E-002   1.0371307576061140     
   8.7419255034663218E-002   1.0452217703629401     
  0.10579667824952024        1.1109501391809757     
  0.12854808104919171        1.0767469091064468     
  0.15632078169124311        1.2155490326533092     
  0.18975741449582317        1.2269710253549142     
  0.23032868064044379        1.3737669807755939     
  0.27962368063317661        1.5116442791073985     
  0.33948762138704197        1.6785290579954186     
  0.41220775775346907        1.8969332339621141     
  0.50048824219328136        2.1536432308092190     
  0.60768816316668328        2.4930665832743446     
  0.73829232115333110        2.8943024750215600     
   6.2831853071800003E-003  0.22006475314211163     
   8.8857658763173177E-003   1.3428497013113136     
   1.0882796185406024E-002  0.91736664851576277     
   1.2566370614360001E-002   1.1195979033439181     
   1.4781066825642925E-002  0.99958483753955474     
   1.9009758763406950E-002  0.88798968287347158     
   2.2558041930044626E-002  0.93833855030996460     
   2.7528404685550796E-002   1.0406535490483624     
   3.2924170772707526E-002   1.0122757007951173     
   3.9583345139207964E-002   1.0700020398656223     
   4.8482283607784241E-002   1.0207510200724126     
   5.9214978228736552E-002   1.0719684104072424     
   7.2080521460213362E-002   1.0915671439931371     
   8.7419255034663218E-002   1.1143304824520084     
  0.10579667824952024        1.2089816037458876     
  0.12854808104919171        1.1845285705424105     
  0.15632078169124311        1.3640834102224004     
  0.18975741449582317        1.4099894289407660     
  0.23032868064044379        1.6054156348014499     
  0.27962368063317661        1.8106832728394324     
  0.33948762138704197        2.0528947901396366     
  0.41220775775346907        2.3839234206809321     
  0.50048824219328136        2.7669813368430520     
  0.60768816316668328        3.2843016760952191     
  0.73829232115333110        3.9480592283015112     
   6.2831853071800003E-003  0.62775029129708748     
   8.8857658763173177E-003  0.96246479157188403     
   1.0882796185406024E-002   1.0453002562444214     
   1.2566370614360001E-002  0.53720280469710024     
   1.4781066825642925E-002   1.0630606547620494     
   1.9009758763406950E-002   1.0074924424368530     
   2.2558041930044626E-002  0.93244052397097654     
   2.7528404685550796E-002  0.94158023118993839     
   3.2924170772707526E-002   1.0810009634343622     
   3.9583345139207964E-002   1.0032760377680314     
   4.8482283607784241E-002   1.0055037813919339     
   5.9214978228736552E-002   1.0553277992232859     
   7.2080521460213362E-002   1.0741129306486548     
   8.7419255034663218E-002   1.1104949394201764     
  0.10579667824952024        1.2009043932082821     
  0.12854808104919171        1.2032080571982222     
  0.15632078169124311        1.4222773748266997     
  0.18975741449582317        1.4753639065387136     
  0.23032868064044379        1.7209465242106761     
  0.27962368063317661        1.9760988261130117     
  0.33948762138704197        2.2542038920454663     
  0.41220775775346907        2.6032055364455835     
  0.50048824219328136        3.0526386866247774     
  0.60768816316668328        3.5682321003773105     
  0.73829232115333110        4.1786836688531670     
   6.2831853071800003E-003  0.26520100435833166     
   8.8857658763173177E-003  0.80398858257935135     
   1.0882796185406024E-002  0.64747867280334670     
   1.2566370614360001E-002   3.1409282204842785E-002
   1.4781066825642925E-002   1.0753313283392294     
   1.9009758763406950E-002  0.87689608138050112     
   2.2558041930044626E-002  0.90532573917066006     
   2.7528404685550796E-002  0.90082629312992935     
   3.2924170772707526E-002   1.0685628679351791     
   3.9583345139207964E-002   1.0223747596219768     
   4.8482283607784241E-002  0.98379109258373909     
   5.9214978228736552E-002   1.0906333852072163     
   7.2080521460213362E-002   1.0984681330476995     
   8.7419255034663218E-002   1.1562037831441869     
  0.10579667824952024        1.2962651885022578     
  0.12854808104919171        1.2599160799217952     
  0.15632078169124311        1.5457069805029984     
  0.18975741449582317        1.6337711560652814     
  0.23032868064044379        1.9145934689072777     
  0.27962368063317661        2.1634984227521428     
  0.33948762138704197        2.4562374047304623     
  0.41220775775346907        2.7973040177562241     
  0.50048824219328136        3.2452169559847768     
  0.60768816316668328        3.8309611682585194     
  0.73829232115333110        4.4073570864852307     
   6.2831853071800003E-003  0.45648908501764002     
   8.8857658763173177E-003   1.1842207777618881     
   1.0882796185406024E-002   1.8250632139064813     
   1.2566370614360001E-002   2.2363290087086578     
   1.4781066825642925E-002   1.4753180603878944     
   1.9009758763406950E-002  0.76902848719059191     
   2.2558041930044626E-002  0.81480996358498725     
   2.7528404685550796E-002  0.78370867389700627     
   3.2924170772707526E-002  0.94508358041893470     
   3.9583345139207964E-002   1.0550955194587976     
   4.8482283607784241E-002  0.94710498440181379     
   5.9214978228736552E-002   1.0629740284277294     
   7.2080521460213362E-002   1.1141771411875949     
   8.7419255034663218E-002   1.0815512871669126     
  0.10579667824952024        1.2429154322064782     
  0.12854808104919171        1.2669866871760143     
  0.15632078169124311        1.5386254965064392     
  0.18975741449582317        1.5685447185180532     
  0.23032868064044379        1.7698950816066055     
  0.27962368063317661        2.0934673615647816     
  0.33948762138704197        2.3947343473438969     
  0.41220775775346907        2.8567541533944860     
  0.50048824219328136        3.2789621358034178     
  0.60768816316668328        3.7211553900816674     
  0.73829232115333110        4.1968860549947857     
   6.2831853071800003E-003   2.0343206756256653     
   8.8857658763173177E-003 -0.29818577957818398     
   1.0882796185406024E-002   1.0457300620303509     
   1.2566370614360001E-002   2.4149123670060213     
   1.4781066825642925E-002  0.79717787002797580     
   1.9009758763406950E-002   1.4169180361284326     
   2.2558041930044626E-002  0.90227881727200654     
   2.7528404685550796E-002  0.75315973336500586     
   3.2924170772707526E-002   1.0826104699273047     
   3.9583345139207964E-002  0.76472674204715685     
   4.8482283607784241E-002   1.0843125358916119     
   5.9214978228736552E-002  0.72969804245151237     
   7.2080521460213362E-002   1.0099236940071348     
   8.7419255034663218E-002  0.99286677529875667     
  0.10579667824952024        1.4142810344157173     
  0.12854808104919171        1.3116852431352550     
  0.15632078169124311        1.6529971424917862     
  0.18975741449582317        1.6618654962594395     
  0.23032868064044379        1.8397164634703262     
  0.27962368063317661        1.8901730453197858     
  0.33948762138704197        2.1428774285803840     
  0.41220775775346907        2.7236107492708079     
  0.50048824219328136        2.8225833810978340     
  0.60768816316668328        3.0653270116023883     
  0.73829232115333110        2.7973386717784496     
   6.2831853071800003E-003  -3.3017248828372305     
   8.8857658763173177E-003   5.0976735764305845     
   1.0882796185406024E-002   4.6463909952540403     
   1.2566370614360001E-002  -7.1466837413427875     
   1.4781066825642925E-002   2.5102705988149960     
   1.9009758763406950E-002   1.2089391513831551     
   2.2558041930044626E-002  0.61529479288503142     
   2.7528404685550796E-002  0.60370272023076044     
   3.2924170772707526E-002   1.1219783186829757     
   3.9583345139207964E-002   1.0126273378375410     
   4.8482283607784241E-002  0.30211113347470281     
   5.9214978228736552E-002  0.91802500264484699     
   7.2080521460213362E-002  0.65373008428435730     
   8.7419255034663218E-002  0.80556530624219769     
  0.10579667824952024       0.96453331092274219     
  0.12854808104919171       0.89602274068405463     
  0.15632078169124311        1.2168798698698302     
  0.18975741449582317       0.88333683313801148     
  0.23032868064044379        1.5265203596113228     
  0.27962368063317661        1.4920063513404034     
  0.33948762138704197        1.6063003345271989     
  0.41220775775346907        1.6275371077858154     
  0.50048824219328136        1.8258375064663561     
  0.60768816316668328        2.2587659849440467     
  0.73829232115333110        2.3721975167621605     
   6.2831853071800003E-003   2.6793091875376081     
   8.8857658763173177E-003   1.6285319592458811     
   1.0882796185406024E-002 -0.83659885123857192     
   1.2566370614360001E-002   5.0123145789484793     
   1.4781066825642925E-002  0.11894270617825907     
   1.9009758763406950E-002   1.1676380641467963     
   2.2558041930044626E-002   2.7877176793529395     
   2.7528404685550796E-002   1.0489244964600231     
   3.2924170772707526E-002  0.87344535031827208     
   3.9583345139207964E-002  0.99071492980349540     
   4.8482283607784241E-002 -0.46842917239346832     
   5.9214978228736552E-002  0.64841653366083352     
   7.2080521460213362E-002  0.18830350349463812     
   8.7419255034663218E-002  0.48880544930436587     
  0.10579667824952024       0.54638332402955836     
  0.12854808104919171       0.29425917473803431     
  0.15632078169124311        9.7555948447839241E-002
  0.18975741449582317       0.50967093854956613     
  0.23032868064044379       0.80570839766059710     
  0.27962368063317661       0.26819423622805333     
  0.33948762138704197        1.1607115343727199     
  0.41220775775346907        1.4241425563743448     
  0.50048824219328136        1.5873203662958406     
  0.60768816316668328        1.8018849925792784     
  0.73829232115333110        1.8055994404213904     
   6.2831853071800003E-003   1.1365993250781032     
   8.8857658763173177E-003   1.0325006926936180     
   1.0882796185406024E-002   1.0944737884488442     
   1.2566370614360001E-002  0.66240589678713335     
   1.4781066825642925E-002   1.0400005814256650     
   1.9009758763406950E-002   1.0480886787510142     
   2.2558041930044626E-002  0.94807016356683915     
   2.7528404685550796E-002  0.96366777486596367     
   3.2924170772707526E-002   1.0604161489352959     
   3.9583345139207964E-002  0.98011606669133833     
   4.8482283607784241E-002  0.98447203755332990     
   5.9214978228736552E-002   1.0164443019690417     
   7.2080521460213362E-002   1.0171472243773740     
   8.7419255034663218E-002   1.0354386733391676     
  0.10579667824952024        1.0926938469634659     
  0.12854808104919171        1.0763253777799242     
  0.15632078169124311        1.2329428499360340     
  0.18975741449582317        1.2349903194651370     
  0.23032868064044379        1.4078721131079730     
  0.27962368063317661        1.5555532225137740     
  0.33948762138704197        1.7305070645141969     
  0.41220775775346907        1.9331901464321608     
  0.50048824219328136        2.1937068414486669     
  0.60768816316668328        2.4922770265427348     
  0.73829232115333110        2.8797416725755216     
   6.2831853071800003E-003  0.62775029129708748     
   8.8857658763173177E-003  0.96246479157188403     
   1.0882796185406024E-002   1.0453002562444214     
   1.2566370614360001E-002  0.53720280469710024     
   1.4781066825642925E-002   1.0630606547620494     
   1.9009758763406950E-002   1.0074924424368530     
   2.2558041930044626E-002  0.93244052397097654     
   2.7528404685550796E-002  0.94158023118993839     
   3.2924170772707526E-002   1.0810009634343622     
   3.9583345139207964E-002   1.0032760377680314     
   4.8482283607784241E-002   1.0055037813919339     
   5.9214978228736552E-002   1.0553277992232859     
   7.2080521460213362E-002   1.0741129306486548     
   8.7419255034663218E-002   1.1104949394201764     
  0.10579667824952024        1.2009043932082821     
  0.12854808104919171        1.2032080571982222     
  0.15632078169124311        1.4222773748266997     
  0.18975741449582317        1.4753639065387136     
  0.23032868064044379        1.7209465242106761     
  0.27962368063317661        1.9760988261130117     
  0.33948762138704197        2.2542038920454663     
  0.41220775775346907        2.6032055364455835     
  0.50048824219328136        3.0526386866247774     
  0.60768816316668328        3.5682321003773105     
  0.73829232115333110        4.1786836688531670     
   6.2831853071800003E-003  0.88058227319016646     
   8.8857658763173177E-003  0.93410417047739447     
   1.0882796185406024E-002   1.2369837332370739     
   1.2566370614360001E-002  0.38350158107667176     
   1.4781066825642925E-002   1.1187794598275540     
   1.9009758763406950E-002   1.1557843131311891     
   2.2558041930044626E-002  0.95006143039945579     
   2.7528404685550796E-002  0.95167832822573317     
   3.2924170772707526E-002   1.1287498590460345     
   3.9583345139207964E-002  0.95203223222113309     
   4.8482283607784241E-002   1.0087407035841796     
   5.9214978228736552E-002   1.0381389125850613     
   7.2080521460213362E-002   1.0964372074184914     
   8.7419255034663218E-002   1.1495985720226913     
  0.10579667824952024        1.2246284275743611     
  0.12854808104919171        1.2848295331115445     
  0.15632078169124311        1.5731933214396130     
  0.18975741449582317        1.6800380038034295     
  0.23032868064044379        1.9898460948199290     
  0.27962368063317661        2.2984241501886151     
  0.33948762138704197        2.6959542141961550     
  0.41220775775346907        3.1732320779263832     
  0.50048824219328136        3.7653014839965744     
  0.60768816316668328        4.6123850682939320     
  0.73829232115333110        5.6494485297916697     
   6.2831853071800003E-003  0.85704982649124117     
   8.8857658763173177E-003  0.76672505389594514     
   1.0882796185406024E-002  0.68531184995487437     
   1.2566370614360001E-002   6.9640935315942454E-002
   1.4781066825642925E-002   1.2536524015394985     
   1.9009758763406950E-002   1.0741576027042365     
   2.2558041930044626E-002   1.0264890262348587     
   2.7528404685550796E-002  0.85530834807597433     
   3.2924170772707526E-002   1.1846019878068976     
   3.9583345139207964E-002  0.93641951115969557     
   4.8482283607784241E-002   1.0217110734318897     
   5.9214978228736552E-002   1.1295105349485091     
   7.2080521460213362E-002   1.2092432425643138     
   8.7419255034663218E-002   1.2403776762441703     
  0.10579667824952024        1.4462545746558213     
  0.12854808104919171        1.4198526554785076     
  0.15632078169124311        1.8777832249555944     
  0.18975741449582317        1.9696846153625673     
  0.23032868064044379        2.3732397863365144     
  0.27962368063317661        2.9091380810406311     
  0.33948762138704197        3.4160732745737969     
  0.41220775775346907        4.0660816735450913     
  0.50048824219328136        4.7624799394711825     
  0.60768816316668328        5.7278606249408979     
  0.73829232115333110        6.6564101041075512     
   6.2831853071800003E-003  0.45586300265392904     
   8.8857658763173177E-003   1.1891578870783177     
   1.0882796185406024E-002   1.8972111341460272     
   1.2566370614360001E-002   1.2041064634108147     
   1.4781066825642925E-002   1.4094555740511181     
   1.9009758763406950E-002  0.85344420765354667     
   2.2558041930044626E-002  0.80567260021168818     
   2.7528404685550796E-002  0.78969599059452122     
   3.2924170772707526E-002   1.0925051201089626     
   3.9583345139207964E-002   1.1187882701702803     
   4.8482283607784241E-002  0.91792800523189000     
   5.9214978228736552E-002   1.0890277063135410     
   7.2080521460213362E-002   1.1372835749327279     
   8.7419255034663218E-002   1.1628262792056134     
  0.10579667824952024        1.4210359464740727     
  0.12854808104919171        1.4417222846626270     
  0.15632078169124311        1.8415528599114896     
  0.18975741449582317        1.8217586817852605     
  0.23032868064044379        2.2742899440308708     
  0.27962368063317661        2.6541791183737047     
  0.33948762138704197        3.2929377074378277     
  0.41220775775346907        3.7104071647870125     
  0.50048824219328136        4.4558027677168326     
  0.60768816316668328        5.2685952333903625     
  0.73829232115333110        6.2054819802281651     
   6.2831853071800003E-003   3.5082879755698264     
   8.8857658763173177E-003  0.44003401911333384     
   1.0882796185406024E-002  0.84217065904835231     
   1.2566370614360001E-002   2.3599900760061132     
   1.4781066825642925E-002  0.94402434516163680     
   1.9009758763406950E-002   1.5219493099637207     
   2.2558041930044626E-002   1.0316934050744113     
   2.7528404685550796E-002  0.48831545434494789     
   3.2924170772707526E-002   1.1777291969490393     
   3.9583345139207964E-002  0.87198946810293088     
   4.8482283607784241E-002  0.96069726757696816     
   5.9214978228736552E-002  0.95660166298384719     
   7.2080521460213362E-002   1.0536706806121459     
   8.7419255034663218E-002   1.0085068117670632     
  0.10579667824952024        1.2922676842248093     
  0.12854808104919171        1.5542477212594297     
  0.15632078169124311        2.0132906578820622     
  0.18975741449582317        1.8948129262708118     
  0.23032868064044379        2.2700552971503476     
  0.27962368063317661        2.7302475474427901     
  0.33948762138704197        2.9669980562303646     
  0.41220775775346907        3.8904495838668867     
  0.50048824219328136        4.0431666443797658     
  0.60768816316668328        4.5665073147187369     
  0.73829232115333110        5.1071098828176478     
   6.2831853071800003E-003  -4.8661534046689265     
   8.8857658763173177E-003   3.2055063842192406     
   1.0882796185406024E-002   5.5192625622672873     
   1.2566370614360001E-002  -4.0156688534623806     
   1.4781066825642925E-002   1.9366090962089864     
   1.9009758763406950E-002  0.71583066698587106     
   2.2558041930044626E-002  0.74705260222128111     
   2.7528404685550796E-002  0.15507030581220443     
   3.2924170772707526E-002   1.1756128397845949     
   3.9583345139207964E-002   1.6647265280980963     
   4.8482283607784241E-002  0.22225627555014474     
   5.9214978228736552E-002  0.79609481401092286     
   7.2080521460213362E-002  0.87244006692816789     
   8.7419255034663218E-002  0.63522062947949021     
  0.10579667824952024       0.98686633917764388     
  0.12854808104919171       0.74145540527980747     
  0.15632078169124311        1.2616687245449021     
  0.18975741449582317        1.5817539420082281     
  0.23032868064044379        1.9884122474775818     
  0.27962368063317661        2.7377220293465299     
  0.33948762138704197        2.9997546693106738     
  0.41220775775346907        3.7878357784324077     
  0.50048824219328136        4.0873788599095491     
  0.60768816316668328        5.6365697523188425     
  0.73829232115333110        6.9657049073432171     
   6.2831853071800003E-003   1.6348236474026043     
   8.8857658763173177E-003   1.2369994333653711     
   1.0882796185406024E-002   1.1152695325510398     
   1.2566370614360001E-002  -1.9471404030017772     
   1.4781066825642925E-002   4.4760862416284151E-002
   1.9009758763406950E-002  -8.8970730688606846E-003
   2.2558041930044626E-002   2.2723369241179237     
   2.7528404685550796E-002  0.64459063237738456     
   3.2924170772707526E-002  0.63181603501928685     
   3.9583345139207964E-002  0.65314426198482167     
   4.8482283607784241E-002 -0.32923165796198467     
   5.9214978228736552E-002  -5.5381044306369635E-002
   7.2080521460213362E-002 -0.29672149316158175     
   8.7419255034663218E-002   5.3491532199373817E-002
  0.10579667824952024       -8.3655606644897518E-002
  0.12854808104919171       0.25011122542648817     
  0.15632078169124311       -1.6955435587227365E-002
  0.18975741449582317       -1.3894820088310048E-003
  0.23032868064044379       0.18609697892788618     
  0.27962368063317661       0.56237047520921790     
  0.33948762138704197       -5.8999834645399339E-002
  0.41220775775346907       0.15836795860503505     
  0.50048824219328136      -0.64764101016506581     
  0.60768816316668328       -1.1312516224672240     
  0.73829232115333110       0.36726695110417146     
   6.2831853071800003E-003  0.89741649861299422     
   8.8857658763173177E-003  0.71241768318115106     
   1.0882796185406024E-002  0.73048162470214439     
   1.2566370614360001E-002 -0.18459466027973262     
   1.4781066825642925E-002   1.1191613661324340     
   1.9009758763406950E-002  0.93332551674392827     
   2.2558041930044626E-002  0.99795949447761956     
   2.7528404685550796E-002  0.90893787154625572     
   3.2924170772707526E-002   1.0770307284072707     
   3.9583345139207964E-002  0.98767855809563287     
   4.8482283607784241E-002  0.95794845294996178     
   5.9214978228736552E-002   1.0385175774492184     
   7.2080521460213362E-002   1.0457845369252761     
   8.7419255034663218E-002   1.0866966976740133     
  0.10579667824952024        1.1812882869169066     
  0.12854808104919171        1.1187134879717384     
  0.15632078169124311        1.3060926033616584     
  0.18975741449582317        1.3426027462142045     
  0.23032868064044379        1.5049976812445973     
  0.27962368063317661        1.6333965604734519     
  0.33948762138704197        1.8262230518309377     
  0.41220775775346907        1.9820097630482254     
  0.50048824219328136        2.2223979419198803     
  0.60768816316668328        2.5328813642627255     
  0.73829232115333110        2.8219132916231722     
   6.2831853071800003E-003  0.26520100435833166     
   8.8857658763173177E-003  0.80398858257935135     
   1.0882796185406024E-002  0.64747867280334670     
   1.2566370614360001E-002   3.1409282204842785E-002
   1.4781066825642925E-002   1.0753313283392294     
   1.9009758763406950E-002  0.87689608138050112     
   2.2558041930044626E-002  0.90532573917066006     
   2.7528404685550796E-002  0.90082629312992935     
   3.2924170772707526E-002   1.0685628679351791     
   3.9583345139207964E-002   1.0223747596219768     
   4.8482283607784241E-002  0.98379109258373909     
   5.9214978228736552E-002   1.0906333852072163     
   7.2080521460213362E-002   1.0984681330476995     
   8.7419255034663218E-002   1.1562037831441869     
  0.10579667824952024        1.2962651885022578     
  0.12854808104919171        1.2599160799217952     
  0.15632078169124311        1.5457069805029984     
  0.18975741449582317        1.6337711560652814     
  0.23032868064044379        1.9145934689072777     
  0.27962368063317661        2.1634984227521428     
  0.33948762138704197        2.4562374047304623     
  0.41220775775346907        2.7973040177562241     
  0.50048824219328136        3.2452169559847768     
  0.60768816316668328        3.8309611682585194     
  0.73829232115333110        4.4073570864852307     
   6.2831853071800003E-003  0.85704982649124117     
   8.8857658763173177E-003  0.76672505389594514     
   1.0882796185406024E-002  0.68531184995487437     
   1.2566370614360001E-002   6.9640935315942454E-002
   1.4781066825642925E-002   1.2536524015394985     
   1.9009758763406950E-002   1.0741576027042365     
   2.2558041930044626E-002   1.0264890262348587     
   2.7528404685550796E-002  0.85530834807597433     
   3.2924170772707526E-002   1.1846019878068976     
   3.9583345139207964E-002  0.93641951115969557     
   4.8482283607784241E-002   1.0217110734318897     
   5.9214978228736552E-002   1.1295105349485091     
   7.2080521460213362E-002   1.2092432425643138     
   8.7419255034663218E-002   1.2403776762441703     
  0.10579667824952024        1.4462545746558213     
  0.12854808104919171        1.4198526554785076     
  0.15632078169124311        1.8777832249555944     
  0.18975741449582317        1.9696846153625673     
  0.23032868064044379        2.3732397863365144     
  0.27962368063317661        2.9091380810406311     
  0.33948762138704197        3.4160732745737969     
  0.41220775775346907        4.0660816735450913     
  0.50048824219328136        4.7624799394711825     
  0.60768816316668328        5.7278606249408979     
  0.73829232115333110        6.6564101041075512     
   6.2831853071800003E-003  0.38791097891248261     
   8.8857658763173177E-003  0.12588561228238079     
   1.0882796185406024E-002  0.54328324559547092     
   1.2566370614360001E-002  0.43721053576637503     
   1.4781066825642925E-002   1.0552439177209847     
   1.9009758763406950E-002  0.61770342974727122     
   2.2558041930044626E-002   1.1601365107934072     
   2.7528404685550796E-002  0.68944122232821581     
   3.2924170772707526E-002   1.2437461623703789     
   3.9583345139207964E-002   1.0590322946143376     
   4.8482283607784241E-002  0.91632387064569143     
   5.9214978228736552E-002   1.2834172242399653     
   7.2080521460213362E-002   1.2638976045986352     
   8.7419255034663218E-002   1.4907156257241774     
  0.10579667824952024        1.5787653641464250     
  0.12854808104919171        1.7041587664868423     
  0.15632078169124311        2.3725930948364637     
  0.18975741449582317        2.3334224629686777     
  0.23032868064044379        2.8038597928792752     
  0.27962368063317661        3.5447573804785497     
  0.33948762138704197        4.3246012559714675     
  0.41220775775346907        5.3254726467783771     
  0.50048824219328136        6.5600092291372638     
  0.60768816316668328        8.1613255170192112     
  0.73829232115333110        9.7781037843675307     
   6.2831853071800003E-003 -0.55331948667945563     
   8.8857658763173177E-003  0.85037375117680858     
   1.0882796185406024E-002  0.98867968322902633     
   1.2566370614360001E-002   1.0653725755420316     
   1.4781066825642925E-002   1.4669139128747128     
   1.9009758763406950E-002  0.61394414144580278     
   2.2558041930044626E-002  0.78111230903708151     
   2.7528404685550796E-002  0.42119924700687944     
   3.2924170772707526E-002   1.1404576309798824     
   3.9583345139207964E-002  0.82658388728047116     
   4.8482283607784241E-002  0.95724858742157803     
   5.9214978228736552E-002   1.3104847803487256     
   7.2080521460213362E-002   1.2946097909413303     
   8.7419255034663218E-002   1.4174771597993205     
  0.10579667824952024        1.5837158986788600     
  0.12854808104919171        1.7402982661537099     
  0.15632078169124311        2.4029492172093554     
  0.18975741449582317        2.4800491701126846     
  0.23032868064044379        3.2221579968189400     
  0.27962368063317661        3.8004190282184549     
  0.33948762138704197        4.7410660597992278     
  0.41220775775346907        5.8074419343933883     
  0.50048824219328136        6.5403147632243206     
  0.60768816316668328        7.7330517913245647     
  0.73829232115333110        8.5983308372418215     
   6.2831853071800003E-003   3.2504941933776950     
   8.8857658763173177E-003  0.61658521862132387     
   1.0882796185406024E-002   2.6568898528285874     
   1.2566370614360001E-002   1.3405464507795295     
   1.4781066825642925E-002   1.1093925106739506     
   1.9009758763406950E-002   1.5444492186912810     
   2.2558041930044626E-002  0.55077557216994733     
   2.7528404685550796E-002  0.17918451416292239     
   3.2924170772707526E-002  0.53546461926341271     
   3.9583345139207964E-002  0.89711750882309060     
   4.8482283607784241E-002  0.87723394841116364     
   5.9214978228736552E-002   1.2812321281206316     
   7.2080521460213362E-002   1.0438072041517386     
   8.7419255034663218E-002   1.4637920594237663     
  0.10579667824952024        1.9137833819733487     
  0.12854808104919171        2.0321909560003828     
  0.15632078169124311        2.8034831633319577     
  0.18975741449582317        2.9638262442662158     
  0.23032868064044379        4.4607004546349431     
  0.27962368063317661        5.4080870793715308     
  0.33948762138704197        6.5930761210549234     
  0.41220775775346907        7.7762902464904951     
  0.50048824219328136        9.3297602364186289     
  0.60768816316668328        9.7891015426464865     
  0.73829232115333110        10.462940954881859     
   6.2831853071800003E-003  -4.9353874201457435     
   8.8857658763173177E-003   1.7293549811040958     
   1.0882796185406024E-002   1.7442545540528560     
   1.2566370614360001E-002   2.0421564083702406     
   1.4781066825642925E-002   3.2402034909921547     
   1.9009758763406950E-002 -0.68814174898330482     
   2.2558041930044626E-002   5.1844576606051322E-003
   2.7528404685550796E-002  0.19005353785454232     
   3.2924170772707526E-002   1.5745769577498967     
   3.9583345139207964E-002  0.98603862165178746     
   4.8482283607784241E-002  0.97279242242811359     
   5.9214978228736552E-002   1.0014345316742397     
   7.2080521460213362E-002  0.47173100942606655     
   8.7419255034663218E-002  0.86407632730103245     
  0.10579667824952024        1.7740329247354589     
  0.12854808104919171        1.7189916396532656     
  0.15632078169124311        2.2219062938520735     
  0.18975741449582317        2.1170921266892249     
  0.23032868064044379        3.0870250202098277     
  0.27962368063317661        3.2139423961258391     
  0.33948762138704197        4.7313359846690766     
  0.41220775775346907        7.0855310717101938     
  0.50048824219328136        6.6342438267635666     
  0.60768816316668328        6.2637154813065301     
  0.73829232115333110        7.2549692766535925     
   6.2831853071800003E-003  -7.1967929719606154     
   8.8857658763173177E-003   3.5519422617363903     
   1.0882796185406024E-002  -1.9501198135420645     
   1.2566370614360001E-002  -5.7983994521955484     
   1.4781066825642925E-002   5.4067342340044365E-002
   1.9009758763406950E-002   2.0213287736989449     
   2.2558041930044626E-002   2.1446074058082112     
   2.7528404685550796E-002   2.1497272976181883     
   3.2924170772707526E-002  0.45559525113347715     
   3.9583345139207964E-002  0.51176061270522943     
   4.8482283607784241E-002  0.25606644147504537     
   5.9214978228736552E-002   1.2312891271539130     
   7.2080521460213362E-002  0.46961992476916359     
   8.7419255034663218E-002   1.8845506202402473     
  0.10579667824952024        1.7117038648289178     
  0.12854808104919171        1.0323397101702287     
  0.15632078169124311        1.6430635431146769     
  0.18975741449582317        1.5631973708853715     
  0.23032868064044379        2.1005602346523919     
  0.27962368063317661        3.2207703421455807     
  0.33948762138704197        7.4212126434433694     
  0.41220775775346907        8.6370020801401530     
  0.50048824219328136        9.9432455470410961     
  0.60768816316668328        9.3410242426291212     
  0.73829232115333110        12.050551420531187     
   6.2831853071800003E-003  0.55147173818505912     
   8.8857658763173177E-003   1.3112786716638958     
   1.0882796185406024E-002   1.7092074084795601     
   1.2566370614360001E-002   2.7225801601725999     
   1.4781066825642925E-002   1.4134295867129099     
   1.9009758763406950E-002  0.76878268843399689     
   2.2558041930044626E-002  0.85706418587331634     
   2.7528404685550796E-002  0.74086889000114819     
   3.2924170772707526E-002   1.0038750979286808     
   3.9583345139207964E-002   1.0549074059165255     
   4.8482283607784241E-002  0.89116502942280773     
   5.9214978228736552E-002   1.0168637484230356     
   7.2080521460213362E-002   1.0599142782832716     
   8.7419255034663218E-002   1.0273746698771362     
  0.10579667824952024        1.0737451340558206     
  0.12854808104919171        1.0798959059930591     
  0.15632078169124311        1.2675993921568804     
  0.18975741449582317        1.2114024194643132     
  0.23032868064044379        1.3828662278185335     
  0.27962368063317661        1.4852696907504761     
  0.33948762138704197        1.6431877394355996     
  0.41220775775346907        1.7909390619936931     
  0.50048824219328136        2.0161745116738876     
  0.60768816316668328        2.2520168646942866     
  0.73829232115333110        2.4187475482583478     
   6.2831853071800003E-003  0.45648908501764002     
   8.8857658763173177E-003   1.1842207777618881     
   1.0882796185406024E-002   1.8250632139064813     
   1.2566370614360001E-002   2.2363290087086578     
   1.4781066825642925E-002   1.4753180603878944     
   1.9009758763406950E-002  0.76902848719059191     
   2.2558041930044626E-002  0.81480996358498725     
   2.7528404685550796E-002  0.78370867389700627     
   3.2924170772707526E-002  0.94508358041893470     
   3.9583345139207964E-002   1.0550955194587976     
   4.8482283607784241E-002  0.94710498440181379     
   5.9214978228736552E-002   1.0629740284277294     
   7.2080521460213362E-002   1.1141771411875949     
   8.7419255034663218E-002   1.0815512871669126     
  0.10579667824952024        1.2429154322064782     
  0.12854808104919171        1.2669866871760143     
  0.15632078169124311        1.5386254965064392     
  0.18975741449582317        1.5685447185180532     
  0.23032868064044379        1.7698950816066055     
  0.27962368063317661        2.0934673615647816     
  0.33948762138704197        2.3947343473438969     
  0.41220775775346907        2.8567541533944860     
  0.50048824219328136        3.2789621358034178     
  0.60768816316668328        3.7211553900816674     
  0.73829232115333110        4.1968860549947857     
   6.2831853071800003E-003  0.45586300265392904     
   8.8857658763173177E-003   1.1891578870783177     
   1.0882796185406024E-002   1.8972111341460272     
   1.2566370614360001E-002   1.2041064634108147     
   1.4781066825642925E-002   1.4094555740511181     
   1.9009758763406950E-002  0.85344420765354667     
   2.2558041930044626E-002  0.80567260021168818     
   2.7528404685550796E-002  0.78969599059452122     
   3.2924170772707526E-002   1.0925051201089626     
   3.9583345139207964E-002   1.1187882701702803     
   4.8482283607784241E-002  0.91792800523189000     
   5.9214978228736552E-002   1.0890277063135410     
   7.2080521460213362E-002   1.1372835749327279     
   8.7419255034663218E-002   1.1628262792056134     
  0.10579667824952024        1.4210359464740727     
  0.12854808104919171        1.4417222846626270     
  0.15632078169124311        1.8415528599114896     
  0.18975741449582317        1.8217586817852605     
  0.23032868064044379        2.2742899440308708     
  0.27962368063317661        2.6541791183737047     
  0.33948762138704197        3.2929377074378277     
  0.41220775775346907        3.7104071647870125     
  0.50048824219328136        4.4558027677168326     
  0.60768816316668328        5.2685952333903625     
  0.73829232115333110        6.2054819802281651     
   6.2831853071800003E-003 -0.55331948667945563     
   8.8857658763173177E-003  0.85037375117680858     
   1.0882796185406024E-002  0.98867968322902633     
   1.2566370614360001E-002   1.0653725755420316     
   1.4781066825642925E-002   1.4669139128747128     
   1.9009758763406950E-002  0.61394414144580278     
   2.2558041930044626E-002  0.78111230903708151     
   2.7528404685550796E-002  0.42119924700687944     
   3.2924170772707526E-002   1.1404576309798824     
   3.9583345139207964E-002  0.82658388728047116     
   4.8482283607784241E-002  0.95724858742157803     
   5.9214978228736552E-002   1.3104847803487256     
   7.2080521460213362E-002   1.2946097909413303     
   8.7419255034663218E-002   1.4174771597993205     
  0.10579667824952024        1.5837158986788600     
  0.12854808104919171        1.7402982661537099     
  0.15632078169124311        2.4029492172093554     
  0.18975741449582317        2.4800491701126846     
  0.23032868064044379        3.2221579968189400     
  0.27962368063317661        3.8004190282184549     
  0.33948762138704197        4.7410660597992278     
  0.41220775775346907        5.8074419343933883     
  0.50048824219328136        6.5403147632243206     
  0.60768816316668328        7.7330517913245647     
  0.73829232115333110        8.5983308372418215     
   6.2831853071800003E-003  -3.3162988157265052     
   8.8857658763173177E-003 -0.10722554944476907     
   1.0882796185406024E-002   2.0014370136253499     
   1.2566370614360001E-002   2.6216397371130391     
   1.4781066825642925E-002   2.2966560103838094     
   1.9009758763406950E-002  0.27509806927156066     
   2.2558041930044626E-002  0.32918490751969709     
   2.7528404685550796E-002  0.80499007074341622     
   3.2924170772707526E-002  0.61744923817414699     
   3.9583345139207964E-002   1.1789117760887260     
   4.8482283607784241E-002  0.63303361111083811     
   5.9214978228736552E-002   1.1623566323860888     
   7.2080521460213362E-002   1.2676899189303339     
   8.7419255034663218E-002   1.3031008941644653     
  0.10579667824952024        1.9955299956680841     
  0.12854808104919171        1.9213589338889956     
  0.15632078169124311        2.2735809221318313     
  0.18975741449582317        2.5405790816651597     
  0.23032868064044379        2.7966040900706486     
  0.27962368063317661        3.4806754772786470     
  0.33948762138704197        4.7401867823867923     
  0.41220775775346907        6.7442201730924953     
  0.50048824219328136        9.4345333640471516     
  0.60768816316668328        11.580166297875401     
  0.73829232115333110        14.715452766849152     
   6.2831853071800003E-003   1.9207996267205496     
   8.8857658763173177E-003   2.0047589792849982     
   1.0882796185406024E-002  -9.6772728924424276E-002
   1.2566370614360001E-002   2.7807284809091599     
   1.4781066825642925E-002  0.76528702542377591     
   1.9009758763406950E-002  0.94981454881485938     
   2.2558041930044626E-002  -4.1331092689946509E-002
   2.7528404685550796E-002  0.72757328865753268     
   3.2924170772707526E-002  0.60668623600171401     
   3.9583345139207964E-002  0.66422380485714916     
   4.8482283607784241E-002   1.3675120624324442     
   5.9214978228736552E-002  0.73856213486554934     
   7.2080521460213362E-002   1.0567816875853417     
   8.7419255034663218E-002   1.4037135292791236     
  0.10579667824952024        2.0065546756541881     
  0.12854808104919171        2.2043452612188212     
  0.15632078169124311        3.2310448133521841     
  0.18975741449582317        3.4498127083183543     
  0.23032868064044379        5.5509652453387872     
  0.27962368063317661        7.5748743215645398     
  0.33948762138704197        10.708803470799452     
  0.41220775775346907        13.993577294390182     
  0.50048824219328136        17.196847720712864     
  0.60768816316668328        19.551835953958470     
  0.73829232115333110        19.770932844170769     
   6.2831853071800003E-003  -4.2602565757040551     
   8.8857658763173177E-003   2.1627998218063098     
   1.0882796185406024E-002   2.0092336448870181     
   1.2566370614360001E-002  -5.0372822516992386     
   1.4781066825642925E-002   2.6580433539851356     
   1.9009758763406950E-002  0.19624479788055585     
   2.2558041930044626E-002   1.0394385860972724     
   2.7528404685550796E-002 -0.14177256673807895     
   3.2924170772707526E-002  0.46119384805430891     
   3.9583345139207964E-002  0.80590439474335485     
   4.8482283607784241E-002  0.90056938350034377     
   5.9214978228736552E-002 -0.47812822811031624     
   7.2080521460213362E-002 -0.31296912140158456     
   8.7419255034663218E-002  0.14329635282020170     
  0.10579667824952024       0.61469614141118878     
  0.12854808104919171       0.51523178544782355     
  0.15632078169124311       0.62507684387446794     
  0.18975741449582317        1.2196313742036713     
  0.23032868064044379        2.2582726102081114     
  0.27962368063317661        1.9659845873120414     
  0.33948762138704197        3.7445596241776498     
  0.41220775775346907        4.1386056988359305     
  0.50048824219328136        5.6274077773643087     
  0.60768816316668328        6.2292813927667359     
  0.73829232115333110        5.9376896216836386     
   6.2831853071800003E-003   5.5089148133490218     
   8.8857658763173177E-003  -2.7675704176038995     
   1.0882796185406024E-002 -0.77787039519821743     
   1.2566370614360001E-002   7.4873813533126494     
   1.4781066825642925E-002  0.87388175555069081     
   1.9009758763406950E-002 -0.77682165849034313     
   2.2558041930044626E-002  0.62238118342701310     
   2.7528404685550796E-002  0.91194644673103009     
   3.2924170772707526E-002  -1.3092855477024667     
   3.9583345139207964E-002  0.16447927383480651     
   4.8482283607784241E-002 -0.24625866929667814     
   5.9214978228736552E-002  -7.2397287972895156E-003
   7.2080521460213362E-002 -0.48170647521617038     
   8.7419255034663218E-002  -4.8659910648418882E-002
  0.10579667824952024       -6.3931403052978689E-002
  0.12854808104919171       0.22286682685760206     
  0.15632078169124311      -0.20991085229068804     
  0.18975741449582317       -1.3593724872194967E-003
  0.23032868064044379       0.16432525202957732     
  0.27962368063317661       -7.7293767397405233E-002
  0.33948762138704197      -0.25592320056773782     
  0.41220775775346907       0.54892180443747274     
  0.50048824219328136       -5.8380289252709848E-002
  0.60768816316668328       0.11594656088082320     
  0.73829232115333110      -0.27486313880655372     
   6.2831853071800003E-003   4.3883211906061055     
   8.8857658763173177E-003   3.3533095800940743E-002
   1.0882796185406024E-002   1.4963642624447031     
   1.2566370614360001E-002   2.9053180025325016     
   1.4781066825642925E-002   1.1332796415785684     
   1.9009758763406950E-002   1.4426204972970795     
   2.2558041930044626E-002  0.91833806708936094     
   2.7528404685550796E-002  0.72247743482307536     
   3.2924170772707526E-002   1.2650655381953180     
   3.9583345139207964E-002  0.83840560372545925     
   4.8482283607784241E-002  0.95193014807675269     
   5.9214978228736552E-002  0.81681354702222886     
   7.2080521460213362E-002   1.0219041375977327     
   8.7419255034663218E-002  0.91586273569472221     
  0.10579667824952024        1.0911537096710062     
  0.12854808104919171        1.1497828012588560     
  0.15632078169124311        1.4521394378400341     
  0.18975741449582317        1.2186663968091744     
  0.23032868064044379        1.3937251145712530     
  0.27962368063317661        1.3893677707254382     
  0.33948762138704197        1.5384247186795603     
  0.41220775775346907        1.9114601554004846     
  0.50048824219328136        1.9773752068106052     
  0.60768816316668328        2.2677077439286997     
  0.73829232115333110        2.2528444997885049     
   6.2831853071800003E-003   2.0343206756256653     
   8.8857658763173177E-003 -0.29818577957818398     
   1.0882796185406024E-002   1.0457300620303509     
   1.2566370614360001E-002   2.4149123670060213     
   1.4781066825642925E-002  0.79717787002797580     
   1.9009758763406950E-002   1.4169180361284326     
   2.2558041930044626E-002  0.90227881727200654     
   2.7528404685550796E-002  0.75315973336500586     
   3.2924170772707526E-002   1.0826104699273047     
   3.9583345139207964E-002  0.76472674204715685     
   4.8482283607784241E-002   1.0843125358916119     
   5.9214978228736552E-002  0.72969804245151237     
   7.2080521460213362E-002   1.0099236940071348     
   8.7419255034663218E-002  0.99286677529875667     
  0.10579667824952024        1.4142810344157173     
  0.12854808104919171        1.3116852431352550     
  0.15632078169124311        1.6529971424917862     
  0.18975741449582317        1.6618654962594395     
  0.23032868064044379        1.8397164634703262     
  0.27962368063317661        1.8901730453197858     
  0.33948762138704197        2.1428774285803840     
  0.41220775775346907        2.7236107492708079     
  0.50048824219328136        2.8225833810978340     
  0.60768816316668328        3.0653270116023883     
  0.73829232115333110        2.7973386717784496     
   6.2831853071800003E-003   3.5082879755698264     
   8.8857658763173177E-003  0.44003401911333384     
   1.0882796185406024E-002  0.84217065904835231     
   1.2566370614360001E-002   2.3599900760061132     
   1.4781066825642925E-002  0.94402434516163680     
   1.9009758763406950E-002   1.5219493099637207     
   2.2558041930044626E-002   1.0316934050744113     
   2.7528404685550796E-002  0.48831545434494789     
   3.2924170772707526E-002   1.1777291969490393     
   3.9583345139207964E-002  0.87198946810293088     
   4.8482283607784241E-002  0.96069726757696816     
   5.9214978228736552E-002  0.95660166298384719     
   7.2080521460213362E-002   1.0536706806121459     
   8.7419255034663218E-002   1.0085068117670632     
  0.10579667824952024        1.2922676842248093     
  0.12854808104919171        1.5542477212594297     
  0.15632078169124311        2.0132906578820622     
  0.18975741449582317        1.8948129262708118     
  0.23032868064044379        2.2700552971503476     
  0.27962368063317661        2.7302475474427901     
  0.33948762138704197        2.9669980562303646     
  0.41220775775346907        3.8904495838668867     
  0.50048824219328136        4.0431666443797658     
  0.60768816316668328        4.5665073147187369     
  0.73829232115333110        5.1071098828176478     
   6.2831853071800003E-003   3.2504941933776950     
   8.8857658763173177E-003  0.61658521862132387     
   1.0882796185406024E-002   2.6568898528285874     
   1.2566370614360001E-002   1.3405464507795295     
   1.4781066825642925E-002   1.1093925106739506     
   1.9009758763406950E-002   1.5444492186912810     
   2.2558041930044626E-002  0.55077557216994733     
   2.7528404685550796E-002  0.17918451416292239     
   3.2924170772707526E-002  0.53546461926341271     
   3.9583345139207964E-002  0.89711750882309060     
   4.8482283607784241E-002  0.87723394841116364     
   5.9214978228736552E-002   1.2812321281206316     
   7.2080521460213362E-002   1.0438072041517386     
   8.7419255034663218E-002   1.4637920594237663     
  0.10579667824952024        1.9137833819733487     
  0.12854808104919171        2.0321909560003828     
  0.15632078169124311        2.8034831633319577     
  0.18975741449582317        2.9638262442662158     
  0.23032868064044379        4.4607004546349431     
  0.27962368063317661        5.4080870793715308     
  0.33948762138704197        6.5930761210549234     
  0.41220775775346907        7.7762902464904951     
  0.50048824219328136        9.3297602364186289     
  0.60768816316668328        9.7891015426464865     
  0.73829232115333110        10.462940954881859     
   6.2831853071800003E-003   1.9207996267205496     
   8.8857658763173177E-003   2.0047589792849982     
   1.0882796185406024E-002  -9.6772728924424276E-002
   1.2566370614360001E-002   2.7807284809091599     
   1.4781066825642925E-002  0.76528702542377591     
   1.9009758763406950E-002  0.94981454881485938     
   2.2558041930044626E-002  -4.1331092689946509E-002
   2.7528404685550796E-002  0.72757328865753268     
   3.2924170772707526E-002  0.60668623600171401     
   3.9583345139207964E-002  0.66422380485714916     
   4.8482283607784241E-002   1.3675120624324442     
   5.9214978228736552E-002  0.73856213486554934     
   7.2080521460213362E-002   1.0567816875853417     
   8.7419255034663218E-002   1.4037135292791236     
  0.10579667824952024        2.0065546756541881     
  0.12854808104919171        2.2043452612188212     
  0.15632078169124311        3.2310448133521841     
  0.18975741449582317        3.4498127083183543     
  0.23032868064044379        5.5509652453387872     
  0.27962368063317661        7.5748743215645398     
  0.33948762138704197        10.708803470799452     
  0.41220775775346907        13.993577294390182     
  0.50048824219328136        17.196847720712864     
  0.60768816316668328        19.551835953958470     
  0.73829232115333110        19.770932844170769     
   6.2831853071800003E-003  -2.0815019084516480     
   8.8857658763173177E-003  -3.1994262866722996     
   1.0882796185406024E-002  -1.4334132785074731     
   1.2566370614360001E-002  -5.8487511316635121     
   1.4781066825642925E-002 -0.56901277284347951     
   1.9009758763406950E-002   2.6299305491621023     
   2.2558041930044626E-002  0.90611067977610305     
   2.7528404685550796E-002  -9.7815659024545129E-002
   3.2924170772707526E-002   1.5911671001432617     
   3.9583345139207964E-002   1.0371859214925985     
   4.8482283607784241E-002   1.0085036673193906     
   5.9214978228736552E-002   1.0843748686316328     
   7.2080521460213362E-002  0.10567965923769515     
   8.7419255034663218E-002   3.0760938539069596     
  0.10579667824952024        3.5360135053510873     
  0.12854808104919171        2.4692765397532881     
  0.15632078169124311        5.4488458466496876     
  0.18975741449582317        5.6145902631996281     
  0.23032868064044379        6.9776120484273569     
  0.27962368063317661        9.7838008049888572     
  0.33948762138704197        11.503338168340795     
  0.41220775775346907        14.007826586239775     
  0.50048824219328136        12.583441764135618     
  0.60768816316668328        4.5184361209243518     
  0.73829232115333110       -4.2918863833372569     
   6.2831853071800003E-003  -30.374588495191091     
   8.8857658763173177E-003   2.6873042158718259     
   1.0882796185406024E-002   1.8459037361770398     
   1.2566370614360001E-002  -7.6711099839388019     
   1.4781066825642925E-002   1.3501288752759701     
   1.9009758763406950E-002  0.66287045278807089     
   2.2558041930044626E-002   1.1086872750370076     
   2.7528404685550796E-002  -1.9047302527997942     
   3.2924170772707526E-002   1.8362075121250419     
   3.9583345139207964E-002  0.89439111868771592     
   4.8482283607784241E-002  0.33123340037839355     
   5.9214978228736552E-002  0.88848365675371532     
   7.2080521460213362E-002  0.81496932947938483     
   8.7419255034663218E-002 -0.52837367961169934     
  0.10579667824952024      -0.50117684869754797     
  0.12854808104919171        3.7857076189425479E-002
  0.15632078169124311       -1.3570686826909140     
  0.18975741449582317      -0.94886892647816989     
  0.23032868064044379        1.7299104137685184     
  0.27962368063317661      -0.32361074519979521     
  0.33948762138704197       0.65097728502645902     
  0.41220775775346907       -1.4520470992711441     
  0.50048824219328136        2.1088905553115658     
  0.60768816316668328       -1.2769453321621311     
  0.73829232115333110       0.39236750309544710     
   6.2831853071800003E-003   2.6316457744806230     
   8.8857658763173177E-003  0.27917624660060131     
   1.0882796185406024E-002   3.9678296233574279     
   1.2566370614360001E-002  -2.3902793043343666     
   1.4781066825642925E-002 -0.53094391858219836     
   1.9009758763406950E-002  0.49076400620195998     
   2.2558041930044626E-002   2.4956961208052344     
   2.7528404685550796E-002 -0.31574973686017177     
   3.2924170772707526E-002   4.7354877638996887E-002
   3.9583345139207964E-002  0.53777475305326083     
   4.8482283607784241E-002 -0.80467438395853885     
   5.9214978228736552E-002 -0.84029663076804795     
   7.2080521460213362E-002 -0.11270968019158052     
   8.7419255034663218E-002  0.62501185775674828     
  0.10579667824952024       0.31686568386879532     
  0.12854808104919171      -0.37501885253433559     
  0.15632078169124311      -0.39269885174123770     
  0.18975741449582317       0.55080793939142814     
  0.23032868064044379      -0.15260339660463068     
  0.27962368063317661      -0.51149787119045664     
  0.33948762138704197       0.53053638403445136     
  0.41220775775346907      -0.64985162831394017     
  0.50048824219328136        6.5465161085803900E-002
  0.60768816316668328        1.2943808420862051     
  0.73829232115333110      -0.56802434137995284     
   6.2831853071800003E-003  -6.9437842712521904     
   8.8857658763173177E-003   5.4725249690814550     
   1.0882796185406024E-002   5.1499372686994285     
   1.2566370614360001E-002  -6.4744913361839256     
   1.4781066825642925E-002   2.6691116563663884     
   1.9009758763406950E-002  0.98462782379234415     
   2.2558041930044626E-002   1.2230336543509972     
   2.7528404685550796E-002  0.37003737145133991     
   3.2924170772707526E-002   1.1088315000310538     
   3.9583345139207964E-002  0.98031555110432977     
   4.8482283607784241E-002  0.22692621061799770     
   5.9214978228736552E-002  0.83433951916381144     
   7.2080521460213362E-002  0.69989638944450816     
   8.7419255034663218E-002  0.61930057617391954     
  0.10579667824952024       0.79178569614183991     
  0.12854808104919171       0.49678401303905589     
  0.15632078169124311       0.97526316343319530     
  0.18975741449582317       0.79581140306382459     
  0.23032868064044379        1.1986714277432471     
  0.27962368063317661        1.2745817209764114     
  0.33948762138704197        1.1986673580355804     
  0.41220775775346907        1.2298788472103639     
  0.50048824219328136        1.0385919079759143     
  0.60768816316668328        1.4795676963185276     
  0.73829232115333110        1.3925401081820294     
   6.2831853071800003E-003  -3.3017248828372305     
   8.8857658763173177E-003   5.0976735764305845     
   1.0882796185406024E-002   4.6463909952540403     
   1.2566370614360001E-002  -7.1466837413427875     
   1.4781066825642925E-002   2.5102705988149960     
   1.9009758763406950E-002   1.2089391513831551     
   2.2558041930044626E-002  0.61529479288503142     
   2.7528404685550796E-002  0.60370272023076044     
   3.2924170772707526E-002   1.1219783186829757     
   3.9583345139207964E-002   1.0126273378375410     
   4.8482283607784241E-002  0.30211113347470281     
   5.9214978228736552E-002  0.91802500264484699     
   7.2080521460213362E-002  0.65373008428435730     
   8.7419255034663218E-002  0.80556530624219769     
  0.10579667824952024       0.96453331092274219     
  0.12854808104919171       0.89602274068405463     
  0.15632078169124311        1.2168798698698302     
  0.18975741449582317       0.88333683313801148     
  0.23032868064044379        1.5265203596113228     
  0.27962368063317661        1.4920063513404034     
  0.33948762138704197        1.6063003345271989     
  0.41220775775346907        1.6275371077858154     
  0.50048824219328136        1.8258375064663561     
  0.60768816316668328        2.2587659849440467     
  0.73829232115333110        2.3721975167621605     
   6.2831853071800003E-003  -4.8661534046689265     
   8.8857658763173177E-003   3.2055063842192406     
   1.0882796185406024E-002   5.5192625622672873     
   1.2566370614360001E-002  -4.0156688534623806     
   1.4781066825642925E-002   1.9366090962089864     
   1.9009758763406950E-002  0.71583066698587106     
   2.2558041930044626E-002  0.74705260222128111     
   2.7528404685550796E-002  0.15507030581220443     
   3.2924170772707526E-002   1.1756128397845949     
   3.9583345139207964E-002   1.6647265280980963     
   4.8482283607784241E-002  0.22225627555014474     
   5.9214978228736552E-002  0.79609481401092286     
   7.2080521460213362E-002  0.87244006692816789     
   8.7419255034663218E-002  0.63522062947949021     
  0.10579667824952024       0.98686633917764388     
  0.12854808104919171       0.74145540527980747     
  0.15632078169124311        1.2616687245449021     
  0.18975741449582317        1.5817539420082281     
  0.23032868064044379        1.9884122474775818     
  0.27962368063317661        2.7377220293465299     
  0.33948762138704197        2.9997546693106738     
  0.41220775775346907        3.7878357784324077     
  0.50048824219328136        4.0873788599095491     
  0.60768816316668328        5.6365697523188425     
  0.73829232115333110        6.9657049073432171     
   6.2831853071800003E-003  -4.9353874201457435     
   8.8857658763173177E-003   1.7293549811040958     
   1.0882796185406024E-002   1.7442545540528560     
   1.2566370614360001E-002   2.0421564083702406     
   1.4781066825642925E-002   3.2402034909921547     
   1.9009758763406950E-002 -0.68814174898330482     
   2.2558041930044626E-002   5.1844576606051322E-003
   2.7528404685550796E-002  0.19005353785454232     
   3.2924170772707526E-002   1.5745769577498967     
   3.9583345139207964E-002  0.98603862165178746     
   4.8482283607784241E-002  0.97279242242811359     
   5.9214978228736552E-002   1.0014345316742397     
   7.2080521460213362E-002  0.47173100942606655     
   8.7419255034663218E-002  0.86407632730103245     
  0.10579667824952024        1.7740329247354589     
  0.12854808104919171        1.7189916396532656     
  0.15632078169124311        2.2219062938520735     
  0.18975741449582317        2.1170921266892249     
  0.23032868064044379        3.0870250202098277     
  0.27962368063317661        3.2139423961258391     
  0.33948762138704197        4.7313359846690766     
  0.41220775775346907        7.0855310717101938     
  0.50048824219328136        6.6342438267635666     
  0.60768816316668328        6.2637154813065301     
  0.73829232115333110        7.2549692766535925     
   6.2831853071800003E-003  -4.2602565757040551     
   8.8857658763173177E-003   2.1627998218063098     
   1.0882796185406024E-002   2.0092336448870181     
   1.2566370614360001E-002  -5.0372822516992386     
   1.4781066825642925E-002   2.6580433539851356     
   1.9009758763406950E-002  0.19624479788055585     
   2.2558041930044626E-002   1.0394385860972724     
   2.7528404685550796E-002 -0.14177256673807895     
   3.2924170772707526E-002  0.46119384805430891     
   3.9583345139207964E-002  0.80590439474335485     
   4.8482283607784241E-002  0.90056938350034377     
   5.9214978228736552E-002 -0.47812822811031624     
   7.2080521460213362E-002 -0.31296912140158456     
   8.7419255034663218E-002  0.14329635282020170     
  0.10579667824952024       0.61469614141118878     
  0.12854808104919171       0.51523178544782355     
  0.15632078169124311       0.62507684387446794     
  0.18975741449582317        1.2196313742036713     
  0.23032868064044379        2.2582726102081114     
  0.27962368063317661        1.9659845873120414     
  0.33948762138704197        3.7445596241776498     
  0.41220775775346907        4.1386056988359305     
  0.50048824219328136        5.6274077773643087     
  0.60768816316668328        6.2292813927667359     
  0.73829232115333110        5.9376896216836386     
   6.2831853071800003E-003  -30.374588495191091     
   8.8857658763173177E-003   2.6873042158718259     
   1.0882796185406024E-002   1.8459037361770398     
   1.2566370614360001E-002  -7.6711099839388019     
   1.4781066825642925E-002   1.3501288752759701     
   1.9009758763406950E-002  0.66287045278807089     
   2.2558041930044626E-002   1.1086872750370076     
   2.7528404685550796E-002  -1.9047302527997942     
   3.2924170772707526E-002   1.8362075121250419     
   3.9583345139207964E-002  0.89439111868771592     
   4.8482283607784241E-002  0.33123340037839355     
   5.9214978228736552E-002  0.88848365675371532     
   7.2080521460213362E-002  0.81496932947938483     
   8.7419255034663218E-002 -0.52837367961169934     
  0.10579667824952024      -0.50117684869754797     
  0.12854808104919171        3.7857076189425479E-002
  0.15632078169124311       -1.3570686826909140     
  0.18975741449582317      -0.94886892647816989     
  0.23032868064044379        1.7299104137685184     
  0.27962368063317661      -0.32361074519979521     
  0.33948762138704197       0.65097728502645902     
  0.41220775775346907       -1.4520470992711441     
  0.50048824219328136        2.1088905553115658     
  0.60768816316668328       -1.2769453321621311     
  0.73829232115333110       0.39236750309544710     
   6.2831853071800003E-003   4.7757133111985048     
   8.8857658763173177E-003  -2.6509340564864634     
   1.0882796185406024E-002  -1.2981335541144692     
   1.2566370614360001E-002   4.1691675485542223     
   1.4781066825642925E-002   1.2550377453554500     
   1.9009758763406950E-002  0.75876413017326994     
   2.2558041930044626E-002  0.98191922307731505     
   2.7528404685550796E-002  -1.3556505309377080     
   3.2924170772707526E-002  0.37693603840119405     
   3.9583345139207964E-002 -0.37965372660567304     
   4.8482283607784241E-002 -0.75127542741690956     
   5.9214978228736552E-002   1.0566510829349784     
   7.2080521460213362E-002 -0.42339885676826727     
   8.7419255034663218E-002  0.68543095953301147     
  0.10579667824952024      -0.58547966803318752     
  0.12854808104919171       0.45652334659229871     
  0.15632078169124311      -0.88860208839342214     
  0.18975741449582317       0.51110812453566856     
  0.23032868064044379      -0.43332320209382474     
  0.27962368063317661      -0.15995198721205148     
  0.33948762138704197        4.6625053237619216E-002
  0.41220775775346907       -1.0518963513578787     
  0.50048824219328136       -1.6118961765169078     
  0.60768816316668328       -2.1840477977952801     
  0.73829232115333110       -1.5248972003128494     
   6.2831853071800003E-003  -8.8333626742873061     
   8.8857658763173177E-003  0.27363132657260925     
   1.0882796185406024E-002 -0.78377578152930205     
   1.2566370614360001E-002  -14.279162290559489     
   1.4781066825642925E-002  -2.6907409026247890     
   1.9009758763406950E-002   3.3149459780561905     
   2.2558041930044626E-002   2.1800418075680548     
   2.7528404685550796E-002  -2.0723736199190275     
   3.2924170772707526E-002  0.65141057305919958     
   3.9583345139207964E-002  0.36487865162631894     
   4.8482283607784241E-002  -1.3756687542745896     
   5.9214978228736552E-002   1.3386962480270597     
   7.2080521460213362E-002  0.16715199063184999     
   8.7419255034663218E-002  0.22015890679299704     
  0.10579667824952024      -0.78620975628897671     
  0.12854808104919171       0.11156514343642521     
  0.15632078169124311      -0.36684938999143329     
  0.18975741449582317        4.6460300464656268E-002
  0.23032868064044379       0.16891141972477725     
  0.27962368063317661       0.14439369430266244     
  0.33948762138704197       0.17806738079013473     
  0.41220775775346907      -0.50081137148916866     
  0.50048824219328136       0.58023658002776979     
  0.60768816316668328      -0.60959998033447393     
  0.73829232115333110        9.8827069319447194E-002
   6.2831853071800003E-003  0.33881731966038942     
   8.8857658763173177E-003   1.2379262381236489     
   1.0882796185406024E-002  -3.6619424356556879E-002
   1.2566370614360001E-002   4.5404456418182182     
   1.4781066825642925E-002 -0.35270995218536916     
   1.9009758763406950E-002  0.95392799566834630     
   2.2558041930044626E-002   2.3732874317884280     
   2.7528404685550796E-002  0.86475155355879985     
   3.2924170772707526E-002  0.92837036594068523     
   3.9583345139207964E-002  0.80735572987282467     
   4.8482283607784241E-002 -0.45183216638922918     
   5.9214978228736552E-002  0.38947666974225226     
   7.2080521460213362E-002  -1.1365103068236489E-002
   8.7419255034663218E-002  0.24830730006594401     
  0.10579667824952024       0.23900638925021661     
  0.12854808104919171       0.22575266857331067     
  0.15632078169124311       -8.5009868684608622E-002
  0.18975741449582317       0.17890103721366069     
  0.23032868064044379       0.47034419229083368     
  0.27962368063317661       0.27252980206875888     
  0.33948762138704197       0.41581582268880529     
  0.41220775775346907       0.31428591885215024     
  0.50048824219328136       0.62934551473315670     
  0.60768816316668328       0.41528221261846104     
  0.73829232115333110       0.85760416405119533     
   6.2831853071800003E-003   2.6793091875376081     
   8.8857658763173177E-003   1.6285319592458811     
   1.0882796185406024E-002 -0.83659885123857192     
   1.2566370614360001E-002   5.0123145789484793     
   1.4781066825642925E-002  0.11894270617825907     
   1.9009758763406950E-002   1.1676380641467963     
   2.2558041930044626E-002   2.7877176793529395     
   2.7528404685550796E-002   1.0489244964600231     
   3.2924170772707526E-002  0.87344535031827208     
   3.9583345139207964E-002  0.99071492980349540     
   4.8482283607784241E-002 -0.46842917239346832     
   5.9214978228736552E-002  0.64841653366083352     
   7.2080521460213362E-002  0.18830350349463812     
   8.7419255034663218E-002  0.48880544930436587     
  0.10579667824952024       0.54638332402955836     
  0.12854808104919171       0.29425917473803431     
  0.15632078169124311        9.7555948447839241E-002
  0.18975741449582317       0.50967093854956613     
  0.23032868064044379       0.80570839766059710     
  0.27962368063317661       0.26819423622805333     
  0.33948762138704197        1.1607115343727199     
  0.41220775775346907        1.4241425563743448     
  0.50048824219328136        1.5873203662958406     
  0.60768816316668328        1.8018849925792784     
  0.73829232115333110        1.8055994404213904     
   6.2831853071800003E-003   1.6348236474026043     
   8.8857658763173177E-003   1.2369994333653711     
   1.0882796185406024E-002   1.1152695325510398     
   1.2566370614360001E-002  -1.9471404030017772     
   1.4781066825642925E-002   4.4760862416284151E-002
   1.9009758763406950E-002  -8.8970730688606846E-003
   2.2558041930044626E-002   2.2723369241179237     
   2.7528404685550796E-002  0.64459063237738456     
   3.2924170772707526E-002  0.63181603501928685     
   3.9583345139207964E-002  0.65314426198482167     
   4.8482283607784241E-002 -0.32923165796198467     
   5.9214978228736552E-002  -5.5381044306369635E-002
   7.2080521460213362E-002 -0.29672149316158175     
   8.7419255034663218E-002   5.3491532199373817E-002
  0.10579667824952024       -8.3655606644897518E-002
  0.12854808104919171       0.25011122542648817     
  0.15632078169124311       -1.6955435587227365E-002
  0.18975741449582317       -1.3894820088310048E-003
  0.23032868064044379       0.18609697892788618     
  0.27962368063317661       0.56237047520921790     
  0.33948762138704197       -5.8999834645399339E-002
  0.41220775775346907       0.15836795860503505     
  0.50048824219328136      -0.64764101016506581     
  0.60768816316668328       -1.1312516224672240     
  0.73829232115333110       0.36726695110417146     
   6.2831853071800003E-003  -7.1967929719606154     
   8.8857658763173177E-003   3.5519422617363903     
   1.0882796185406024E-002  -1.9501198135420645     
   1.2566370614360001E-002  -5.7983994521955484     
   1.4781066825642925E-002   5.4067342340044365E-002
   1.9009758763406950E-002   2.0213287736989449     
   2.2558041930044626E-002   2.1446074058082112     
   2.7528404685550796E-002   2.1497272976181883     
   3.2924170772707526E-002  0.45559525113347715     
   3.9583345139207964E-002  0.51176061270522943     
   4.8482283607784241E-002  0.25606644147504537     
   5.9214978228736552E-002   1.2312891271539130     
   7.2080521460213362E-002  0.46961992476916359     
   8.7419255034663218E-002   1.8845506202402473     
  0.10579667824952024        1.7117038648289178     
  0.12854808104919171        1.0323397101702287     
  0.15632078169124311        1.6430635431146769     
  0.18975741449582317        1.5631973708853715     
  0.23032868064044379        2.1005602346523919     
  0.27962368063317661        3.2207703421455807     
  0.33948762138704197        7.4212126434433694     
  0.41220775775346907        8.6370020801401530     
  0.50048824219328136        9.9432455470410961     
  0.60768816316668328        9.3410242426291212     
  0.73829232115333110        12.050551420531187     
   6.2831853071800003E-003   5.5089148133490218     
   8.8857658763173177E-003  -2.7675704176038995     
   1.0882796185406024E-002 -0.77787039519821743     
   1.2566370614360001E-002   7.4873813533126494     
   1.4781066825642925E-002  0.87388175555069081     
   1.9009758763406950E-002 -0.77682165849034313     
   2.2558041930044626E-002  0.62238118342701310     
   2.7528404685550796E-002  0.91194644673103009     
   3.2924170772707526E-002  -1.3092855477024667     
   3.9583345139207964E-002  0.16447927383480651     
   4.8482283607784241E-002 -0.24625866929667814     
   5.9214978228736552E-002  -7.2397287972895156E-003
   7.2080521460213362E-002 -0.48170647521617038     
   8.7419255034663218E-002  -4.8659910648418882E-002
  0.10579667824952024       -6.3931403052978689E-002
  0.12854808104919171       0.22286682685760206     
  0.15632078169124311      -0.20991085229068804     
  0.18975741449582317       -1.3593724872194967E-003
  0.23032868064044379       0.16432525202957732     
  0.27962368063317661       -7.7293767397405233E-002
  0.33948762138704197      -0.25592320056773782     
  0.41220775775346907       0.54892180443747274     
  0.50048824219328136       -5.8380289252709848E-002
  0.60768816316668328       0.11594656088082320     
  0.73829232115333110      -0.27486313880655372     
   6.2831853071800003E-003   2.6316457744806230     
   8.8857658763173177E-003  0.27917624660060131     
   1.0882796185406024E-002   3.9678296233574279     
   1.2566370614360001E-002  -2.3902793043343666     
   1.4781066825642925E-002 -0.53094391858219836     
   1.9009758763406950E-002  0.49076400620195998     
   2.2558041930044626E-002   2.4956961208052344     
   2.7528404685550796E-002 -0.31574973686017177     
   3.2924170772707526E-002   4.7354877638996887E-002
   3.9583345139207964E-002  0.53777475305326083     
   4.8482283607784241E-002 -0.80467438395853885     
   5.9214978228736552E-002 -0.84029663076804795     
   7.2080521460213362E-002 -0.11270968019158052     
   8.7419255034663218E-002  0.62501185775674828     
  0.10579667824952024       0.31686568386879532     
  0.12854808104919171      -0.37501885253433559     
  0.15632078169124311      -0.39269885174123770     
  0.18975741449582317       0.55080793939142814     
  0.23032868064044379      -0.15260339660463068     
  0.27962368063317661      -0.51149787119045664     
  0.33948762138704197       0.53053638403445136     
  0.41220775775346907      -0.64985162831394017     
  0.50048824219328136        6.5465161085803900E-002
  0.60768816316668328        1.2943808420862051     
  0.73829232115333110      -0.56802434137995284     
   6.2831853071800003E-003  -8.8333626742873061     
   8.8857658763173177E-003  0.27363132657260925     
   1.0882796185406024E-002 -0.78377578152930205     
   1.2566370614360001E-002  -14.279162290559489     
   1.4781066825642925E-002  -2.6907409026247890     
   1.9009758763406950E-002   3.3149459780561905     
   2.2558041930044626E-002   2.1800418075680548     
   2.7528404685550796E-002  -2.0723736199190275     
   3.2924170772707526E-002  0.65141057305919958     
   3.9583345139207964E-002  0.36487865162631894     
   4.8482283607784241E-002  -1.3756687542745896     
   5.9214978228736552E-002   1.3386962480270597     
   7.2080521460213362E-002  0.16715199063184999     
   8.7419255034663218E-002  0.22015890679299704     
  0.10579667824952024      -0.78620975628897671     
  0.12854808104919171       0.11156514343642521     
  0.15632078169124311      -0.36684938999143329     
  0.18975741449582317        4.6460300464656268E-002
  0.23032868064044379       0.16891141972477725     
  0.27962368063317661       0.14439369430266244     
  0.33948762138704197       0.17806738079013473     
  0.41220775775346907      -0.50081137148916866     
  0.50048824219328136       0.58023658002776979     
  0.60768816316668328      -0.60959998033447393     
  0.73829232115333110        9.8827069319447194E-002
   6.2831853071800003E-003  -3.2059186184645854     
   8.8857658763173177E-003  -13.590785374605611     
   1.0882796185406024E-002   1.8105637977940892     
   1.2566370614360001E-002 -0.65834138136537868     
   1.4781066825642925E-002   3.4223904988111009     
   1.9009758763406950E-002  -2.5757850167192360     
   2.2558041930044626E-002   7.3585413450809808E-002
   2.7528404685550796E-002 -0.52062832683878801     
   3.2924170772707526E-002  -1.6071468738777130     
   3.9583345139207964E-002   1.8874064396906816     
   4.8482283607784241E-002   6.8520393160538012E-002
   5.9214978228736552E-002  0.54489453257926401     
   7.2080521460213362E-002 -0.38232022056521803     
   8.7419255034663218E-002   2.5086546413138483E-003
  0.10579667824952024       0.88829727762952548     
  0.12854808104919171       0.16431946294838815     
  0.15632078169124311        1.4361467557701841     
  0.18975741449582317        2.2199857773520693     
  0.23032868064044379        7.1900276711145548     
  0.27962368063317661        12.389530126798169     
  0.33948762138704197        28.802174827236925     
  0.41220775775346907        63.937080240207784     
  0.50048824219328136        146.12586529010704     
  0.60768816316668328        340.76146406127776     
  0.73829232115333110        822.94807468130307     
