   6.2831853071800003E-003  0.97583331999625877     
   8.8857658763173177E-003   1.0263817782192675     
   1.0882796185406024E-002  0.86876156244321234     
   1.2566370614360001E-002   1.0608679862682731     
   1.4781066825642925E-002  0.97273355529966188     
   1.9009758763406950E-002   1.0428397387032304     
   2.2558041930044626E-002   1.0401504210340997     
   2.7528404685550796E-002   1.0237510699516841     
   3.2924170772707526E-002  0.97718511760173632     
   3.9583345139207964E-002  0.98190466578531399     
   4.8482283607784241E-002   1.0180615983882915     
   5.9214978228736552E-002  0.98843661358330626     
   7.2080521460213362E-002   1.0048443889681711     
   8.7419255034663218E-002   1.0166734637180246     
  0.10579667824952024        1.0442697771453842     
  0.12854808104919171       0.98918317727541505     
  0.15632078169124311        1.0993280387259632     
  0.18975741449582317        1.0747088488993630     
  0.23032868064044379        1.1752097605075191     
  0.27962368063317661        1.2441482253243248     
  0.33948762138704197        1.3395985348214825     
  0.41220775775346907        1.4613360298926326     
  0.50048824219328136        1.6158071105555949     
  0.60768816316668328        1.8080744382748599     
  0.73829232115333110        2.0626985914592719     
   6.2831853071800003E-003  0.99771165156659003     
   8.8857658763173177E-003   1.0966165653625313     
   1.0882796185406024E-002  0.88606747754219639     
   1.2566370614360001E-002   1.0783175263746128     
   1.4781066825642925E-002  0.91844852321739823     
   1.9009758763406950E-002  0.98141359903120562     
   2.2558041930044626E-002  0.98083794054459861     
   2.7528404685550796E-002   1.0136702173573393     
   3.2924170772707526E-002  0.98063308768858792     
   3.9583345139207964E-002   1.0077546943282434     
   4.8482283607784241E-002   1.0058985417516002     
   5.9214978228736552E-002   1.0059786920463265     
   7.2080521460213362E-002   1.0052603289240545     
   8.7419255034663218E-002   1.0153055496900234     
  0.10579667824952024        1.0575867944369246     
  0.12854808104919171       0.98823951158300671     
  0.15632078169124311        1.1055522562794795     
  0.18975741449582317        1.0854037793787599     
  0.23032868064044379        1.1906179387127536     
  0.27962368063317661        1.2745104750513758     
  0.33948762138704197        1.3684468563063661     
  0.41220775775346907        1.4935512996205216     
  0.50048824219328136        1.6449553974042541     
  0.60768816316668328        1.8354578097265279     
  0.73829232115333110        2.0567212736815623     
   6.2831853071800003E-003  0.52005917019211978     
   8.8857658763173177E-003   1.0667267905870330     
   1.0882796185406024E-002  0.78265933919185926     
   1.2566370614360001E-002  0.54138269828311225     
   1.4781066825642925E-002   1.1237697273907987     
   1.9009758763406950E-002   1.0608624047857333     
   2.2558041930044626E-002   1.0326943533451634     
   2.7528404685550796E-002   1.0470634829494352     
   3.2924170772707526E-002   1.0214023989769381     
   3.9583345139207964E-002   1.0122044895590094     
   4.8482283607784241E-002   1.0318058027576273     
   5.9214978228736552E-002   1.0283453238160891     
   7.2080521460213362E-002   1.0429193928610891     
   8.7419255034663218E-002   1.0351344954990465     
  0.10579667824952024        1.0646324516814099     
  0.12854808104919171        1.0273466442903769     
  0.15632078169124311        1.1368368907976019     
  0.18975741449582317        1.1215673814099703     
  0.23032868064044379        1.1995327911085543     
  0.27962368063317661        1.2717530098955008     
  0.33948762138704197        1.3583481950383982     
  0.41220775775346907        1.4731026967584562     
  0.50048824219328136        1.5968293151725947     
  0.60768816316668328        1.7381978646498208     
  0.73829232115333110        1.9014015685031356     
   6.2831853071800003E-003   1.3232752701806625     
   8.8857658763173177E-003   1.3988218748487329     
   1.0882796185406024E-002  0.93896268195654875     
   1.2566370614360001E-002  0.93402829775473561     
   1.4781066825642925E-002  0.99366196599375578     
   1.9009758763406950E-002   1.0215640355843341     
   2.2558041930044626E-002  0.96742532979891693     
   2.7528404685550796E-002  0.93413124036677242     
   3.2924170772707526E-002   1.1162604657688229     
   3.9583345139207964E-002   1.0050225816330398     
   4.8482283607784241E-002   1.0051377028149964     
   5.9214978228736552E-002  0.98021608643670555     
   7.2080521460213362E-002  0.98010119073676827     
   8.7419255034663218E-002   1.0114003625165098     
  0.10579667824952024        1.0251026493042379     
  0.12854808104919171       0.97172773019904857     
  0.15632078169124311        1.0505931350769582     
  0.18975741449582317        1.0381130118502235     
  0.23032868064044379        1.1241611880566171     
  0.27962368063317661        1.1795780259852962     
  0.33948762138704197        1.2606804313595830     
  0.41220775775346907        1.3191554488017678     
  0.50048824219328136        1.3936674878537361     
  0.60768816316668328        1.4966500640230069     
  0.73829232115333110        1.5612820447771938     
   6.2831853071800003E-003   1.4704684241495245     
   8.8857658763173177E-003  0.13489596184590114     
   1.0882796185406024E-002   1.8339344956902706     
   1.2566370614360001E-002  0.58729120413155977     
   1.4781066825642925E-002   1.3596577952039910     
   1.9009758763406950E-002   1.4445179655686828     
   2.2558041930044626E-002   1.1129930238408750     
   2.7528404685550796E-002  0.83214547381710668     
   3.2924170772707526E-002   1.0560602457383783     
   3.9583345139207964E-002   1.0211840316058460     
   4.8482283607784241E-002   1.0387237763609984     
   5.9214978228736552E-002   1.0689285785528553     
   7.2080521460213362E-002   1.0304929502705451     
   8.7419255034663218E-002   1.0171218193185561     
  0.10579667824952024        1.0279720148491323     
  0.12854808104919171       0.94046375677195948     
  0.15632078169124311        1.0433285988247647     
  0.18975741449582317       0.97693476741968277     
  0.23032868064044379        1.1132064315229253     
  0.27962368063317661        1.1292540181112298     
  0.33948762138704197        1.2073270360096535     
  0.41220775775346907        1.2495194394424416     
  0.50048824219328136        1.2840875924203772     
  0.60768816316668328        1.3445220394475697     
  0.73829232115333110        1.3572796718498052     
   6.2831853071800003E-003   2.7573773926803207     
   8.8857658763173177E-003   3.0664819213018735     
   1.0882796185406024E-002   3.0000543523492151     
   1.2566370614360001E-002   1.3943074476327297     
   1.4781066825642925E-002  0.24427943013450434     
   1.9009758763406950E-002   1.1355222281196582     
   2.2558041930044626E-002   1.0247279262109124     
   2.7528404685550796E-002   1.1726944594345683     
   3.2924170772707526E-002  0.90687807962815448     
   3.9583345139207964E-002  0.94728485033584719     
   4.8482283607784241E-002  0.79641081321822249     
   5.9214978228736552E-002  0.72421345108115120     
   7.2080521460213362E-002   1.0592153820454577     
   8.7419255034663218E-002   1.0083376094032128     
  0.10579667824952024        1.0237783584223801     
  0.12854808104919171       0.91845958276410733     
  0.15632078169124311       0.98847576853378016     
  0.18975741449582317       0.98938788805070721     
  0.23032868064044379       0.97956846523009233     
  0.27962368063317661        1.0470480391737400     
  0.33948762138704197        1.1141173240738074     
  0.41220775775346907        1.0848581390975296     
  0.50048824219328136        1.2595393567760869     
  0.60768816316668328        1.1314892303265380     
  0.73829232115333110        1.0318649948827858     
   6.2831853071800003E-003  -9.2817080703168244     
   8.8857658763173177E-003  -4.1589660305296521     
   1.0882796185406024E-002  -1.3180141929387776     
   1.2566370614360001E-002   1.1575291640414276     
   1.4781066825642925E-002   1.1283405623128373     
   1.9009758763406950E-002 -0.84091457158765603     
   2.2558041930044626E-002   1.9324050536113684     
   2.7528404685550796E-002   1.1102303844897157     
   3.2924170772707526E-002   1.7969558320708896     
   3.9583345139207964E-002   1.0523194843668198     
   4.8482283607784241E-002  0.46139048454694115     
   5.9214978228736552E-002  0.86894269432581095     
   7.2080521460213362E-002  0.88649845681742478     
   8.7419255034663218E-002  0.86423852689190561     
  0.10579667824952024       0.77071984728505427     
  0.12854808104919171       0.67863373983766861     
  0.15632078169124311        1.0571025425666891     
  0.18975741449582317       0.67692265585704481     
  0.23032868064044379       0.85077700868721240     
  0.27962368063317661       0.99153419144761901     
  0.33948762138704197       0.94886570652346114     
  0.41220775775346907        1.1657882418372165     
  0.50048824219328136       0.90954294199193964     
  0.60768816316668328       0.97882689511666043     
  0.73829232115333110       0.83274871227145608     
   6.2831853071800003E-003   6.6615087363272893     
   8.8857658763173177E-003 -0.15457238037788681     
   1.0882796185406024E-002  0.18182025296450732     
   1.2566370614360001E-002   2.0674982201658185     
   1.4781066825642925E-002  -9.9760328108774443E-002
   1.9009758763406950E-002  -4.6460959733493110E-002
   2.2558041930044626E-002  0.97602790710795195     
   2.7528404685550796E-002  0.82636520940112079     
   3.2924170772707526E-002   2.2847544613991935     
   3.9583345139207964E-002 -0.50333409791902561     
   4.8482283607784241E-002 -0.36520012846493494     
   5.9214978228736552E-002  0.74060638650154320     
   7.2080521460213362E-002  0.63870130094534350     
   8.7419255034663218E-002  0.21574077425862945     
  0.10579667824952024       0.31349785561401727     
  0.12854808104919171       0.13366753498091527     
  0.15632078169124311       0.51053115637065638     
  0.18975741449582317       0.36331497079246000     
  0.23032868064044379       0.24054568238371954     
  0.27962368063317661       0.58228343216362599     
  0.33948762138704197       0.62091998925647107     
  0.41220775775346907       0.45626644509341802     
  0.50048824219328136       0.42659774755450519     
  0.60768816316668328       0.55789648813810089     
  0.73829232115333110       0.43904662036151171     
   6.2831853071800003E-003  0.99771165156659003     
   8.8857658763173177E-003   1.0966165653625313     
   1.0882796185406024E-002  0.88606747754219639     
   1.2566370614360001E-002   1.0783175263746128     
   1.4781066825642925E-002  0.91844852321739823     
   1.9009758763406950E-002  0.98141359903120562     
   2.2558041930044626E-002  0.98083794054459861     
   2.7528404685550796E-002   1.0136702173573393     
   3.2924170772707526E-002  0.98063308768858792     
   3.9583345139207964E-002   1.0077546943282434     
   4.8482283607784241E-002   1.0058985417516002     
   5.9214978228736552E-002   1.0059786920463265     
   7.2080521460213362E-002   1.0052603289240545     
   8.7419255034663218E-002   1.0153055496900234     
  0.10579667824952024        1.0575867944369246     
  0.12854808104919171       0.98823951158300671     
  0.15632078169124311        1.1055522562794795     
  0.18975741449582317        1.0854037793787599     
  0.23032868064044379        1.1906179387127536     
  0.27962368063317661        1.2745104750513758     
  0.33948762138704197        1.3684468563063661     
  0.41220775775346907        1.4935512996205216     
  0.50048824219328136        1.6449553974042541     
  0.60768816316668328        1.8354578097265279     
  0.73829232115333110        2.0567212736815623     
   6.2831853071800003E-003  0.92950980488180890     
   8.8857658763173177E-003   1.1284871182813685     
   1.0882796185406024E-002  0.89635189655710357     
   1.2566370614360001E-002   1.1477415323223612     
   1.4781066825642925E-002  0.85649008574590457     
   1.9009758763406950E-002  0.91957588105408827     
   2.2558041930044626E-002  0.93417634241610181     
   2.7528404685550796E-002  0.99889029549169495     
   3.2924170772707526E-002  0.98533091471358569     
   3.9583345139207964E-002   1.0373531187454752     
   4.8482283607784241E-002  0.99424958161536547     
   5.9214978228736552E-002   1.0277797489372054     
   7.2080521460213362E-002   1.0104531676349757     
   8.7419255034663218E-002   1.0339277231072133     
  0.10579667824952024        1.0899119906929593     
  0.12854808104919171        1.0185192810397334     
  0.15632078169124311        1.1659653157546750     
  0.18975741449582317        1.1598891881817133     
  0.23032868064044379        1.2853313438939058     
  0.27962368063317661        1.4083648881259678     
  0.33948762138704197        1.5407882363554206     
  0.41220775775346907        1.7125215200305151     
  0.50048824219328136        1.9137722868221312     
  0.60768816316668328        2.1473190642506488     
  0.73829232115333110        2.4266021934950897     
   6.2831853071800003E-003  0.54737084493559796     
   8.8857658763173177E-003   1.1303241423127648     
   1.0882796185406024E-002  0.83835671458876260     
   1.2566370614360001E-002  0.54206948207042904     
   1.4781066825642925E-002   1.0443722763455674     
   1.9009758763406950E-002  0.97618788975150550     
   2.2558041930044626E-002  0.97747485627909558     
   2.7528404685550796E-002   1.0227366915975771     
   3.2924170772707526E-002   1.0267946122628970     
   3.9583345139207964E-002   1.0387343432951701     
   4.8482283607784241E-002   1.0338697784214714     
   5.9214978228736552E-002   1.0502835603595699     
   7.2080521460213362E-002   1.0676792548803427     
   8.7419255034663218E-002   1.0613101190483316     
  0.10579667824952024        1.1273356261499086     
  0.12854808104919171        1.1024868321519323     
  0.15632078169124311        1.2493553032501192     
  0.18975741449582317        1.2470048707822992     
  0.23032868064044379        1.3863514629845386     
  0.27962368063317661        1.5242868916109189     
  0.33948762138704197        1.6731731179861062     
  0.41220775775346907        1.8615167957289880     
  0.50048824219328136        2.0512441534039403     
  0.60768816316668328        2.2796983241695172     
  0.73829232115333110        2.4971769603132050     
   6.2831853071800003E-003   1.3125904320614379     
   8.8857658763173177E-003   1.4754765108963828     
   1.0882796185406024E-002  0.94843147509485115     
   1.2566370614360001E-002   1.0869268247949444     
   1.4781066825642925E-002  0.92142283041469863     
   1.9009758763406950E-002  0.93713687928131606     
   2.2558041930044626E-002  0.89008629338389467     
   2.7528404685550796E-002  0.91554857339316986     
   3.2924170772707526E-002   1.1105562414373360     
   3.9583345139207964E-002   1.0453234836865164     
   4.8482283607784241E-002  0.99387450755812623     
   5.9214978228736552E-002  0.99322206456664663     
   7.2080521460213362E-002  0.99544049545492774     
   8.7419255034663218E-002   1.0500591863399562     
  0.10579667824952024        1.0986412706079649     
  0.12854808104919171        1.0384547739176102     
  0.15632078169124311        1.1720292769463270     
  0.18975741449582317        1.1895184683093589     
  0.23032868064044379        1.3362647878544625     
  0.27962368063317661        1.4469753686109617     
  0.33948762138704197        1.5592366602356420     
  0.41220775775346907        1.6650218167192730     
  0.50048824219328136        1.7790969599551505     
  0.60768816316668328        1.9137706887669681     
  0.73829232115333110        2.0380111820407132     
   6.2831853071800003E-003   1.2282123456999750     
   8.8857658763173177E-003  0.12271387815899225     
   1.0882796185406024E-002   1.7085140572384050     
   1.2566370614360001E-002  0.86941635648949112     
   1.4781066825642925E-002   1.2561851782987041     
   1.9009758763406950E-002   1.3461686324000488     
   2.2558041930044626E-002   1.1699103908321089     
   2.7528404685550796E-002  0.81836934068040124     
   3.2924170772707526E-002   1.0197170573563761     
   3.9583345139207964E-002   1.0424260901896465     
   4.8482283607784241E-002   1.0274623902970226     
   5.9214978228736552E-002   1.1092880708963151     
   7.2080521460213362E-002   1.0543996104054023     
   8.7419255034663218E-002   1.1194697926281780     
  0.10579667824952024        1.0729658316093296     
  0.12854808104919171        1.0437755592817826     
  0.15632078169124311        1.2519630689359569     
  0.18975741449582317        1.1396765233779611     
  0.23032868064044379        1.3500224842989905     
  0.27962368063317661        1.4340827372824487     
  0.33948762138704197        1.4927990141613179     
  0.41220775775346907        1.5671206419655321     
  0.50048824219328136        1.5586339793849970     
  0.60768816316668328        1.6581950695898897     
  0.73829232115333110        1.5792575813462504     
   6.2831853071800003E-003   2.3427162342540497     
   8.8857658763173177E-003   3.0659138498921807     
   1.0882796185406024E-002   3.4224373021407266     
   1.2566370614360001E-002   1.3860925530489470     
   1.4781066825642925E-002  0.22036343288081209     
   1.9009758763406950E-002  0.98018956078368258     
   2.2558041930044626E-002  0.89892314586305300     
   2.7528404685550796E-002   1.1749664186703206     
   3.2924170772707526E-002  0.99383484047388659     
   3.9583345139207964E-002  0.95611160315717558     
   4.8482283607784241E-002  0.84899391409869929     
   5.9214978228736552E-002  0.71303585121510471     
   7.2080521460213362E-002   1.0798821685382891     
   8.7419255034663218E-002   1.0259445068279263     
  0.10579667824952024        1.1613048046782468     
  0.12854808104919171       0.97573470592111433     
  0.15632078169124311        1.2142936482585600     
  0.18975741449582317        1.2780016829667973     
  0.23032868064044379        1.1600259794967887     
  0.27962368063317661        1.3349490492492864     
  0.33948762138704197        1.3188767401844361     
  0.41220775775346907        1.5383527434175002     
  0.50048824219328136        1.6952550560228536     
  0.60768816316668328        1.6264081210987795     
  0.73829232115333110        1.3475438928152790     
   6.2831853071800003E-003  -8.8402247268340446     
   8.8857658763173177E-003  -3.6141835197436438     
   1.0882796185406024E-002 -0.39710347893758335     
   1.2566370614360001E-002  0.29063802900017760     
   1.4781066825642925E-002   1.2540300685971488     
   1.9009758763406950E-002 -0.63051168697922499     
   2.2558041930044626E-002   1.4637357687374812     
   2.7528404685550796E-002   1.1820174302312942     
   3.2924170772707526E-002   1.6696058926005470     
   3.9583345139207964E-002   1.1263668394954056     
   4.8482283607784241E-002  0.54942411864302754     
   5.9214978228736552E-002  0.89832941007122402     
   7.2080521460213362E-002  0.90891310887462995     
   8.7419255034663218E-002  0.76370636355089694     
  0.10579667824952024       0.89697725293786346     
  0.12854808104919171       0.73209493302801931     
  0.15632078169124311        1.0198093889896338     
  0.18975741449582317       0.72356648762787457     
  0.23032868064044379       0.96821168599402352     
  0.27962368063317661       0.97280839791652640     
  0.33948762138704197       0.78227636135319978     
  0.41220775775346907       0.97025385043014400     
  0.50048824219328136       0.97735390323818228     
  0.60768816316668328        1.0711154807555936     
  0.73829232115333110       0.48645049071613689     
   6.2831853071800003E-003   6.5679172187346486     
   8.8857658763173177E-003 -0.69974702084171636     
   1.0882796185406024E-002  0.45845720063782647     
   1.2566370614360001E-002   1.6045115347797598     
   1.4781066825642925E-002 -0.30192625831390796     
   1.9009758763406950E-002  0.50923878875453477     
   2.2558041930044626E-002   1.0364314873716736     
   2.7528404685550796E-002   1.2263682454833802     
   3.2924170772707526E-002   2.4582718360797196     
   3.9583345139207964E-002 -0.63170718130007164     
   4.8482283607784241E-002 -0.14706199682463911     
   5.9214978228736552E-002  0.71369475738908938     
   7.2080521460213362E-002  0.51216022462830246     
   8.7419255034663218E-002  0.29012929988166297     
  0.10579667824952024       0.66679261273057056     
  0.12854808104919171        4.7467306394573881E-002
  0.15632078169124311       0.44305080155095911     
  0.18975741449582317       0.56655761816854677     
  0.23032868064044379       0.42512879674240689     
  0.27962368063317661       0.77018972111204242     
  0.33948762138704197        1.1639395727402218     
  0.41220775775346907       0.75297666994730195     
  0.50048824219328136       0.50542196224719027     
  0.60768816316668328        1.0806515038585471     
  0.73829232115333110        1.0625082418528595     
   6.2831853071800003E-003  0.52005917019211978     
   8.8857658763173177E-003   1.0667267905870330     
   1.0882796185406024E-002  0.78265933919185926     
   1.2566370614360001E-002  0.54138269828311225     
   1.4781066825642925E-002   1.1237697273907987     
   1.9009758763406950E-002   1.0608624047857333     
   2.2558041930044626E-002   1.0326943533451634     
   2.7528404685550796E-002   1.0470634829494352     
   3.2924170772707526E-002   1.0214023989769381     
   3.9583345139207964E-002   1.0122044895590094     
   4.8482283607784241E-002   1.0318058027576273     
   5.9214978228736552E-002   1.0283453238160891     
   7.2080521460213362E-002   1.0429193928610891     
   8.7419255034663218E-002   1.0351344954990465     
  0.10579667824952024        1.0646324516814099     
  0.12854808104919171        1.0273466442903769     
  0.15632078169124311        1.1368368907976019     
  0.18975741449582317        1.1215673814099703     
  0.23032868064044379        1.1995327911085543     
  0.27962368063317661        1.2717530098955008     
  0.33948762138704197        1.3583481950383982     
  0.41220775775346907        1.4731026967584562     
  0.50048824219328136        1.5968293151725947     
  0.60768816316668328        1.7381978646498208     
  0.73829232115333110        1.9014015685031356     
   6.2831853071800003E-003  0.54737084493559796     
   8.8857658763173177E-003   1.1303241423127648     
   1.0882796185406024E-002  0.83835671458876260     
   1.2566370614360001E-002  0.54206948207042904     
   1.4781066825642925E-002   1.0443722763455674     
   1.9009758763406950E-002  0.97618788975150550     
   2.2558041930044626E-002  0.97747485627909558     
   2.7528404685550796E-002   1.0227366915975771     
   3.2924170772707526E-002   1.0267946122628970     
   3.9583345139207964E-002   1.0387343432951701     
   4.8482283607784241E-002   1.0338697784214714     
   5.9214978228736552E-002   1.0502835603595699     
   7.2080521460213362E-002   1.0676792548803427     
   8.7419255034663218E-002   1.0613101190483316     
  0.10579667824952024        1.1273356261499086     
  0.12854808104919171        1.1024868321519323     
  0.15632078169124311        1.2493553032501192     
  0.18975741449582317        1.2470048707822992     
  0.23032868064044379        1.3863514629845386     
  0.27962368063317661        1.5242868916109189     
  0.33948762138704197        1.6731731179861062     
  0.41220775775346907        1.8615167957289880     
  0.50048824219328136        2.0512441534039403     
  0.60768816316668328        2.2796983241695172     
  0.73829232115333110        2.4971769603132050     
   6.2831853071800003E-003   6.6470620783853185E-002
   8.8857658763173177E-003   1.0452439418772435     
   1.0882796185406024E-002  0.91113059468898350     
   1.2566370614360001E-002  0.13938062086816502     
   1.4781066825642925E-002   1.4980200999625692     
   1.9009758763406950E-002   1.0669803289639310     
   2.2558041930044626E-002   1.1009317802440879     
   2.7528404685550796E-002   1.1772832579952559     
   3.2924170772707526E-002   1.1974838622925505     
   3.9583345139207964E-002   1.1964871032146098     
   4.8482283607784241E-002   1.1561805397401981     
   5.9214978228736552E-002   1.2158884374039722     
   7.2080521460213362E-002   1.2769209088770592     
   8.7419255034663218E-002   1.2573556745442609     
  0.10579667824952024        1.3714251136541238     
  0.12854808104919171        1.3870736010954650     
  0.15632078169124311        1.6019584633718023     
  0.18975741449582317        1.6471971838143298     
  0.23032868064044379        1.8604634311553438     
  0.27962368063317661        2.0879442693380801     
  0.33948762138704197        2.2658648570094133     
  0.41220775775346907        2.5727911541209898     
  0.50048824219328136        2.8546645087495421     
  0.60768816316668328        3.1902104394380286     
  0.73829232115333110        3.5208548926892114     
   6.2831853071800003E-003  0.75191038148746570     
   8.8857658763173177E-003   1.4734561422643409     
   1.0882796185406024E-002  0.62357117784983107     
   1.2566370614360001E-002  0.49082680738367612     
   1.4781066825642925E-002   1.1513764568877400     
   1.9009758763406950E-002   1.0083888511945704     
   2.2558041930044626E-002  0.95543949592922073     
   2.7528404685550796E-002  0.92313281260014679     
   3.2924170772707526E-002   1.1880288219721471     
   3.9583345139207964E-002   1.0809674320658385     
   4.8482283607784241E-002   1.0376992127896900     
   5.9214978228736552E-002   1.0500160941517396     
   7.2080521460213362E-002   1.1272137899506480     
   8.7419255034663218E-002   1.1448202977232969     
  0.10579667824952024        1.2666472927375267     
  0.12854808104919171        1.2629197953421694     
  0.15632078169124311        1.4561464238936888     
  0.18975741449582317        1.5194627633302329     
  0.23032868064044379        1.7032213653462880     
  0.27962368063317661        1.9090247440067416     
  0.33948762138704197        2.1592223544905931     
  0.41220775775346907        2.3008959198307384     
  0.50048824219328136        2.5206118628513354     
  0.60768816316668328        2.7811477748097113     
  0.73829232115333110        3.0280911432480746     
   6.2831853071800003E-003  0.29240796334593938     
   8.8857658763173177E-003  0.38633189249450256     
   1.0882796185406024E-002   1.6338815201498764     
   1.2566370614360001E-002  0.67745797103804173     
   1.4781066825642925E-002   1.6412001310247346     
   1.9009758763406950E-002   1.1750858689906600     
   2.2558041930044626E-002   1.0603235498760026     
   2.7528404685550796E-002  0.77102297633549832     
   3.2924170772707526E-002  0.88429667315811122     
   3.9583345139207964E-002   1.0548448690527557     
   4.8482283607784241E-002   1.0377665278443704     
   5.9214978228736552E-002   1.0923961196369278     
   7.2080521460213362E-002   1.1153471366056178     
   8.7419255034663218E-002   1.1287404052301417     
  0.10579667824952024        1.2541247985669937     
  0.12854808104919171        1.1936669572577956     
  0.15632078169124311        1.4318230829784053     
  0.18975741449582317        1.2783842600709354     
  0.23032868064044379        1.6606542508860977     
  0.27962368063317661        1.7404333792672455     
  0.33948762138704197        1.7776152530599298     
  0.41220775775346907        1.9307297041870226     
  0.50048824219328136        2.0824309989134320     
  0.60768816316668328        2.2287789057095839     
  0.73829232115333110        2.0135505948577048     
   6.2831853071800003E-003  0.41207088143498072     
   8.8857658763173177E-003   2.7157322679472569     
   1.0882796185406024E-002   2.6008779676849985     
   1.2566370614360001E-002  0.88334524655589042     
   1.4781066825642925E-002  0.26703854223266088     
   1.9009758763406950E-002  0.93467587667580743     
   2.2558041930044626E-002   1.0572635991710728     
   2.7528404685550796E-002   1.0659765527096667     
   3.2924170772707526E-002   1.1579968931912943     
   3.9583345139207964E-002   1.0662262394752096     
   4.8482283607784241E-002  0.75458014103442683     
   5.9214978228736552E-002  0.75888732882301491     
   7.2080521460213362E-002   1.1442640152423564     
   8.7419255034663218E-002   1.1524441244621915     
  0.10579667824952024        1.2187296723626972     
  0.12854808104919171        1.1140968496579757     
  0.15632078169124311        1.2880731726168966     
  0.18975741449582317        1.3646339872258846     
  0.23032868064044379        1.4661253246666170     
  0.27962368063317661        1.3612199047245861     
  0.33948762138704197        1.5555531446001205     
  0.41220775775346907        1.9852679365561374     
  0.50048824219328136        1.8713703786515898     
  0.60768816316668328        1.6533855072375148     
  0.73829232115333110        1.3614622705353192     
   6.2831853071800003E-003  -3.7391839935903142     
   8.8857658763173177E-003  -3.5634054239461124     
   1.0882796185406024E-002 -0.39142450884303548     
   1.2566370614360001E-002   1.0073210509827717     
   1.4781066825642925E-002   1.0809373336209303     
   1.9009758763406950E-002 -0.68783585977816564     
   2.2558041930044626E-002   1.3588254730426546     
   2.7528404685550796E-002  0.90375747848877686     
   3.2924170772707526E-002   1.8576631912369741     
   3.9583345139207964E-002   1.0762318822787362     
   4.8482283607784241E-002  0.39350248417847844     
   5.9214978228736552E-002  0.88206891632680018     
   7.2080521460213362E-002   1.0717525020816023     
   8.7419255034663218E-002  0.71364674215871582     
  0.10579667824952024       0.83245535040440111     
  0.12854808104919171       0.94395412452124250     
  0.15632078169124311        1.5423209847554742     
  0.18975741449582317       0.93051649032556516     
  0.23032868064044379        1.2775045514517085     
  0.27962368063317661        1.4450902948186024     
  0.33948762138704197        1.5814389469063392     
  0.41220775775346907        2.2046274600564413     
  0.50048824219328136        1.9796598880961076     
  0.60768816316668328        1.9035260593280798     
  0.73829232115333110        1.3176793408689051     
   6.2831853071800003E-003   4.7780730301942773     
   8.8857658763173177E-003  -2.3130881254660092     
   1.0882796185406024E-002 -0.99414114708855716     
   1.2566370614360001E-002  0.84214021406199402     
   1.4781066825642925E-002  0.17983202433189222     
   1.9009758763406950E-002  0.58893691612148136     
   2.2558041930044626E-002   1.2294672938356590     
   2.7528404685550796E-002   1.4914036958779335     
   3.2924170772707526E-002   2.4217007579876078     
   3.9583345139207964E-002  -1.2006433758219628     
   4.8482283607784241E-002 -0.65769535764742915     
   5.9214978228736552E-002  0.60844825509925526     
   7.2080521460213362E-002  0.54512884645495130     
   8.7419255034663218E-002  -6.0439583302450646E-002
  0.10579667824952024       0.54320669675982636     
  0.12854808104919171      -0.53567927993054709     
  0.15632078169124311        2.6273355856035609E-002
  0.18975741449582317      -0.14510768204602251     
  0.23032868064044379      -0.53487863871655783     
  0.27962368063317661      -0.23300986510571883     
  0.33948762138704197       0.97243639161817719     
  0.41220775775346907        9.9332404480216671E-002
  0.50048824219328136      -0.89926072365574827     
  0.60768816316668328       0.39465437543707832     
  0.73829232115333110       -1.0592430152882555     
   6.2831853071800003E-003   1.3232752701806625     
   8.8857658763173177E-003   1.3988218748487329     
   1.0882796185406024E-002  0.93896268195654875     
   1.2566370614360001E-002  0.93402829775473561     
   1.4781066825642925E-002  0.99366196599375578     
   1.9009758763406950E-002   1.0215640355843341     
   2.2558041930044626E-002  0.96742532979891693     
   2.7528404685550796E-002  0.93413124036677242     
   3.2924170772707526E-002   1.1162604657688229     
   3.9583345139207964E-002   1.0050225816330398     
   4.8482283607784241E-002   1.0051377028149964     
   5.9214978228736552E-002  0.98021608643670555     
   7.2080521460213362E-002  0.98010119073676827     
   8.7419255034663218E-002   1.0114003625165098     
  0.10579667824952024        1.0251026493042379     
  0.12854808104919171       0.97172773019904857     
  0.15632078169124311        1.0505931350769582     
  0.18975741449582317        1.0381130118502235     
  0.23032868064044379        1.1241611880566171     
  0.27962368063317661        1.1795780259852962     
  0.33948762138704197        1.2606804313595830     
  0.41220775775346907        1.3191554488017678     
  0.50048824219328136        1.3936674878537361     
  0.60768816316668328        1.4966500640230069     
  0.73829232115333110        1.5612820447771938     
   6.2831853071800003E-003   1.3125904320614379     
   8.8857658763173177E-003   1.4754765108963828     
   1.0882796185406024E-002  0.94843147509485115     
   1.2566370614360001E-002   1.0869268247949444     
   1.4781066825642925E-002  0.92142283041469863     
   1.9009758763406950E-002  0.93713687928131606     
   2.2558041930044626E-002  0.89008629338389467     
   2.7528404685550796E-002  0.91554857339316986     
   3.2924170772707526E-002   1.1105562414373360     
   3.9583345139207964E-002   1.0453234836865164     
   4.8482283607784241E-002  0.99387450755812623     
   5.9214978228736552E-002  0.99322206456664663     
   7.2080521460213362E-002  0.99544049545492774     
   8.7419255034663218E-002   1.0500591863399562     
  0.10579667824952024        1.0986412706079649     
  0.12854808104919171        1.0384547739176102     
  0.15632078169124311        1.1720292769463270     
  0.18975741449582317        1.1895184683093589     
  0.23032868064044379        1.3362647878544625     
  0.27962368063317661        1.4469753686109617     
  0.33948762138704197        1.5592366602356420     
  0.41220775775346907        1.6650218167192730     
  0.50048824219328136        1.7790969599551505     
  0.60768816316668328        1.9137706887669681     
  0.73829232115333110        2.0380111820407132     
   6.2831853071800003E-003  0.75191038148746570     
   8.8857658763173177E-003   1.4734561422643409     
   1.0882796185406024E-002  0.62357117784983107     
   1.2566370614360001E-002  0.49082680738367612     
   1.4781066825642925E-002   1.1513764568877400     
   1.9009758763406950E-002   1.0083888511945704     
   2.2558041930044626E-002  0.95543949592922073     
   2.7528404685550796E-002  0.92313281260014679     
   3.2924170772707526E-002   1.1880288219721471     
   3.9583345139207964E-002   1.0809674320658385     
   4.8482283607784241E-002   1.0376992127896900     
   5.9214978228736552E-002   1.0500160941517396     
   7.2080521460213362E-002   1.1272137899506480     
   8.7419255034663218E-002   1.1448202977232969     
  0.10579667824952024        1.2666472927375267     
  0.12854808104919171        1.2629197953421694     
  0.15632078169124311        1.4561464238936888     
  0.18975741449582317        1.5194627633302329     
  0.23032868064044379        1.7032213653462880     
  0.27962368063317661        1.9090247440067416     
  0.33948762138704197        2.1592223544905931     
  0.41220775775346907        2.3008959198307384     
  0.50048824219328136        2.5206118628513354     
  0.60768816316668328        2.7811477748097113     
  0.73829232115333110        3.0280911432480746     
   6.2831853071800003E-003   1.3340663080468127     
   8.8857658763173177E-003   1.5368450052522209     
   1.0882796185406024E-002  0.63414942395901086     
   1.2566370614360001E-002  0.86806491555830345     
   1.4781066825642925E-002  0.88590964715923459     
   1.9009758763406950E-002   1.0710048434533148     
   2.2558041930044626E-002  0.84258495979638981     
   2.7528404685550796E-002  0.74601492664400315     
   3.2924170772707526E-002   1.1166197146898100     
   3.9583345139207964E-002  0.97644603038557298     
   4.8482283607784241E-002   1.0407302653760258     
   5.9214978228736552E-002   1.0624570177347281     
   7.2080521460213362E-002   1.1111584930351954     
   8.7419255034663218E-002   1.1826374178871260     
  0.10579667824952024        1.2687306661191926     
  0.12854808104919171        1.3864048606511528     
  0.15632078169124311        1.5566448925317860     
  0.18975741449582317        1.7036976836827351     
  0.23032868064044379        1.9575697180768636     
  0.27962368063317661        2.0857207464586618     
  0.33948762138704197        2.4360628505137432     
  0.41220775775346907        2.5666710682811544     
  0.50048824219328136        2.7791742116883551     
  0.60768816316668328        3.1152234015982154     
  0.73829232115333110        3.7698731243100494     
   6.2831853071800003E-003  0.78729544880598845     
   8.8857658763173177E-003  0.49579196724611541     
   1.0882796185406024E-002  0.90850868089319703     
   1.2566370614360001E-002   1.0613987956158255     
   1.4781066825642925E-002   1.0363580865215565     
   1.9009758763406950E-002   1.2189644081854978     
   2.2558041930044626E-002  0.82445880866554566     
   2.7528404685550796E-002  0.64404278617956168     
   3.2924170772707526E-002   1.0577520317520199     
   3.9583345139207964E-002  0.94415722353054754     
   4.8482283607784241E-002   1.1089668690749706     
   5.9214978228736552E-002   1.0916981605167899     
   7.2080521460213362E-002   1.1455307604028147     
   8.7419255034663218E-002   1.1746946810164003     
  0.10579667824952024        1.2732676662720348     
  0.12854808104919171        1.3365054318378751     
  0.15632078169124311        1.7386492321208507     
  0.18975741449582317        1.6996007941155944     
  0.23032868064044379        2.1076794887939481     
  0.27962368063317661        2.3344578339993545     
  0.33948762138704197        2.7755090415470778     
  0.41220775775346907        3.1762604186179906     
  0.50048824219328136        3.1397409140626036     
  0.60768816316668328        3.3694734003161364     
  0.73829232115333110        3.2606124547521191     
   6.2831853071800003E-003   2.5383353539775793     
   8.8857658763173177E-003   3.3644372149562174     
   1.0882796185406024E-002   2.6597611369849177     
   1.2566370614360001E-002 -0.11552527363600069     
   1.4781066825642925E-002  0.25540197086041400     
   1.9009758763406950E-002   1.0253733214360150     
   2.2558041930044626E-002   1.0011600776084606     
   2.7528404685550796E-002  0.95114951587968311     
   3.2924170772707526E-002   1.0748992077785580     
   3.9583345139207964E-002  0.55050384515917761     
   4.8482283607784241E-002  0.99976608894399832     
   5.9214978228736552E-002  0.79513142052873464     
   7.2080521460213362E-002   1.2186230249413559     
   8.7419255034663218E-002   1.2055317196860105     
  0.10579667824952024        1.5238550635614139     
  0.12854808104919171        1.4373762001710553     
  0.15632078169124311        1.8233360916815045     
  0.18975741449582317        1.7000131775583325     
  0.23032868064044379        1.8950882928946218     
  0.27962368063317661        2.5645097855213494     
  0.33948762138704197        2.5392830916897493     
  0.41220775775346907        2.2625365662823089     
  0.50048824219328136        2.1080622788543102     
  0.60768816316668328        2.0011598480625965     
  0.73829232115333110        1.7069752160985781     
   6.2831853071800003E-003  -9.6896820816846105     
   8.8857658763173177E-003  -5.8651911172948585     
   1.0882796185406024E-002 -0.62694958957511382     
   1.2566370614360001E-002  -2.3770818096472413     
   1.4781066825642925E-002  0.75140698000662842     
   1.9009758763406950E-002 -0.15856636487603615     
   2.2558041930044626E-002  0.31450022265661293     
   2.7528404685550796E-002   1.1206218506585017     
   3.2924170772707526E-002   2.0643819878683503     
   3.9583345139207964E-002   1.4592602714599314     
   4.8482283607784241E-002  0.41411052222318739     
   5.9214978228736552E-002   1.2401773890869121     
   7.2080521460213362E-002  0.74135285692373165     
   8.7419255034663218E-002  0.99254125544876237     
  0.10579667824952024        1.6568366034165134     
  0.12854808104919171        1.8061853003461508     
  0.15632078169124311        2.3772295526088820     
  0.18975741449582317        2.5266679223889654     
  0.23032868064044379        2.0802008088950616     
  0.27962368063317661        2.6987271302997868     
  0.33948762138704197        2.5050785987387241     
  0.41220775775346907        2.4470536546353512     
  0.50048824219328136        1.5242959358349333     
  0.60768816316668328        2.7144834822331085     
  0.73829232115333110       0.91026451554885979     
   6.2831853071800003E-003   11.491789064990764     
   8.8857658763173177E-003   3.0682150958010146     
   1.0882796185406024E-002   1.2831579450328792     
   1.2566370614360001E-002  -5.1652783917645761     
   1.4781066825642925E-002  -1.2754500837689919     
   1.9009758763406950E-002  0.20303557824414400     
   2.2558041930044626E-002   2.3629941260911189     
   2.7528404685550796E-002  0.32389001157960445     
   3.2924170772707526E-002   1.6967099339806819     
   3.9583345139207964E-002  -1.1140632344737076     
   4.8482283607784241E-002   3.1438343282589987E-002
   5.9214978228736552E-002  0.50131598397328458     
   7.2080521460213362E-002 -0.25389429479149134     
   8.7419255034663218E-002  0.61468709676383981     
  0.10579667824952024       0.68712950718523258     
  0.12854808104919171        1.0878026253481676     
  0.15632078169124311        1.7670533568272149     
  0.18975741449582317        1.6857839991811188     
  0.23032868064044379        2.6888982633830003     
  0.27962368063317661       -5.2145098785534666E-002
  0.33948762138704197       0.97067823648769491     
  0.41220775775346907       0.78754816752342016     
  0.50048824219328136        1.5637246703384573     
  0.60768816316668328        3.4278955374140927     
  0.73829232115333110       -1.6439680053551091     
   6.2831853071800003E-003   1.4704684241495245     
   8.8857658763173177E-003  0.13489596184590114     
   1.0882796185406024E-002   1.8339344956902706     
   1.2566370614360001E-002  0.58729120413155977     
   1.4781066825642925E-002   1.3596577952039910     
   1.9009758763406950E-002   1.4445179655686828     
   2.2558041930044626E-002   1.1129930238408750     
   2.7528404685550796E-002  0.83214547381710668     
   3.2924170772707526E-002   1.0560602457383783     
   3.9583345139207964E-002   1.0211840316058460     
   4.8482283607784241E-002   1.0387237763609984     
   5.9214978228736552E-002   1.0689285785528553     
   7.2080521460213362E-002   1.0304929502705451     
   8.7419255034663218E-002   1.0171218193185561     
  0.10579667824952024        1.0279720148491323     
  0.12854808104919171       0.94046375677195948     
  0.15632078169124311        1.0433285988247647     
  0.18975741449582317       0.97693476741968277     
  0.23032868064044379        1.1132064315229253     
  0.27962368063317661        1.1292540181112298     
  0.33948762138704197        1.2073270360096535     
  0.41220775775346907        1.2495194394424416     
  0.50048824219328136        1.2840875924203772     
  0.60768816316668328        1.3445220394475697     
  0.73829232115333110        1.3572796718498052     
   6.2831853071800003E-003   1.2282123456999750     
   8.8857658763173177E-003  0.12271387815899225     
   1.0882796185406024E-002   1.7085140572384050     
   1.2566370614360001E-002  0.86941635648949112     
   1.4781066825642925E-002   1.2561851782987041     
   1.9009758763406950E-002   1.3461686324000488     
   2.2558041930044626E-002   1.1699103908321089     
   2.7528404685550796E-002  0.81836934068040124     
   3.2924170772707526E-002   1.0197170573563761     
   3.9583345139207964E-002   1.0424260901896465     
   4.8482283607784241E-002   1.0274623902970226     
   5.9214978228736552E-002   1.1092880708963151     
   7.2080521460213362E-002   1.0543996104054023     
   8.7419255034663218E-002   1.1194697926281780     
  0.10579667824952024        1.0729658316093296     
  0.12854808104919171        1.0437755592817826     
  0.15632078169124311        1.2519630689359569     
  0.18975741449582317        1.1396765233779611     
  0.23032868064044379        1.3500224842989905     
  0.27962368063317661        1.4340827372824487     
  0.33948762138704197        1.4927990141613179     
  0.41220775775346907        1.5671206419655321     
  0.50048824219328136        1.5586339793849970     
  0.60768816316668328        1.6581950695898897     
  0.73829232115333110        1.5792575813462504     
   6.2831853071800003E-003  0.29240796334593938     
   8.8857658763173177E-003  0.38633189249450256     
   1.0882796185406024E-002   1.6338815201498764     
   1.2566370614360001E-002  0.67745797103804173     
   1.4781066825642925E-002   1.6412001310247346     
   1.9009758763406950E-002   1.1750858689906600     
   2.2558041930044626E-002   1.0603235498760026     
   2.7528404685550796E-002  0.77102297633549832     
   3.2924170772707526E-002  0.88429667315811122     
   3.9583345139207964E-002   1.0548448690527557     
   4.8482283607784241E-002   1.0377665278443704     
   5.9214978228736552E-002   1.0923961196369278     
   7.2080521460213362E-002   1.1153471366056178     
   8.7419255034663218E-002   1.1287404052301417     
  0.10579667824952024        1.2541247985669937     
  0.12854808104919171        1.1936669572577956     
  0.15632078169124311        1.4318230829784053     
  0.18975741449582317        1.2783842600709354     
  0.23032868064044379        1.6606542508860977     
  0.27962368063317661        1.7404333792672455     
  0.33948762138704197        1.7776152530599298     
  0.41220775775346907        1.9307297041870226     
  0.50048824219328136        2.0824309989134320     
  0.60768816316668328        2.2287789057095839     
  0.73829232115333110        2.0135505948577048     
   6.2831853071800003E-003  0.78729544880598845     
   8.8857658763173177E-003  0.49579196724611541     
   1.0882796185406024E-002  0.90850868089319703     
   1.2566370614360001E-002   1.0613987956158255     
   1.4781066825642925E-002   1.0363580865215565     
   1.9009758763406950E-002   1.2189644081854978     
   2.2558041930044626E-002  0.82445880866554566     
   2.7528404685550796E-002  0.64404278617956168     
   3.2924170772707526E-002   1.0577520317520199     
   3.9583345139207964E-002  0.94415722353054754     
   4.8482283607784241E-002   1.1089668690749706     
   5.9214978228736552E-002   1.0916981605167899     
   7.2080521460213362E-002   1.1455307604028147     
   8.7419255034663218E-002   1.1746946810164003     
  0.10579667824952024        1.2732676662720348     
  0.12854808104919171        1.3365054318378751     
  0.15632078169124311        1.7386492321208507     
  0.18975741449582317        1.6996007941155944     
  0.23032868064044379        2.1076794887939481     
  0.27962368063317661        2.3344578339993545     
  0.33948762138704197        2.7755090415470778     
  0.41220775775346907        3.1762604186179906     
  0.50048824219328136        3.1397409140626036     
  0.60768816316668328        3.3694734003161364     
  0.73829232115333110        3.2606124547521191     
   6.2831853071800003E-003  0.55507096904593956     
   8.8857658763173177E-003  -1.0825969824982085     
   1.0882796185406024E-002   3.0023672131270738     
   1.2566370614360001E-002  -1.0833565587298413     
   1.4781066825642925E-002   2.0178654848984512     
   1.9009758763406950E-002   1.4451442126341358     
   2.2558041930044626E-002   1.0651282060056309     
   2.7528404685550796E-002  0.43221521715754124     
   3.2924170772707526E-002  0.62520144402230193     
   3.9583345139207964E-002  0.60768692523481527     
   4.8482283607784241E-002  0.97260525706074585     
   5.9214978228736552E-002   1.1030010777783448     
   7.2080521460213362E-002   1.1705127024407118     
   8.7419255034663218E-002   1.1147796064615672     
  0.10579667824952024        1.2973450463494520     
  0.12854808104919171        1.2194260901043936     
  0.15632078169124311        1.9356783201350898     
  0.18975741449582317        1.8106779195157856     
  0.23032868064044379        1.9116408148166035     
  0.27962368063317661        2.3699255919758131     
  0.33948762138704197        2.7343306790355593     
  0.41220775775346907        3.3447970826038138     
  0.50048824219328136        3.9041509770273151     
  0.60768816316668328        5.3536197782869372     
  0.73829232115333110        7.0723712542326052     
   6.2831853071800003E-003   5.4279252184900484     
   8.8857658763173177E-003   1.2884470230740162     
   1.0882796185406024E-002   3.3197891832573290     
   1.2566370614360001E-002  0.25768150120611893     
   1.4781066825642925E-002  0.21473571632154734     
   1.9009758763406950E-002   2.8924543212184948     
   2.2558041930044626E-002  0.54194815041796041     
   2.7528404685550796E-002  0.36222578645566939     
   3.2924170772707526E-002   1.0144179719758879     
   3.9583345139207964E-002   1.0564251365133901     
   4.8482283607784241E-002  0.75507677435604736     
   5.9214978228736552E-002   1.0696275272878000     
   7.2080521460213362E-002  0.68324691240904900     
   8.7419255034663218E-002   1.4107578056115166     
  0.10579667824952024        1.4131645300808333     
  0.12854808104919171        1.4592335962922856     
  0.15632078169124311        2.1264309426459107     
  0.18975741449582317        2.0659802836387420     
  0.23032868064044379        2.7169111844399838     
  0.27962368063317661        3.2433180894740223     
  0.33948762138704197        3.3820515831670255     
  0.41220775775346907        3.7451837705306157     
  0.50048824219328136        3.3315398185487410     
  0.60768816316668328        3.8733785944789991     
  0.73829232115333110        5.2581317710682178     
   6.2831853071800003E-003  -11.161371627835802     
   8.8857658763173177E-003  -2.3052226753512342     
   1.0882796185406024E-002  -4.6444549692231378     
   1.2566370614360001E-002  -2.9268619640755480     
   1.4781066825642925E-002   1.4053517229513099     
   1.9009758763406950E-002  -1.6576019597538654     
   2.2558041930044626E-002   1.0470419815010719     
   2.7528404685550796E-002   1.4707770440598298     
   3.2924170772707526E-002  0.78902608221355619     
   3.9583345139207964E-002   1.0876985284911564     
   4.8482283607784241E-002  0.45517474016909631     
   5.9214978228736552E-002   1.0425693601160708     
   7.2080521460213362E-002 -0.10292233371016100     
   8.7419255034663218E-002   1.1499750022436432     
  0.10579667824952024        3.1605468897934474     
  0.12854808104919171        2.2500590307059163     
  0.15632078169124311        2.5013109377171379     
  0.18975741449582317        3.3802376162144956     
  0.23032868064044379        4.7763252836389674     
  0.27962368063317661        3.7891543945869373     
  0.33948762138704197        4.5945948794959888     
  0.41220775775346907        5.9357986037311328     
  0.50048824219328136        5.6696864868655590     
  0.60768816316668328        7.1793060625725307     
  0.73829232115333110        4.0280450702302799     
   6.2831853071800003E-003   1.0721347250580899     
   8.8857658763173177E-003  -2.2458625070422680     
   1.0882796185406024E-002   4.6264527487252520     
   1.2566370614360001E-002  -2.1321421516111698     
   1.4781066825642925E-002   1.8010322858169214     
   1.9009758763406950E-002  -2.5141044829184893     
   2.2558041930044626E-002  -1.1934944406828656     
   2.7528404685550796E-002 -0.76613527569624418     
   3.2924170772707526E-002   1.7095153139779420     
   3.9583345139207964E-002 -0.75953937177855591     
   4.8482283607784241E-002 -0.46540251291364065     
   5.9214978228736552E-002  0.83318188838607499     
   7.2080521460213362E-002  0.25606310808704125     
   8.7419255034663218E-002  0.33241436983647232     
  0.10579667824952024        1.2083753588956092     
  0.12854808104919171       0.52560030788885603     
  0.15632078169124311       0.45004050744307411     
  0.18975741449582317       0.28377233729367030     
  0.23032868064044379      -0.32739106569625609     
  0.27962368063317661      -0.97347882431042809     
  0.33948762138704197       -1.5924047137877384     
  0.41220775775346907      -0.34371406659611820     
  0.50048824219328136        2.5604497769677765     
  0.60768816316668328       0.92010734518972714     
  0.73829232115333110       -3.7879496100547163     
   6.2831853071800003E-003   2.7573773926803207     
   8.8857658763173177E-003   3.0664819213018735     
   1.0882796185406024E-002   3.0000543523492151     
   1.2566370614360001E-002   1.3943074476327297     
   1.4781066825642925E-002  0.24427943013450434     
   1.9009758763406950E-002   1.1355222281196582     
   2.2558041930044626E-002   1.0247279262109124     
   2.7528404685550796E-002   1.1726944594345683     
   3.2924170772707526E-002  0.90687807962815448     
   3.9583345139207964E-002  0.94728485033584719     
   4.8482283607784241E-002  0.79641081321822249     
   5.9214978228736552E-002  0.72421345108115120     
   7.2080521460213362E-002   1.0592153820454577     
   8.7419255034663218E-002   1.0083376094032128     
  0.10579667824952024        1.0237783584223801     
  0.12854808104919171       0.91845958276410733     
  0.15632078169124311       0.98847576853378016     
  0.18975741449582317       0.98938788805070721     
  0.23032868064044379       0.97956846523009233     
  0.27962368063317661        1.0470480391737400     
  0.33948762138704197        1.1141173240738074     
  0.41220775775346907        1.0848581390975296     
  0.50048824219328136        1.2595393567760869     
  0.60768816316668328        1.1314892303265380     
  0.73829232115333110        1.0318649948827858     
   6.2831853071800003E-003   2.3427162342540497     
   8.8857658763173177E-003   3.0659138498921807     
   1.0882796185406024E-002   3.4224373021407266     
   1.2566370614360001E-002   1.3860925530489470     
   1.4781066825642925E-002  0.22036343288081209     
   1.9009758763406950E-002  0.98018956078368258     
   2.2558041930044626E-002  0.89892314586305300     
   2.7528404685550796E-002   1.1749664186703206     
   3.2924170772707526E-002  0.99383484047388659     
   3.9583345139207964E-002  0.95611160315717558     
   4.8482283607784241E-002  0.84899391409869929     
   5.9214978228736552E-002  0.71303585121510471     
   7.2080521460213362E-002   1.0798821685382891     
   8.7419255034663218E-002   1.0259445068279263     
  0.10579667824952024        1.1613048046782468     
  0.12854808104919171       0.97573470592111433     
  0.15632078169124311        1.2142936482585600     
  0.18975741449582317        1.2780016829667973     
  0.23032868064044379        1.1600259794967887     
  0.27962368063317661        1.3349490492492864     
  0.33948762138704197        1.3188767401844361     
  0.41220775775346907        1.5383527434175002     
  0.50048824219328136        1.6952550560228536     
  0.60768816316668328        1.6264081210987795     
  0.73829232115333110        1.3475438928152790     
   6.2831853071800003E-003  0.41207088143498072     
   8.8857658763173177E-003   2.7157322679472569     
   1.0882796185406024E-002   2.6008779676849985     
   1.2566370614360001E-002  0.88334524655589042     
   1.4781066825642925E-002  0.26703854223266088     
   1.9009758763406950E-002  0.93467587667580743     
   2.2558041930044626E-002   1.0572635991710728     
   2.7528404685550796E-002   1.0659765527096667     
   3.2924170772707526E-002   1.1579968931912943     
   3.9583345139207964E-002   1.0662262394752096     
   4.8482283607784241E-002  0.75458014103442683     
   5.9214978228736552E-002  0.75888732882301491     
   7.2080521460213362E-002   1.1442640152423564     
   8.7419255034663218E-002   1.1524441244621915     
  0.10579667824952024        1.2187296723626972     
  0.12854808104919171        1.1140968496579757     
  0.15632078169124311        1.2880731726168966     
  0.18975741449582317        1.3646339872258846     
  0.23032868064044379        1.4661253246666170     
  0.27962368063317661        1.3612199047245861     
  0.33948762138704197        1.5555531446001205     
  0.41220775775346907        1.9852679365561374     
  0.50048824219328136        1.8713703786515898     
  0.60768816316668328        1.6533855072375148     
  0.73829232115333110        1.3614622705353192     
   6.2831853071800003E-003   2.5383353539775793     
   8.8857658763173177E-003   3.3644372149562174     
   1.0882796185406024E-002   2.6597611369849177     
   1.2566370614360001E-002 -0.11552527363600069     
   1.4781066825642925E-002  0.25540197086041400     
   1.9009758763406950E-002   1.0253733214360150     
   2.2558041930044626E-002   1.0011600776084606     
   2.7528404685550796E-002  0.95114951587968311     
   3.2924170772707526E-002   1.0748992077785580     
   3.9583345139207964E-002  0.55050384515917761     
   4.8482283607784241E-002  0.99976608894399832     
   5.9214978228736552E-002  0.79513142052873464     
   7.2080521460213362E-002   1.2186230249413559     
   8.7419255034663218E-002   1.2055317196860105     
  0.10579667824952024        1.5238550635614139     
  0.12854808104919171        1.4373762001710553     
  0.15632078169124311        1.8233360916815045     
  0.18975741449582317        1.7000131775583325     
  0.23032868064044379        1.8950882928946218     
  0.27962368063317661        2.5645097855213494     
  0.33948762138704197        2.5392830916897493     
  0.41220775775346907        2.2625365662823089     
  0.50048824219328136        2.1080622788543102     
  0.60768816316668328        2.0011598480625965     
  0.73829232115333110        1.7069752160985781     
   6.2831853071800003E-003   5.4279252184900484     
   8.8857658763173177E-003   1.2884470230740162     
   1.0882796185406024E-002   3.3197891832573290     
   1.2566370614360001E-002  0.25768150120611893     
   1.4781066825642925E-002  0.21473571632154734     
   1.9009758763406950E-002   2.8924543212184948     
   2.2558041930044626E-002  0.54194815041796041     
   2.7528404685550796E-002  0.36222578645566939     
   3.2924170772707526E-002   1.0144179719758879     
   3.9583345139207964E-002   1.0564251365133901     
   4.8482283607784241E-002  0.75507677435604736     
   5.9214978228736552E-002   1.0696275272878000     
   7.2080521460213362E-002  0.68324691240904900     
   8.7419255034663218E-002   1.4107578056115166     
  0.10579667824952024        1.4131645300808333     
  0.12854808104919171        1.4592335962922856     
  0.15632078169124311        2.1264309426459107     
  0.18975741449582317        2.0659802836387420     
  0.23032868064044379        2.7169111844399838     
  0.27962368063317661        3.2433180894740223     
  0.33948762138704197        3.3820515831670255     
  0.41220775775346907        3.7451837705306157     
  0.50048824219328136        3.3315398185487410     
  0.60768816316668328        3.8733785944789991     
  0.73829232115333110        5.2581317710682178     
   6.2831853071800003E-003 -0.91403639104459089     
   8.8857658763173177E-003  -1.5573293605325094     
   1.0882796185406024E-002   1.4312648627863804     
   1.2566370614360001E-002  -3.9090986445866571     
   1.4781066825642925E-002  -1.0737746795866290     
   1.9009758763406950E-002 -0.96172491441929042     
   2.2558041930044626E-002   1.8396775980219713     
   2.7528404685550796E-002   1.2152319227894395     
   3.2924170772707526E-002   1.9347918087204086     
   3.9583345139207964E-002   1.1499384273635844     
   4.8482283607784241E-002  0.28494557425065070     
   5.9214978228736552E-002  0.57430117884963061     
   7.2080521460213362E-002  0.86579114459868589     
   8.7419255034663218E-002  0.45738121082118210     
  0.10579667824952024       0.30036773519730647     
  0.12854808104919171      -0.10651253618187934     
  0.15632078169124311       0.53755844882541337     
  0.18975741449582317       0.48808041863599488     
  0.23032868064044379      -0.25340160874603640     
  0.27962368063317661      -0.19501682954547606     
  0.33948762138704197      -0.13868479230033257     
  0.41220775775346907       -1.5465642260987658     
  0.50048824219328136       -1.8624052671571583     
  0.60768816316668328       -3.0407693646790399     
  0.73829232115333110        2.2800037440471286     
   6.2831853071800003E-003  -16.648583361227594     
   8.8857658763173177E-003  -6.9250988979681907     
   1.0882796185406024E-002  -1.1697219321311980     
   1.2566370614360001E-002   13.694507498749484     
   1.4781066825642925E-002  0.92421389775421137     
   1.9009758763406950E-002 -0.97625924176130874     
   2.2558041930044626E-002 -0.53505509532865392     
   2.7528404685550796E-002   1.7317474455047428     
   3.2924170772707526E-002 -0.28690216945293567     
   3.9583345139207964E-002  0.60197886846946325     
   4.8482283607784241E-002  0.20446431485971578     
   5.9214978228736552E-002   1.2171098880474085     
   7.2080521460213362E-002  0.53658051282547381     
   8.7419255034663218E-002  0.98181556322604746     
  0.10579667824952024      -0.63570289489909393     
  0.12854808104919171      -0.34740557728166815     
  0.15632078169124311      -0.13403647642842625     
  0.18975741449582317       -1.2997747141802114     
  0.23032868064044379      -0.41816403566852373     
  0.27962368063317661        1.1635786518428288     
  0.33948762138704197       0.68523760146802681     
  0.41220775775346907      -0.58582604232879831     
  0.50048824219328136      -0.52713796701022053     
  0.60768816316668328        1.0106886501076788     
  0.73829232115333110      -0.90931071101826932     
   6.2831853071800003E-003  -7.0887399804017965     
   8.8857658763173177E-003  0.42851179188258698     
   1.0882796185406024E-002   1.2014015783536147     
   1.2566370614360001E-002   1.8813963812874628     
   1.4781066825642925E-002 -0.65630104114671040     
   1.9009758763406950E-002  -1.8553251576054630     
   2.2558041930044626E-002  -1.2225073961364019     
   2.7528404685550796E-002  0.33446946152936596     
   3.2924170772707526E-002   1.0954331605454939     
   3.9583345139207964E-002 -0.23039969144127820     
   4.8482283607784241E-002 -0.40413113767897846     
   5.9214978228736552E-002 -0.39544054537828871     
   7.2080521460213362E-002  -2.4584843506816147E-002
   8.7419255034663218E-002  -8.3463005157764752E-002
  0.10579667824952024       0.40822710783576327     
  0.12854808104919171      -0.25099574731426932     
  0.15632078169124311       0.13953399879417241     
  0.18975741449582317       0.14312215186662411     
  0.23032868064044379      -0.12601021627792522     
  0.27962368063317661      -0.16720777363736530     
  0.33948762138704197       0.13528763168469515     
  0.41220775775346907       -5.3118288901815462E-002
  0.50048824219328136       0.10157783140695871     
  0.60768816316668328       0.17029978534115492     
  0.73829232115333110       -4.2553816171497491E-002
   6.2831853071800003E-003  -9.2817080703168244     
   8.8857658763173177E-003  -4.1589660305296521     
   1.0882796185406024E-002  -1.3180141929387776     
   1.2566370614360001E-002   1.1575291640414276     
   1.4781066825642925E-002   1.1283405623128373     
   1.9009758763406950E-002 -0.84091457158765603     
   2.2558041930044626E-002   1.9324050536113684     
   2.7528404685550796E-002   1.1102303844897157     
   3.2924170772707526E-002   1.7969558320708896     
   3.9583345139207964E-002   1.0523194843668198     
   4.8482283607784241E-002  0.46139048454694115     
   5.9214978228736552E-002  0.86894269432581095     
   7.2080521460213362E-002  0.88649845681742478     
   8.7419255034663218E-002  0.86423852689190561     
  0.10579667824952024       0.77071984728505427     
  0.12854808104919171       0.67863373983766861     
  0.15632078169124311        1.0571025425666891     
  0.18975741449582317       0.67692265585704481     
  0.23032868064044379       0.85077700868721240     
  0.27962368063317661       0.99153419144761901     
  0.33948762138704197       0.94886570652346114     
  0.41220775775346907        1.1657882418372165     
  0.50048824219328136       0.90954294199193964     
  0.60768816316668328       0.97882689511666043     
  0.73829232115333110       0.83274871227145608     
   6.2831853071800003E-003  -8.8402247268340446     
   8.8857658763173177E-003  -3.6141835197436438     
   1.0882796185406024E-002 -0.39710347893758335     
   1.2566370614360001E-002  0.29063802900017760     
   1.4781066825642925E-002   1.2540300685971488     
   1.9009758763406950E-002 -0.63051168697922499     
   2.2558041930044626E-002   1.4637357687374812     
   2.7528404685550796E-002   1.1820174302312942     
   3.2924170772707526E-002   1.6696058926005470     
   3.9583345139207964E-002   1.1263668394954056     
   4.8482283607784241E-002  0.54942411864302754     
   5.9214978228736552E-002  0.89832941007122402     
   7.2080521460213362E-002  0.90891310887462995     
   8.7419255034663218E-002  0.76370636355089694     
  0.10579667824952024       0.89697725293786346     
  0.12854808104919171       0.73209493302801931     
  0.15632078169124311        1.0198093889896338     
  0.18975741449582317       0.72356648762787457     
  0.23032868064044379       0.96821168599402352     
  0.27962368063317661       0.97280839791652640     
  0.33948762138704197       0.78227636135319978     
  0.41220775775346907       0.97025385043014400     
  0.50048824219328136       0.97735390323818228     
  0.60768816316668328        1.0711154807555936     
  0.73829232115333110       0.48645049071613689     
   6.2831853071800003E-003  -3.7391839935903142     
   8.8857658763173177E-003  -3.5634054239461124     
   1.0882796185406024E-002 -0.39142450884303548     
   1.2566370614360001E-002   1.0073210509827717     
   1.4781066825642925E-002   1.0809373336209303     
   1.9009758763406950E-002 -0.68783585977816564     
   2.2558041930044626E-002   1.3588254730426546     
   2.7528404685550796E-002  0.90375747848877686     
   3.2924170772707526E-002   1.8576631912369741     
   3.9583345139207964E-002   1.0762318822787362     
   4.8482283607784241E-002  0.39350248417847844     
   5.9214978228736552E-002  0.88206891632680018     
   7.2080521460213362E-002   1.0717525020816023     
   8.7419255034663218E-002  0.71364674215871582     
  0.10579667824952024       0.83245535040440111     
  0.12854808104919171       0.94395412452124250     
  0.15632078169124311        1.5423209847554742     
  0.18975741449582317       0.93051649032556516     
  0.23032868064044379        1.2775045514517085     
  0.27962368063317661        1.4450902948186024     
  0.33948762138704197        1.5814389469063392     
  0.41220775775346907        2.2046274600564413     
  0.50048824219328136        1.9796598880961076     
  0.60768816316668328        1.9035260593280798     
  0.73829232115333110        1.3176793408689051     
   6.2831853071800003E-003  -9.6896820816846105     
   8.8857658763173177E-003  -5.8651911172948585     
   1.0882796185406024E-002 -0.62694958957511382     
   1.2566370614360001E-002  -2.3770818096472413     
   1.4781066825642925E-002  0.75140698000662842     
   1.9009758763406950E-002 -0.15856636487603615     
   2.2558041930044626E-002  0.31450022265661293     
   2.7528404685550796E-002   1.1206218506585017     
   3.2924170772707526E-002   2.0643819878683503     
   3.9583345139207964E-002   1.4592602714599314     
   4.8482283607784241E-002  0.41411052222318739     
   5.9214978228736552E-002   1.2401773890869121     
   7.2080521460213362E-002  0.74135285692373165     
   8.7419255034663218E-002  0.99254125544876237     
  0.10579667824952024        1.6568366034165134     
  0.12854808104919171        1.8061853003461508     
  0.15632078169124311        2.3772295526088820     
  0.18975741449582317        2.5266679223889654     
  0.23032868064044379        2.0802008088950616     
  0.27962368063317661        2.6987271302997868     
  0.33948762138704197        2.5050785987387241     
  0.41220775775346907        2.4470536546353512     
  0.50048824219328136        1.5242959358349333     
  0.60768816316668328        2.7144834822331085     
  0.73829232115333110       0.91026451554885979     
   6.2831853071800003E-003  -11.161371627835802     
   8.8857658763173177E-003  -2.3052226753512342     
   1.0882796185406024E-002  -4.6444549692231378     
   1.2566370614360001E-002  -2.9268619640755480     
   1.4781066825642925E-002   1.4053517229513099     
   1.9009758763406950E-002  -1.6576019597538654     
   2.2558041930044626E-002   1.0470419815010719     
   2.7528404685550796E-002   1.4707770440598298     
   3.2924170772707526E-002  0.78902608221355619     
   3.9583345139207964E-002   1.0876985284911564     
   4.8482283607784241E-002  0.45517474016909631     
   5.9214978228736552E-002   1.0425693601160708     
   7.2080521460213362E-002 -0.10292233371016100     
   8.7419255034663218E-002   1.1499750022436432     
  0.10579667824952024        3.1605468897934474     
  0.12854808104919171        2.2500590307059163     
  0.15632078169124311        2.5013109377171379     
  0.18975741449582317        3.3802376162144956     
  0.23032868064044379        4.7763252836389674     
  0.27962368063317661        3.7891543945869373     
  0.33948762138704197        4.5945948794959888     
  0.41220775775346907        5.9357986037311328     
  0.50048824219328136        5.6696864868655590     
  0.60768816316668328        7.1793060625725307     
  0.73829232115333110        4.0280450702302799     
   6.2831853071800003E-003  -16.648583361227594     
   8.8857658763173177E-003  -6.9250988979681907     
   1.0882796185406024E-002  -1.1697219321311980     
   1.2566370614360001E-002   13.694507498749484     
   1.4781066825642925E-002  0.92421389775421137     
   1.9009758763406950E-002 -0.97625924176130874     
   2.2558041930044626E-002 -0.53505509532865392     
   2.7528404685550796E-002   1.7317474455047428     
   3.2924170772707526E-002 -0.28690216945293567     
   3.9583345139207964E-002  0.60197886846946325     
   4.8482283607784241E-002  0.20446431485971578     
   5.9214978228736552E-002   1.2171098880474085     
   7.2080521460213362E-002  0.53658051282547381     
   8.7419255034663218E-002  0.98181556322604746     
  0.10579667824952024      -0.63570289489909393     
  0.12854808104919171      -0.34740557728166815     
  0.15632078169124311      -0.13403647642842625     
  0.18975741449582317       -1.2997747141802114     
  0.23032868064044379      -0.41816403566852373     
  0.27962368063317661        1.1635786518428288     
  0.33948762138704197       0.68523760146802681     
  0.41220775775346907      -0.58582604232879831     
  0.50048824219328136      -0.52713796701022053     
  0.60768816316668328        1.0106886501076788     
  0.73829232115333110      -0.90931071101826932     
   6.2831853071800003E-003   5.7234794385526468     
   8.8857658763173177E-003  -4.4895151517683720     
   1.0882796185406024E-002   3.4175459078824080     
   1.2566370614360001E-002   8.1475488882757592     
   1.4781066825642925E-002  0.11950581385001015     
   1.9009758763406950E-002  0.95937837733881359     
   2.2558041930044626E-002   1.6937160430395839     
   2.7528404685550796E-002  -1.3640472145762652     
   3.2924170772707526E-002   7.0431025843623762E-002
   3.9583345139207964E-002  -1.4649211622896046     
   4.8482283607784241E-002  0.62875086878059905     
   5.9214978228736552E-002  0.35219386863704344     
   7.2080521460213362E-002 -0.17053211432890639     
   8.7419255034663218E-002 -0.89225436525331148     
  0.10579667824952024       0.48450627359902065     
  0.12854808104919171       0.16641258126154546     
  0.15632078169124311       -6.4416156295655794E-002
  0.18975741449582317        2.8672407811080783E-002
  0.23032868064044379      -0.14193685022551888     
  0.27962368063317661       0.15631713881805609     
  0.33948762138704197      -0.19715041664536639     
  0.41220775775346907        1.1898808728069394     
  0.50048824219328136        1.9432913935368039     
  0.60768816316668328        6.3249066721031530     
  0.73829232115333110        18.422657539216164     
   6.2831853071800003E-003   5.6855492185940717     
   8.8857658763173177E-003  -6.0702563220160028     
   1.0882796185406024E-002  -12.118396961649836     
   1.2566370614360001E-002   7.3943035166954081     
   1.4781066825642925E-002  -3.7737484596638553     
   1.9009758763406950E-002   3.7816505339843709     
   2.2558041930044626E-002 -0.68648160553543125     
   2.7528404685550796E-002 -0.32460738542604256     
   3.2924170772707526E-002  0.10482758131076951     
   3.9583345139207964E-002  -1.2653421479192930     
   4.8482283607784241E-002  0.71112578319852426     
   5.9214978228736552E-002  0.14089263636062618     
   7.2080521460213362E-002  0.50284399944032587     
   8.7419255034663218E-002  -1.4282735362995902     
  0.10579667824952024      -0.18754975480799391     
  0.12854808104919171        1.5594248702886410E-002
  0.15632078169124311       0.55916893004771595     
  0.18975741449582317       0.13565096359559400     
  0.23032868064044379        1.1744199807871523     
  0.27962368063317661      -0.11139229009627473     
  0.33948762138704197       0.62124772598744749     
  0.41220775775346907      -0.66480558519162447     
  0.50048824219328136      -0.48598461901217310     
  0.60768816316668328      -0.49331610021254124     
  0.73829232115333110        1.3374060516826385     
   6.2831853071800003E-003   6.6615087363272893     
   8.8857658763173177E-003 -0.15457238037788681     
   1.0882796185406024E-002  0.18182025296450732     
   1.2566370614360001E-002   2.0674982201658185     
   1.4781066825642925E-002  -9.9760328108774443E-002
   1.9009758763406950E-002  -4.6460959733493110E-002
   2.2558041930044626E-002  0.97602790710795195     
   2.7528404685550796E-002  0.82636520940112079     
   3.2924170772707526E-002   2.2847544613991935     
   3.9583345139207964E-002 -0.50333409791902561     
   4.8482283607784241E-002 -0.36520012846493494     
   5.9214978228736552E-002  0.74060638650154320     
   7.2080521460213362E-002  0.63870130094534350     
   8.7419255034663218E-002  0.21574077425862945     
  0.10579667824952024       0.31349785561401727     
  0.12854808104919171       0.13366753498091527     
  0.15632078169124311       0.51053115637065638     
  0.18975741449582317       0.36331497079246000     
  0.23032868064044379       0.24054568238371954     
  0.27962368063317661       0.58228343216362599     
  0.33948762138704197       0.62091998925647107     
  0.41220775775346907       0.45626644509341802     
  0.50048824219328136       0.42659774755450519     
  0.60768816316668328       0.55789648813810089     
  0.73829232115333110       0.43904662036151171     
   6.2831853071800003E-003   6.5679172187346486     
   8.8857658763173177E-003 -0.69974702084171636     
   1.0882796185406024E-002  0.45845720063782647     
   1.2566370614360001E-002   1.6045115347797598     
   1.4781066825642925E-002 -0.30192625831390796     
   1.9009758763406950E-002  0.50923878875453477     
   2.2558041930044626E-002   1.0364314873716736     
   2.7528404685550796E-002   1.2263682454833802     
   3.2924170772707526E-002   2.4582718360797196     
   3.9583345139207964E-002 -0.63170718130007164     
   4.8482283607784241E-002 -0.14706199682463911     
   5.9214978228736552E-002  0.71369475738908938     
   7.2080521460213362E-002  0.51216022462830246     
   8.7419255034663218E-002  0.29012929988166297     
  0.10579667824952024       0.66679261273057056     
  0.12854808104919171        4.7467306394573881E-002
  0.15632078169124311       0.44305080155095911     
  0.18975741449582317       0.56655761816854677     
  0.23032868064044379       0.42512879674240689     
  0.27962368063317661       0.77018972111204242     
  0.33948762138704197        1.1639395727402218     
  0.41220775775346907       0.75297666994730195     
  0.50048824219328136       0.50542196224719027     
  0.60768816316668328        1.0806515038585471     
  0.73829232115333110        1.0625082418528595     
   6.2831853071800003E-003   4.7780730301942773     
   8.8857658763173177E-003  -2.3130881254660092     
   1.0882796185406024E-002 -0.99414114708855716     
   1.2566370614360001E-002  0.84214021406199402     
   1.4781066825642925E-002  0.17983202433189222     
   1.9009758763406950E-002  0.58893691612148136     
   2.2558041930044626E-002   1.2294672938356590     
   2.7528404685550796E-002   1.4914036958779335     
   3.2924170772707526E-002   2.4217007579876078     
   3.9583345139207964E-002  -1.2006433758219628     
   4.8482283607784241E-002 -0.65769535764742915     
   5.9214978228736552E-002  0.60844825509925526     
   7.2080521460213362E-002  0.54512884645495130     
   8.7419255034663218E-002  -6.0439583302450646E-002
  0.10579667824952024       0.54320669675982636     
  0.12854808104919171      -0.53567927993054709     
  0.15632078169124311        2.6273355856035609E-002
  0.18975741449582317      -0.14510768204602251     
  0.23032868064044379      -0.53487863871655783     
  0.27962368063317661      -0.23300986510571883     
  0.33948762138704197       0.97243639161817719     
  0.41220775775346907        9.9332404480216671E-002
  0.50048824219328136      -0.89926072365574827     
  0.60768816316668328       0.39465437543707832     
  0.73829232115333110       -1.0592430152882555     
   6.2831853071800003E-003   11.491789064990764     
   8.8857658763173177E-003   3.0682150958010146     
   1.0882796185406024E-002   1.2831579450328792     
   1.2566370614360001E-002  -5.1652783917645761     
   1.4781066825642925E-002  -1.2754500837689919     
   1.9009758763406950E-002  0.20303557824414400     
   2.2558041930044626E-002   2.3629941260911189     
   2.7528404685550796E-002  0.32389001157960445     
   3.2924170772707526E-002   1.6967099339806819     
   3.9583345139207964E-002  -1.1140632344737076     
   4.8482283607784241E-002   3.1438343282589987E-002
   5.9214978228736552E-002  0.50131598397328458     
   7.2080521460213362E-002 -0.25389429479149134     
   8.7419255034663218E-002  0.61468709676383981     
  0.10579667824952024       0.68712950718523258     
  0.12854808104919171        1.0878026253481676     
  0.15632078169124311        1.7670533568272149     
  0.18975741449582317        1.6857839991811188     
  0.23032868064044379        2.6888982633830003     
  0.27962368063317661       -5.2145098785534666E-002
  0.33948762138704197       0.97067823648769491     
  0.41220775775346907       0.78754816752342016     
  0.50048824219328136        1.5637246703384573     
  0.60768816316668328        3.4278955374140927     
  0.73829232115333110       -1.6439680053551091     
   6.2831853071800003E-003   1.0721347250580899     
   8.8857658763173177E-003  -2.2458625070422680     
   1.0882796185406024E-002   4.6264527487252520     
   1.2566370614360001E-002  -2.1321421516111698     
   1.4781066825642925E-002   1.8010322858169214     
   1.9009758763406950E-002  -2.5141044829184893     
   2.2558041930044626E-002  -1.1934944406828656     
   2.7528404685550796E-002 -0.76613527569624418     
   3.2924170772707526E-002   1.7095153139779420     
   3.9583345139207964E-002 -0.75953937177855591     
   4.8482283607784241E-002 -0.46540251291364065     
   5.9214978228736552E-002  0.83318188838607499     
   7.2080521460213362E-002  0.25606310808704125     
   8.7419255034663218E-002  0.33241436983647232     
  0.10579667824952024        1.2083753588956092     
  0.12854808104919171       0.52560030788885603     
  0.15632078169124311       0.45004050744307411     
  0.18975741449582317       0.28377233729367030     
  0.23032868064044379      -0.32739106569625609     
  0.27962368063317661      -0.97347882431042809     
  0.33948762138704197       -1.5924047137877384     
  0.41220775775346907      -0.34371406659611820     
  0.50048824219328136        2.5604497769677765     
  0.60768816316668328       0.92010734518972714     
  0.73829232115333110       -3.7879496100547163     
   6.2831853071800003E-003  -7.0887399804017965     
   8.8857658763173177E-003  0.42851179188258698     
   1.0882796185406024E-002   1.2014015783536147     
   1.2566370614360001E-002   1.8813963812874628     
   1.4781066825642925E-002 -0.65630104114671040     
   1.9009758763406950E-002  -1.8553251576054630     
   2.2558041930044626E-002  -1.2225073961364019     
   2.7528404685550796E-002  0.33446946152936596     
   3.2924170772707526E-002   1.0954331605454939     
   3.9583345139207964E-002 -0.23039969144127820     
   4.8482283607784241E-002 -0.40413113767897846     
   5.9214978228736552E-002 -0.39544054537828871     
   7.2080521460213362E-002  -2.4584843506816147E-002
   8.7419255034663218E-002  -8.3463005157764752E-002
  0.10579667824952024       0.40822710783576327     
  0.12854808104919171      -0.25099574731426932     
  0.15632078169124311       0.13953399879417241     
  0.18975741449582317       0.14312215186662411     
  0.23032868064044379      -0.12601021627792522     
  0.27962368063317661      -0.16720777363736530     
  0.33948762138704197       0.13528763168469515     
  0.41220775775346907       -5.3118288901815462E-002
  0.50048824219328136       0.10157783140695871     
  0.60768816316668328       0.17029978534115492     
  0.73829232115333110       -4.2553816171497491E-002
   6.2831853071800003E-003   5.6855492185940717     
   8.8857658763173177E-003  -6.0702563220160028     
   1.0882796185406024E-002  -12.118396961649836     
   1.2566370614360001E-002   7.3943035166954081     
   1.4781066825642925E-002  -3.7737484596638553     
   1.9009758763406950E-002   3.7816505339843709     
   2.2558041930044626E-002 -0.68648160553543125     
   2.7528404685550796E-002 -0.32460738542604256     
   3.2924170772707526E-002  0.10482758131076951     
   3.9583345139207964E-002  -1.2653421479192930     
   4.8482283607784241E-002  0.71112578319852426     
   5.9214978228736552E-002  0.14089263636062618     
   7.2080521460213362E-002  0.50284399944032587     
   8.7419255034663218E-002  -1.4282735362995902     
  0.10579667824952024      -0.18754975480799391     
  0.12854808104919171        1.5594248702886410E-002
  0.15632078169124311       0.55916893004771595     
  0.18975741449582317       0.13565096359559400     
  0.23032868064044379        1.1744199807871523     
  0.27962368063317661      -0.11139229009627473     
  0.33948762138704197       0.62124772598744749     
  0.41220775775346907      -0.66480558519162447     
  0.50048824219328136      -0.48598461901217310     
  0.60768816316668328      -0.49331610021254124     
  0.73829232115333110        1.3374060516826385     
   6.2831853071800003E-003   6.4351902832847694     
   8.8857658763173177E-003  -3.4261572896708294     
   1.0882796185406024E-002 -0.39150386615121618     
   1.2566370614360001E-002  -21.382626209117849     
   1.4781066825642925E-002  -1.6334741696776800     
   1.9009758763406950E-002   2.6858058706317052     
   2.2558041930044626E-002   1.5850085435042918     
   2.7528404685550796E-002  -1.5475624262323089     
   3.2924170772707526E-002 -0.18696723900803919     
   3.9583345139207964E-002   1.0016725546173990     
   4.8482283607784241E-002   7.8696749092125609E-002
   5.9214978228736552E-002 -0.84324003618429733     
   7.2080521460213362E-002  0.20696752991812167     
   8.7419255034663218E-002  -1.7091342370396636E-002
  0.10579667824952024      -0.38100185819200344     
  0.12854808104919171       0.35309547967993377     
  0.15632078169124311      -0.25786319335380253     
  0.18975741449582317      -0.39028499215625856     
  0.23032868064044379       -1.1104697021185133     
  0.27962368063317661       -2.1199584701003782     
  0.33948762138704197       -5.1377222463156516     
  0.41220775775346907       -11.382722053514238     
  0.50048824219328136       -25.460956511106641     
  0.60768816316668328       -57.068298467829393     
  0.73829232115333110       -131.50891923042877     
