   6.2831853071800003E-003  0.89331629662434575     
   8.8857658763173177E-003  0.80583685572418595     
   1.0882796185406024E-002  0.94559165225699782     
   1.2566370614360001E-002   1.2658319847665966     
   1.4781066825642925E-002  0.93460827349873032     
   1.9009758763406950E-002   1.1326865832686619     
   2.2558041930044626E-002   1.0490188019968520     
   2.7528404685550796E-002   1.0209684934963907     
   3.2924170772707526E-002  0.98363931431105089     
   3.9583345139207964E-002  0.99693617826390835     
   4.8482283607784241E-002   1.0228340259027187     
   5.9214978228736552E-002  0.99307366413943265     
   7.2080521460213362E-002  0.99524198286312671     
   8.7419255034663218E-002   1.0144543408084314     
  0.10579667824952024        1.0516257034802394     
  0.12854808104919171       0.96770314002780677     
  0.15632078169124311        1.0912924528041994     
  0.18975741449582317        1.0422196566216908     
  0.23032868064044379        1.1408507659155993     
  0.27962368063317661        1.2130173767314056     
  0.33948762138704197        1.2854534762776757     
  0.41220775775346907        1.3967284082772147     
  0.50048824219328136        1.5312730245978488     
  0.60768816316668328        1.7012141091784323     
  0.73829232115333110        1.9063161051232596     
   6.2831853071800003E-003   1.0861413119404251     
   8.8857658763173177E-003  0.85977360962935956     
   1.0882796185406024E-002  0.89764941229235462     
   1.2566370614360001E-002   1.1941598991295246     
   1.4781066825642925E-002  0.95165789702087356     
   1.9009758763406950E-002   1.0998553885947415     
   2.2558041930044626E-002   1.0233329543031793     
   2.7528404685550796E-002   1.0320511760329620     
   3.2924170772707526E-002  0.97582431821546844     
   3.9583345139207964E-002   1.0027388645844386     
   4.8482283607784241E-002   1.0280408920417659     
   5.9214978228736552E-002  0.98486710309665071     
   7.2080521460213362E-002  0.99158273673590080     
   8.7419255034663218E-002   1.0209940268379707     
  0.10579667824952024        1.0600731083646682     
  0.12854808104919171       0.97268977706469806     
  0.15632078169124311        1.1025637265110158     
  0.18975741449582317        1.0585337021928487     
  0.23032868064044379        1.1628461128073018     
  0.27962368063317661        1.2412237237677037     
  0.33948762138704197        1.3230731735154413     
  0.41220775775346907        1.4394423625281503     
  0.50048824219328136        1.5723892841670304     
  0.60768816316668328        1.7459046377380059     
  0.73829232115333110        1.9502317295868550     
   6.2831853071800003E-003  0.82994188694925419     
   8.8857658763173177E-003   1.0022505128072015     
   1.0882796185406024E-002  0.67805269738600016     
   1.2566370614360001E-002   1.2750354276039781     
   1.4781066825642925E-002   1.0004232424260640     
   1.9009758763406950E-002   1.1318742786113747     
   2.2558041930044626E-002   1.0523338294220808     
   2.7528404685550796E-002   1.0394963531492247     
   3.2924170772707526E-002   1.0088822191458557     
   3.9583345139207964E-002  0.98448328527112572     
   4.8482283607784241E-002   1.0173841515983131     
   5.9214978228736552E-002  0.99412480342176057     
   7.2080521460213362E-002  0.99371505482436784     
   8.7419255034663218E-002   1.0115325902787524     
  0.10579667824952024        1.0558173102179964     
  0.12854808104919171       0.97767209758111184     
  0.15632078169124311        1.0946083716775550     
  0.18975741449582317        1.0499902795464047     
  0.23032868064044379        1.1529095565363772     
  0.27962368063317661        1.2512015735295319     
  0.33948762138704197        1.3231939558346328     
  0.41220775775346907        1.4483325812221246     
  0.50048824219328136        1.5943142375439618     
  0.60768816316668328        1.7769418608055683     
  0.73829232115333110        1.9816643258495379     
   6.2831853071800003E-003  0.89140736876047866     
   8.8857658763173177E-003   1.3903905505579826     
   1.0882796185406024E-002   1.2055941478994667     
   1.2566370614360001E-002  0.53800138384766216     
   1.4781066825642925E-002  0.83699501425651446     
   1.9009758763406950E-002   1.0726349786140188     
   2.2558041930044626E-002  0.96984590131566761     
   2.7528404685550796E-002   1.0604805376760269     
   3.2924170772707526E-002   1.0419919514223330     
   3.9583345139207964E-002   1.0510493260936815     
   4.8482283607784241E-002   1.0575743883177962     
   5.9214978228736552E-002   1.0134681184785364     
   7.2080521460213362E-002   1.0010540129899566     
   8.7419255034663218E-002  0.99351194899392770     
  0.10579667824952024        1.0347330321636170     
  0.12854808104919171       0.97262102647762227     
  0.15632078169124311        1.0995188696328710     
  0.18975741449582317        1.0498533783452670     
  0.23032868064044379        1.1637653106674331     
  0.27962368063317661        1.2557847891094012     
  0.33948762138704197        1.3559620026496078     
  0.41220775775346907        1.4805139041441475     
  0.50048824219328136        1.6431227184983084     
  0.60768816316668328        1.8323793982603866     
  0.73829232115333110        2.0143447351972457     
   6.2831853071800003E-003  0.46581563309065921     
   8.8857658763173177E-003  0.80757325531525059     
   1.0882796185406024E-002   1.5896561956076178     
   1.2566370614360001E-002  0.18454864244857050     
   1.4781066825642925E-002   1.0955227041139310     
   1.9009758763406950E-002   1.0559097513084805     
   2.2558041930044626E-002   1.1898983232496001     
   2.7528404685550796E-002   1.0470223896275690     
   3.2924170772707526E-002  0.99107118721248311     
   3.9583345139207964E-002   1.0317773204063463     
   4.8482283607784241E-002   1.0462620293400011     
   5.9214978228736552E-002   1.0168202633472374     
   7.2080521460213362E-002   1.0892836100813461     
   8.7419255034663218E-002   1.0454876622712628     
  0.10579667824952024        1.0313061907738426     
  0.12854808104919171       0.95851350641599298     
  0.15632078169124311        1.1134737056680577     
  0.18975741449582317        1.0894088950228697     
  0.23032868064044379        1.1998720403598437     
  0.27962368063317661        1.2666327900830232     
  0.33948762138704197        1.4035507489278398     
  0.41220775775346907        1.5400913931492459     
  0.50048824219328136        1.7097154509134207     
  0.60768816316668328        1.8716034473993042     
  0.73829232115333110        1.9703897634709113     
   6.2831853071800003E-003   2.3555852829743000     
   8.8857658763173177E-003   1.0459688653269992     
   1.0882796185406024E-002   1.1927152225475741     
   1.2566370614360001E-002   2.9739724537318617     
   1.4781066825642925E-002   1.2051560157625116     
   1.9009758763406950E-002   1.0440057435328967     
   2.2558041930044626E-002   1.1371998162131378     
   2.7528404685550796E-002   1.0398017854978068     
   3.2924170772707526E-002   1.1098952700181224     
   3.9583345139207964E-002  0.93665426721256317     
   4.8482283607784241E-002  0.88595438864046838     
   5.9214978228736552E-002   1.0266307200707869     
   7.2080521460213362E-002  0.85415234266867168     
   8.7419255034663218E-002  0.98360940820104070     
  0.10579667824952024        1.0015900755037983     
  0.12854808104919171       0.89622501932127541     
  0.15632078169124311       0.98637977992415948     
  0.18975741449582317        1.0309142419198662     
  0.23032868064044379        1.1155153455239240     
  0.27962368063317661        1.1989176216947812     
  0.33948762138704197        1.3020918804901445     
  0.41220775775346907        1.4564427903188819     
  0.50048824219328136        1.6095582373623034     
  0.60768816316668328        1.6280735042817414     
  0.73829232115333110        1.6058758069440167     
   6.2831853071800003E-003 -0.20026592597706136     
   8.8857658763173177E-003  0.81353473531822706     
   1.0882796185406024E-002   2.0731200190774315     
   1.2566370614360001E-002   3.6330560740054847     
   1.4781066825642925E-002   1.3556191110878553     
   1.9009758763406950E-002   1.3113127549273900     
   2.2558041930044626E-002   1.2156332631394922     
   2.7528404685550796E-002  0.59934380061342429     
   3.2924170772707526E-002   1.0835810864024524     
   3.9583345139207964E-002   1.0989902543664389     
   4.8482283607784241E-002  0.92191849374597057     
   5.9214978228736552E-002  0.88741049238748870     
   7.2080521460213362E-002  0.96938145034307821     
   8.7419255034663218E-002  0.83478745843444491     
  0.10579667824952024       0.72739032832239980     
  0.12854808104919171       0.78861887095950234     
  0.15632078169124311       0.85980195780398960     
  0.18975741449582317       0.83665553707363061     
  0.23032868064044379        1.0385344259669194     
  0.27962368063317661        1.0847435792922373     
  0.33948762138704197        1.1235321165658012     
  0.41220775775346907        1.3013009706895799     
  0.50048824219328136        1.2042693196047600     
  0.60768816316668328        1.1557372004015767     
  0.73829232115333110        1.0190249765857218     
   6.2831853071800003E-003  -3.5396302263047930     
   8.8857658763173177E-003   2.4443436034276051     
   1.0882796185406024E-002  -1.1452858172265532     
   1.2566370614360001E-002   1.0162192543985340     
   1.4781066825642925E-002  0.91657541831458023     
   1.9009758763406950E-002  0.75367573889248862     
   2.2558041930044626E-002   1.0099069609445210     
   2.7528404685550796E-002  0.81757713065111748     
   3.2924170772707526E-002   1.5048485093307014     
   3.9583345139207964E-002   1.1865713513365941     
   4.8482283607784241E-002  0.98046021125840710     
   5.9214978228736552E-002  0.66731311421087336     
   7.2080521460213362E-002  0.98350717920154351     
   8.7419255034663218E-002   1.0572747606608068     
  0.10579667824952024        1.2675658641770080     
  0.12854808104919171       0.96803992659842220     
  0.15632078169124311        1.2626017614891241     
  0.18975741449582317        1.0096063493591674     
  0.23032868064044379       0.99824855063332818     
  0.27962368063317661        1.2733770498029848     
  0.33948762138704197        1.0934719203024597     
  0.41220775775346907        1.2100243571302691     
  0.50048824219328136        1.1877628053355171     
  0.60768816316668328        1.1704993551317686     
  0.73829232115333110       0.63833655180616189     
   6.2831853071800003E-003   1.0861413119404251     
   8.8857658763173177E-003  0.85977360962935956     
   1.0882796185406024E-002  0.89764941229235462     
   1.2566370614360001E-002   1.1941598991295246     
   1.4781066825642925E-002  0.95165789702087356     
   1.9009758763406950E-002   1.0998553885947415     
   2.2558041930044626E-002   1.0233329543031793     
   2.7528404685550796E-002   1.0320511760329620     
   3.2924170772707526E-002  0.97582431821546844     
   3.9583345139207964E-002   1.0027388645844386     
   4.8482283607784241E-002   1.0280408920417659     
   5.9214978228736552E-002  0.98486710309665071     
   7.2080521460213362E-002  0.99158273673590080     
   8.7419255034663218E-002   1.0209940268379707     
  0.10579667824952024        1.0600731083646682     
  0.12854808104919171       0.97268977706469806     
  0.15632078169124311        1.1025637265110158     
  0.18975741449582317        1.0585337021928487     
  0.23032868064044379        1.1628461128073018     
  0.27962368063317661        1.2412237237677037     
  0.33948762138704197        1.3230731735154413     
  0.41220775775346907        1.4394423625281503     
  0.50048824219328136        1.5723892841670304     
  0.60768816316668328        1.7459046377380059     
  0.73829232115333110        1.9502317295868550     
   6.2831853071800003E-003   1.3753630304602911     
   8.8857658763173177E-003  0.90383183706249770     
   1.0882796185406024E-002  0.85027537743666826     
   1.2566370614360001E-002   1.1567133019881513     
   1.4781066825642925E-002  0.96289577605002918     
   1.9009758763406950E-002   1.0566930212923640     
   2.2558041930044626E-002  0.99799359536433230     
   2.7528404685550796E-002   1.0360374062018873     
   3.2924170772707526E-002  0.96522098001044743     
   3.9583345139207964E-002   1.0103008671652403     
   4.8482283607784241E-002   1.0270694110703849     
   5.9214978228736552E-002  0.97588206639030928     
   7.2080521460213362E-002  0.99088220170242169     
   8.7419255034663218E-002   1.0342264621747956     
  0.10579667824952024        1.0839126721837093     
  0.12854808104919171       0.99220058977871106     
  0.15632078169124311        1.1393027541157970     
  0.18975741449582317        1.1121128514907725     
  0.23032868064044379        1.2317545227589211     
  0.27962368063317661        1.3257939409335284     
  0.33948762138704197        1.4173090923638232     
  0.41220775775346907        1.5278926881454180     
  0.50048824219328136        1.6519756386631215     
  0.60768816316668328        1.8152730250835551     
  0.73829232115333110        1.9785673272109792     
   6.2831853071800003E-003   1.0180842822964584     
   8.8857658763173177E-003   1.1032449077454283     
   1.0882796185406024E-002  0.67164212287136282     
   1.2566370614360001E-002   1.1953551014115984     
   1.4781066825642925E-002   1.0236418011352659     
   1.9009758763406950E-002   1.1069523258111749     
   2.2558041930044626E-002   1.0123003428798403     
   2.7528404685550796E-002   1.0563752246509825     
   3.2924170772707526E-002   1.0030100638929749     
   3.9583345139207964E-002  0.98646493342645913     
   4.8482283607784241E-002   1.0230963861649203     
   5.9214978228736552E-002  0.99173385887940735     
   7.2080521460213362E-002  0.99009212268226909     
   8.7419255034663218E-002   1.0234029195706646     
  0.10579667824952024        1.0655040951246206     
  0.12854808104919171       0.99124188957879811     
  0.15632078169124311        1.1151695272020206     
  0.18975741449582317        1.0836407974444007     
  0.23032868064044379        1.2013631751882106     
  0.27962368063317661        1.2897786251981875     
  0.33948762138704197        1.3522040942283797     
  0.41220775775346907        1.4567291731930347     
  0.50048824219328136        1.5707655581236839     
  0.60768816316668328        1.6537363730010970     
  0.73829232115333110        1.7289548584754937     
   6.2831853071800003E-003   1.0889687909246588     
   8.8857658763173177E-003   1.5545276698592512     
   1.0882796185406024E-002   1.1623039097518062     
   1.2566370614360001E-002  0.32136833378200014     
   1.4781066825642925E-002  0.85640281608395641     
   1.9009758763406950E-002   1.0374207894581666     
   2.2558041930044626E-002  0.94992447201825214     
   2.7528404685550796E-002   1.0647316441125818     
   3.2924170772707526E-002   1.0351064408498236     
   3.9583345139207964E-002   1.0555858650923999     
   4.8482283607784241E-002   1.0457768175061621     
   5.9214978228736552E-002   1.0022922833129067     
   7.2080521460213362E-002  0.98899692535390238     
   8.7419255034663218E-002   1.0051735528603916     
  0.10579667824952024        1.0231870041973008     
  0.12854808104919171       0.96426866473921435     
  0.15632078169124311        1.0994478546188124     
  0.18975741449582317        1.0360809425153095     
  0.23032868064044379        1.1348946911910986     
  0.27962368063317661        1.1804473606874866     
  0.33948762138704197        1.2510426101836352     
  0.41220775775346907        1.3019901731477084     
  0.50048824219328136        1.3723476072523932     
  0.60768816316668328        1.4103645116040715     
  0.73829232115333110        1.3601643961585907     
   6.2831853071800003E-003  0.64340841528745218     
   8.8857658763173177E-003  0.65643390379605360     
   1.0882796185406024E-002   1.4890962672605410     
   1.2566370614360001E-002 -0.14422556568562842     
   1.4781066825642925E-002   1.0740530056849051     
   1.9009758763406950E-002   1.0073988201184985     
   2.2558041930044626E-002   1.1649982681746813     
   2.7528404685550796E-002   1.0459316759340112     
   3.2924170772707526E-002  0.96561676444722833     
   3.9583345139207964E-002  0.99852721039327930     
   4.8482283607784241E-002  0.99716890860619989     
   5.9214978228736552E-002  0.98277030483393213     
   7.2080521460213362E-002   1.0320930755975330     
   8.7419255034663218E-002   1.0202608897163397     
  0.10579667824952024       0.98167401120165310     
  0.12854808104919171       0.88100039950510478     
  0.15632078169124311        1.0277711766949238     
  0.18975741449582317        1.0117605742496212     
  0.23032868064044379        1.0452993564833533     
  0.27962368063317661        1.0968548064034389     
  0.33948762138704197        1.1192374267961771     
  0.41220775775346907        1.1408268259009451     
  0.50048824219328136        1.1706952612416601     
  0.60768816316668328        1.1666090940709855     
  0.73829232115333110       0.97547911664963660     
   6.2831853071800003E-003   3.4158214287687914     
   8.8857658763173177E-003   1.1312367866907860     
   1.0882796185406024E-002   1.1560199266989115     
   1.2566370614360001E-002   2.8548825338146044     
   1.4781066825642925E-002   1.2872602285660992     
   1.9009758763406950E-002   1.1568959290737635     
   2.2558041930044626E-002   1.0522707107341112     
   2.7528404685550796E-002  0.99493044903902994     
   3.2924170772707526E-002   1.0933778184148792     
   3.9583345139207964E-002  0.93473833004616480     
   4.8482283607784241E-002  0.87351758600798135     
   5.9214978228736552E-002   1.0078696763868316     
   7.2080521460213362E-002  0.84134629611420875     
   8.7419255034663218E-002  0.97239662881414768     
  0.10579667824952024       0.96672503689452904     
  0.12854808104919171       0.86364892930364323     
  0.15632078169124311       0.93212911414534172     
  0.18975741449582317       0.94796378206472520     
  0.23032868064044379       0.96731137887669494     
  0.27962368063317661        1.0253798715351743     
  0.33948762138704197        1.0399553319938899     
  0.41220775775346907        1.0673619874082745     
  0.50048824219328136       0.98533977753591306     
  0.60768816316668328       0.91245392262172931     
  0.73829232115333110       0.72668765031157312     
   6.2831853071800003E-003 -0.41479960370737962     
   8.8857658763173177E-003  0.87657081410643367     
   1.0882796185406024E-002   2.1491316969255592     
   1.2566370614360001E-002   3.2254669965973015     
   1.4781066825642925E-002   1.3562197207992053     
   1.9009758763406950E-002   1.2914543646754344     
   2.2558041930044626E-002   1.1341672457082823     
   2.7528404685550796E-002  0.51636784706391470     
   3.2924170772707526E-002   1.0004146690902109     
   3.9583345139207964E-002   1.2043535615712206     
   4.8482283607784241E-002  0.99957582714970639     
   5.9214978228736552E-002  0.82892125063451394     
   7.2080521460213362E-002  0.97365338158228421     
   8.7419255034663218E-002  0.77572253264320123     
  0.10579667824952024       0.67316260314850951     
  0.12854808104919171       0.65441012652561403     
  0.15632078169124311       0.79498499452800919     
  0.18975741449582317       0.64715066231477147     
  0.23032868064044379       0.89653010386111376     
  0.27962368063317661       0.85746199214985719     
  0.33948762138704197       0.90956383304549127     
  0.41220775775346907       0.96126608333726815     
  0.50048824219328136       0.83140007363568913     
  0.60768816316668328       0.68471417973315662     
  0.73829232115333110       0.85945047358215287     
   6.2831853071800003E-003  -6.6735787233912864     
   8.8857658763173177E-003   2.7685943451241637     
   1.0882796185406024E-002 -0.68045997198296815     
   1.2566370614360001E-002   2.4809067699002143     
   1.4781066825642925E-002  0.81160679804748592     
   1.9009758763406950E-002   1.0922968405071871     
   2.2558041930044626E-002   1.1137800775068685     
   2.7528404685550796E-002  0.78297534171762417     
   3.2924170772707526E-002   1.4341248004052602     
   3.9583345139207964E-002   1.1249644549940410     
   4.8482283607784241E-002  0.87447803748602870     
   5.9214978228736552E-002  0.51880369115823088     
   7.2080521460213362E-002  0.94095921843673025     
   8.7419255034663218E-002  0.94525984383238282     
  0.10579667824952024        1.3466140467300518     
  0.12854808104919171       0.89487190195706945     
  0.15632078169124311        1.3700106946733899     
  0.18975741449582317       0.96594148664015911     
  0.23032868064044379       0.71356594034056875     
  0.27962368063317661       0.90302632531201454     
  0.33948762138704197       0.77967333042988474     
  0.41220775775346907       0.61785853312985284     
  0.50048824219328136       0.32348250964832870     
  0.60768816316668328       0.28604697714598476     
  0.73829232115333110      -0.45055070213067711     
   6.2831853071800003E-003  0.82994188694925419     
   8.8857658763173177E-003   1.0022505128072015     
   1.0882796185406024E-002  0.67805269738600016     
   1.2566370614360001E-002   1.2750354276039781     
   1.4781066825642925E-002   1.0004232424260640     
   1.9009758763406950E-002   1.1318742786113747     
   2.2558041930044626E-002   1.0523338294220808     
   2.7528404685550796E-002   1.0394963531492247     
   3.2924170772707526E-002   1.0088822191458557     
   3.9583345139207964E-002  0.98448328527112572     
   4.8482283607784241E-002   1.0173841515983131     
   5.9214978228736552E-002  0.99412480342176057     
   7.2080521460213362E-002  0.99371505482436784     
   8.7419255034663218E-002   1.0115325902787524     
  0.10579667824952024        1.0558173102179964     
  0.12854808104919171       0.97767209758111184     
  0.15632078169124311        1.0946083716775550     
  0.18975741449582317        1.0499902795464047     
  0.23032868064044379        1.1529095565363772     
  0.27962368063317661        1.2512015735295319     
  0.33948762138704197        1.3231939558346328     
  0.41220775775346907        1.4483325812221246     
  0.50048824219328136        1.5943142375439618     
  0.60768816316668328        1.7769418608055683     
  0.73829232115333110        1.9816643258495379     
   6.2831853071800003E-003   1.0180842822964584     
   8.8857658763173177E-003   1.1032449077454283     
   1.0882796185406024E-002  0.67164212287136282     
   1.2566370614360001E-002   1.1953551014115984     
   1.4781066825642925E-002   1.0236418011352659     
   1.9009758763406950E-002   1.1069523258111749     
   2.2558041930044626E-002   1.0123003428798403     
   2.7528404685550796E-002   1.0563752246509825     
   3.2924170772707526E-002   1.0030100638929749     
   3.9583345139207964E-002  0.98646493342645913     
   4.8482283607784241E-002   1.0230963861649203     
   5.9214978228736552E-002  0.99173385887940735     
   7.2080521460213362E-002  0.99009212268226909     
   8.7419255034663218E-002   1.0234029195706646     
  0.10579667824952024        1.0655040951246206     
  0.12854808104919171       0.99124188957879811     
  0.15632078169124311        1.1151695272020206     
  0.18975741449582317        1.0836407974444007     
  0.23032868064044379        1.2013631751882106     
  0.27962368063317661        1.2897786251981875     
  0.33948762138704197        1.3522040942283797     
  0.41220775775346907        1.4567291731930347     
  0.50048824219328136        1.5707655581236839     
  0.60768816316668328        1.6537363730010970     
  0.73829232115333110        1.7289548584754937     
   6.2831853071800003E-003  0.55245443562343666     
   8.8857658763173177E-003   1.2154294989058894     
   1.0882796185406024E-002  0.45665514319279793     
   1.2566370614360001E-002   1.1423937473137327     
   1.4781066825642925E-002   1.0467097715530456     
   1.9009758763406950E-002   1.1369640470541169     
   2.2558041930044626E-002   1.0727181849455059     
   2.7528404685550796E-002   1.0642201846120209     
   3.2924170772707526E-002   1.0269973613180117     
   3.9583345139207964E-002  0.98134047095001353     
   4.8482283607784241E-002   1.0295545772228101     
   5.9214978228736552E-002   1.0223194792292631     
   7.2080521460213362E-002   1.0064673952471173     
   8.7419255034663218E-002   1.0564560653378947     
  0.10579667824952024        1.1070543752465241     
  0.12854808104919171        1.0639767743893291     
  0.15632078169124311        1.1782658308589007     
  0.18975741449582317        1.1410120341604626     
  0.23032868064044379        1.2430163928321936     
  0.27962368063317661        1.3120300849776700     
  0.33948762138704197        1.3869192420415839     
  0.41220775775346907        1.4606273717521812     
  0.50048824219328136        1.5893800142433854     
  0.60768816316668328        1.5917069466646603     
  0.73829232115333110        1.7276218393945635     
   6.2831853071800003E-003  0.84263266693869643     
   8.8857658763173177E-003   1.7353518537568240     
   1.0882796185406024E-002  0.90150736939779252     
   1.2566370614360001E-002  0.53110419464839875     
   1.4781066825642925E-002  0.86755040892290236     
   1.9009758763406950E-002   1.0542574977475656     
   2.2558041930044626E-002  0.97841486059188387     
   2.7528404685550796E-002   1.1063005700989483     
   3.2924170772707526E-002   1.0464055403469357     
   3.9583345139207964E-002   1.0262647052108786     
   4.8482283607784241E-002   1.0378900058342935     
   5.9214978228736552E-002   1.0225179617316391     
   7.2080521460213362E-002   1.0193047981912660     
   8.7419255034663218E-002   1.0253231709459609     
  0.10579667824952024        1.0948895584721543     
  0.12854808104919171        1.0441787751120841     
  0.15632078169124311        1.1567176806751700     
  0.18975741449582317        1.1076758850949675     
  0.23032868064044379        1.2536008833567196     
  0.27962368063317661        1.3089089638604319     
  0.33948762138704197        1.3665341814807288     
  0.41220775775346907        1.4348042075212817     
  0.50048824219328136        1.4428716293002830     
  0.60768816316668328        1.4549801070587309     
  0.73829232115333110        1.2695248296777135     
   6.2831853071800003E-003  0.60527003576730554     
   8.8857658763173177E-003  0.74397270220635281     
   1.0882796185406024E-002   1.1483361217815917     
   1.2566370614360001E-002  0.22335480171403529     
   1.4781066825642925E-002   1.2499158239468413     
   1.9009758763406950E-002   1.0097102158739488     
   2.2558041930044626E-002   1.2103786566914838     
   2.7528404685550796E-002   1.0476184629326846     
   3.2924170772707526E-002   1.0307334148598335     
   3.9583345139207964E-002   1.0965213424455129     
   4.8482283607784241E-002  0.98746732632330092     
   5.9214978228736552E-002   1.0184302493480188     
   7.2080521460213362E-002   1.1356989864192566     
   8.7419255034663218E-002   1.0499649290006534     
  0.10579667824952024        1.0438180601647689     
  0.12854808104919171        1.0072521216173227     
  0.15632078169124311        1.1118545124632118     
  0.18975741449582317        1.1135566012462046     
  0.23032868064044379        1.2002737585858285     
  0.27962368063317661        1.2418546961257710     
  0.33948762138704197        1.2386222760181951     
  0.41220775775346907        1.1781584693453115     
  0.50048824219328136        1.1001065367708756     
  0.60768816316668328        1.0302677011304728     
  0.73829232115333110       0.86788762475209402     
   6.2831853071800003E-003   1.9086031891824922     
   8.8857658763173177E-003   1.4498507500412376     
   1.0882796185406024E-002  0.54676929110357342     
   1.2566370614360001E-002   3.5994750952239167     
   1.4781066825642925E-002   1.2504269134949213     
   1.9009758763406950E-002   1.0854271470663812     
   2.2558041930044626E-002   1.3434183310771166     
   2.7528404685550796E-002  0.94088679662323083     
   3.2924170772707526E-002   1.1258126042134513     
   3.9583345139207964E-002   1.0035223351666975     
   4.8482283607784241E-002  0.87147698102499194     
   5.9214978228736552E-002  0.96448614564598167     
   7.2080521460213362E-002  0.87949460060941731     
   8.7419255034663218E-002  0.96631214148891320     
  0.10579667824952024        1.0276550526823456     
  0.12854808104919171       0.83903565952938375     
  0.15632078169124311       0.91541910809596871     
  0.18975741449582317       0.97032799988402452     
  0.23032868064044379       0.98762490076465670     
  0.27962368063317661        1.0810200967996155     
  0.33948762138704197        1.0231424751816143     
  0.41220775775346907       0.99130638556687090     
  0.50048824219328136       0.84007640897483216     
  0.60768816316668328       0.53780158323248872     
  0.73829232115333110       0.22727708550320438     
   6.2831853071800003E-003 -0.37645101372803991     
   8.8857658763173177E-003  0.88801934663936000     
   1.0882796185406024E-002   1.6825728974326601     
   1.2566370614360001E-002   3.9921253791764153     
   1.4781066825642925E-002   1.3464600297252511     
   1.9009758763406950E-002   1.2936377688523664     
   2.2558041930044626E-002   1.2486168295831863     
   2.7528404685550796E-002  0.53737107343149559     
   3.2924170772707526E-002   1.0553466730088767     
   3.9583345139207964E-002   1.1050128118977471     
   4.8482283607784241E-002  0.83360004073458371     
   5.9214978228736552E-002  0.88271007776845323     
   7.2080521460213362E-002   1.0098740598701783     
   8.7419255034663218E-002  0.82948262769894210     
  0.10579667824952024       0.67211539233916462     
  0.12854808104919171       0.65614992727696175     
  0.15632078169124311       0.63634882221604472     
  0.18975741449582317       0.71415384838940554     
  0.23032868064044379       0.91048461867372965     
  0.27962368063317661       0.83458656699741041     
  0.33948762138704197       0.83585065089992172     
  0.41220775775346907        1.0156350385156614     
  0.50048824219328136       0.66212935881111157     
  0.60768816316668328       0.55298891012696194     
  0.73829232115333110       0.42182277643992444     
   6.2831853071800003E-003  -2.8309461809702241     
   8.8857658763173177E-003   3.0058140625522638     
   1.0882796185406024E-002 -0.58145310266228556     
   1.2566370614360001E-002  0.70765194089077732     
   1.4781066825642925E-002   1.0565495420676785     
   1.9009758763406950E-002   1.1809750201589961     
   2.2558041930044626E-002  0.52335729972414713     
   2.7528404685550796E-002  0.85616082529659876     
   3.2924170772707526E-002   1.7218528689623911     
   3.9583345139207964E-002   1.0738252954430831     
   4.8482283607784241E-002  0.73131380027828685     
   5.9214978228736552E-002  0.59816764164332437     
   7.2080521460213362E-002   1.1522532120892341     
   8.7419255034663218E-002  0.85786604374619657     
  0.10579667824952024        1.1255320861174558     
  0.12854808104919171       0.99678823049001919     
  0.15632078169124311        1.3408315487341311     
  0.18975741449582317       0.74517624697872376     
  0.23032868064044379       0.71445553299946618     
  0.27962368063317661       0.94756885660811652     
  0.33948762138704197       0.76361297993485333     
  0.41220775775346907       0.42807361661630228     
  0.50048824219328136       0.39124006806899841     
  0.60768816316668328       0.14169098318086759     
  0.73829232115333110        1.2295583512633297     
   6.2831853071800003E-003  0.89140736876047866     
   8.8857658763173177E-003   1.3903905505579826     
   1.0882796185406024E-002   1.2055941478994667     
   1.2566370614360001E-002  0.53800138384766216     
   1.4781066825642925E-002  0.83699501425651446     
   1.9009758763406950E-002   1.0726349786140188     
   2.2558041930044626E-002  0.96984590131566761     
   2.7528404685550796E-002   1.0604805376760269     
   3.2924170772707526E-002   1.0419919514223330     
   3.9583345139207964E-002   1.0510493260936815     
   4.8482283607784241E-002   1.0575743883177962     
   5.9214978228736552E-002   1.0134681184785364     
   7.2080521460213362E-002   1.0010540129899566     
   8.7419255034663218E-002  0.99351194899392770     
  0.10579667824952024        1.0347330321636170     
  0.12854808104919171       0.97262102647762227     
  0.15632078169124311        1.0995188696328710     
  0.18975741449582317        1.0498533783452670     
  0.23032868064044379        1.1637653106674331     
  0.27962368063317661        1.2557847891094012     
  0.33948762138704197        1.3559620026496078     
  0.41220775775346907        1.4805139041441475     
  0.50048824219328136        1.6431227184983084     
  0.60768816316668328        1.8323793982603866     
  0.73829232115333110        2.0143447351972457     
   6.2831853071800003E-003   1.0889687909246588     
   8.8857658763173177E-003   1.5545276698592512     
   1.0882796185406024E-002   1.1623039097518062     
   1.2566370614360001E-002  0.32136833378200014     
   1.4781066825642925E-002  0.85640281608395641     
   1.9009758763406950E-002   1.0374207894581666     
   2.2558041930044626E-002  0.94992447201825214     
   2.7528404685550796E-002   1.0647316441125818     
   3.2924170772707526E-002   1.0351064408498236     
   3.9583345139207964E-002   1.0555858650923999     
   4.8482283607784241E-002   1.0457768175061621     
   5.9214978228736552E-002   1.0022922833129067     
   7.2080521460213362E-002  0.98899692535390238     
   8.7419255034663218E-002   1.0051735528603916     
  0.10579667824952024        1.0231870041973008     
  0.12854808104919171       0.96426866473921435     
  0.15632078169124311        1.0994478546188124     
  0.18975741449582317        1.0360809425153095     
  0.23032868064044379        1.1348946911910986     
  0.27962368063317661        1.1804473606874866     
  0.33948762138704197        1.2510426101836352     
  0.41220775775346907        1.3019901731477084     
  0.50048824219328136        1.3723476072523932     
  0.60768816316668328        1.4103645116040715     
  0.73829232115333110        1.3601643961585907     
   6.2831853071800003E-003  0.84263266693869643     
   8.8857658763173177E-003   1.7353518537568240     
   1.0882796185406024E-002  0.90150736939779252     
   1.2566370614360001E-002  0.53110419464839875     
   1.4781066825642925E-002  0.86755040892290236     
   1.9009758763406950E-002   1.0542574977475656     
   2.2558041930044626E-002  0.97841486059188387     
   2.7528404685550796E-002   1.1063005700989483     
   3.2924170772707526E-002   1.0464055403469357     
   3.9583345139207964E-002   1.0262647052108786     
   4.8482283607784241E-002   1.0378900058342935     
   5.9214978228736552E-002   1.0225179617316391     
   7.2080521460213362E-002   1.0193047981912660     
   8.7419255034663218E-002   1.0253231709459609     
  0.10579667824952024        1.0948895584721543     
  0.12854808104919171        1.0441787751120841     
  0.15632078169124311        1.1567176806751700     
  0.18975741449582317        1.1076758850949675     
  0.23032868064044379        1.2536008833567196     
  0.27962368063317661        1.3089089638604319     
  0.33948762138704197        1.3665341814807288     
  0.41220775775346907        1.4348042075212817     
  0.50048824219328136        1.4428716293002830     
  0.60768816316668328        1.4549801070587309     
  0.73829232115333110        1.2695248296777135     
   6.2831853071800003E-003  0.25009189213120420     
   8.8857658763173177E-003   1.8960332687451440     
   1.0882796185406024E-002   1.3550132177658489     
   1.2566370614360001E-002 -0.12808189298745873     
   1.4781066825642925E-002  0.55529095603055567     
   1.9009758763406950E-002  0.89285108030040128     
   2.2558041930044626E-002  0.81096596901065265     
   2.7528404685550796E-002  0.99423063399161049     
   3.2924170772707526E-002   1.0690801903730476     
   3.9583345139207964E-002   1.0975208990558978     
   4.8482283607784241E-002   1.0753667454359421     
   5.9214978228736552E-002   1.0400091372114855     
   7.2080521460213362E-002   1.0566112578738867     
   8.7419255034663218E-002  0.93677098498796951     
  0.10579667824952024        1.1612252807389820     
  0.12854808104919171        1.0897395724025185     
  0.15632078169124311        1.2313297191142223     
  0.18975741449582317        1.1790794653753576     
  0.23032868064044379        1.2978564984109566     
  0.27962368063317661        1.3116766301187677     
  0.33948762138704197        1.3655441595700251     
  0.41220775775346907        1.2877561036016711     
  0.50048824219328136        1.4091349912528737     
  0.60768816316668328        1.2504909508552386     
  0.73829232115333110        1.2461477867573543     
   6.2831853071800003E-003   5.8226520835986846E-003
   8.8857658763173177E-003   1.3247483982480790     
   1.0882796185406024E-002   1.8953467061585201     
   1.2566370614360001E-002  0.57283045381104702     
   1.4781066825642925E-002  0.89108213420923776     
   1.9009758763406950E-002  0.92562711039023537     
   2.2558041930044626E-002   1.0378791612716036     
   2.7528404685550796E-002  0.99613385840254520     
   3.2924170772707526E-002   1.0128545202799883     
   3.9583345139207964E-002   1.0163834149583910     
   4.8482283607784241E-002   1.0461034615836364     
   5.9214978228736552E-002   1.0278977676732461     
   7.2080521460213362E-002   1.0482074149541485     
   8.7419255034663218E-002   1.0850640869870780     
  0.10579667824952024        1.0088843545525004     
  0.12854808104919171        1.0888920827958632     
  0.15632078169124311        1.2783211047184457     
  0.18975741449582317        1.1557615695685790     
  0.23032868064044379        1.2934731973330049     
  0.27962368063317661        1.1836940441699026     
  0.33948762138704197        1.2022153224165386     
  0.41220775775346907        1.2300316504752509     
  0.50048824219328136        1.1451783506797915     
  0.60768816316668328        1.0549785323317598     
  0.73829232115333110        1.0512660339507280     
   6.2831853071800003E-003   1.8563406524886266     
   8.8857658763173177E-003   1.7112549483433195     
   1.0882796185406024E-002   1.7068326100674112     
   1.2566370614360001E-002   1.3646152207851023     
   1.4781066825642925E-002  0.93519472078868315     
   1.9009758763406950E-002  0.40749840673530696     
   2.2558041930044626E-002  0.84313651828134628     
   2.7528404685550796E-002   1.0702878646977760     
   3.2924170772707526E-002  0.98329090361863414     
   3.9583345139207964E-002   1.0046091696224182     
   4.8482283607784241E-002  0.92754440866041854     
   5.9214978228736552E-002   1.1090332258935092     
   7.2080521460213362E-002  0.89927451613032328     
   8.7419255034663218E-002  0.86501780754839563     
  0.10579667824952024        1.0219717276690798     
  0.12854808104919171       0.82864351296522398     
  0.15632078169124311       0.95173474483351528     
  0.18975741449582317       0.89986881724803314     
  0.23032868064044379       0.96619895672460721     
  0.27962368063317661       0.90732673579969947     
  0.33948762138704197       0.92279560898417423     
  0.41220775775346907       0.98914470166528345     
  0.50048824219328136       0.92174592862002880     
  0.60768816316668328       0.65554150381672516     
  0.73829232115333110       0.47432727766580346     
   6.2831853071800003E-003 -0.39610980796966494     
   8.8857658763173177E-003  0.41961092052616072     
   1.0882796185406024E-002   3.2463196930587124     
   1.2566370614360001E-002   1.7615739791558767     
   1.4781066825642925E-002  0.86032251480839672     
   1.9009758763406950E-002   1.3857551181624819     
   2.2558041930044626E-002   1.1029558869763969     
   2.7528404685550796E-002  0.73507431309319171     
   3.2924170772707526E-002   1.0298165186461790     
   3.9583345139207964E-002   1.3441907607085348     
   4.8482283607784241E-002  0.79522584675138552     
   5.9214978228736552E-002  0.85454789203076786     
   7.2080521460213362E-002  0.81458929353498533     
   8.7419255034663218E-002  0.81541539898931426     
  0.10579667824952024       0.73455952989795881     
  0.12854808104919171       0.72921357291587174     
  0.15632078169124311       0.82554700151137295     
  0.18975741449582317       0.60740921967955808     
  0.23032868064044379       0.90388492582375113     
  0.27962368063317661       0.66042935577599371     
  0.33948762138704197       0.83744272762859961     
  0.41220775775346907       0.42566855872415915     
  0.50048824219328136       0.25399608236964910     
  0.60768816316668328      -0.17343412157202612     
  0.73829232115333110      -0.57293631444534532     
   6.2831853071800003E-003  -3.0866838350546142     
   8.8857658763173177E-003   4.5270188912281499     
   1.0882796185406024E-002 -0.56141823879871355     
   1.2566370614360001E-002  -1.1698142479705749     
   1.4781066825642925E-002  0.11764615730684097     
   1.9009758763406950E-002  0.39735715456880005     
   2.2558041930044626E-002   1.0711825603676588     
   2.7528404685550796E-002  0.79339222010367771     
   3.2924170772707526E-002   1.0058156058806063     
   3.9583345139207964E-002   1.1555605293391737     
   4.8482283607784241E-002   1.3189302375956651     
   5.9214978228736552E-002  0.85193897882185254     
   7.2080521460213362E-002   1.0080362703875263     
   8.7419255034663218E-002   1.0683898161621814     
  0.10579667824952024       0.98454840223389961     
  0.12854808104919171       0.86399288874265801     
  0.15632078169124311        1.2829013530136744     
  0.18975741449582317        1.2911795147810330     
  0.23032868064044379        1.3445395651957426     
  0.27962368063317661        1.6721899093074086     
  0.33948762138704197        1.0827414929595343     
  0.41220775775346907       0.36518688208803357     
  0.50048824219328136       0.71828347986792551     
  0.60768816316668328       0.43631203851105604     
  0.73829232115333110       0.86976686727979802     
   6.2831853071800003E-003  0.46581563309065921     
   8.8857658763173177E-003  0.80757325531525059     
   1.0882796185406024E-002   1.5896561956076178     
   1.2566370614360001E-002  0.18454864244857050     
   1.4781066825642925E-002   1.0955227041139310     
   1.9009758763406950E-002   1.0559097513084805     
   2.2558041930044626E-002   1.1898983232496001     
   2.7528404685550796E-002   1.0470223896275690     
   3.2924170772707526E-002  0.99107118721248311     
   3.9583345139207964E-002   1.0317773204063463     
   4.8482283607784241E-002   1.0462620293400011     
   5.9214978228736552E-002   1.0168202633472374     
   7.2080521460213362E-002   1.0892836100813461     
   8.7419255034663218E-002   1.0454876622712628     
  0.10579667824952024        1.0313061907738426     
  0.12854808104919171       0.95851350641599298     
  0.15632078169124311        1.1134737056680577     
  0.18975741449582317        1.0894088950228697     
  0.23032868064044379        1.1998720403598437     
  0.27962368063317661        1.2666327900830232     
  0.33948762138704197        1.4035507489278398     
  0.41220775775346907        1.5400913931492459     
  0.50048824219328136        1.7097154509134207     
  0.60768816316668328        1.8716034473993042     
  0.73829232115333110        1.9703897634709113     
   6.2831853071800003E-003  0.64340841528745218     
   8.8857658763173177E-003  0.65643390379605360     
   1.0882796185406024E-002   1.4890962672605410     
   1.2566370614360001E-002 -0.14422556568562842     
   1.4781066825642925E-002   1.0740530056849051     
   1.9009758763406950E-002   1.0073988201184985     
   2.2558041930044626E-002   1.1649982681746813     
   2.7528404685550796E-002   1.0459316759340112     
   3.2924170772707526E-002  0.96561676444722833     
   3.9583345139207964E-002  0.99852721039327930     
   4.8482283607784241E-002  0.99716890860619989     
   5.9214978228736552E-002  0.98277030483393213     
   7.2080521460213362E-002   1.0320930755975330     
   8.7419255034663218E-002   1.0202608897163397     
  0.10579667824952024       0.98167401120165310     
  0.12854808104919171       0.88100039950510478     
  0.15632078169124311        1.0277711766949238     
  0.18975741449582317        1.0117605742496212     
  0.23032868064044379        1.0452993564833533     
  0.27962368063317661        1.0968548064034389     
  0.33948762138704197        1.1192374267961771     
  0.41220775775346907        1.1408268259009451     
  0.50048824219328136        1.1706952612416601     
  0.60768816316668328        1.1666090940709855     
  0.73829232115333110       0.97547911664963660     
   6.2831853071800003E-003  0.60527003576730554     
   8.8857658763173177E-003  0.74397270220635281     
   1.0882796185406024E-002   1.1483361217815917     
   1.2566370614360001E-002  0.22335480171403529     
   1.4781066825642925E-002   1.2499158239468413     
   1.9009758763406950E-002   1.0097102158739488     
   2.2558041930044626E-002   1.2103786566914838     
   2.7528404685550796E-002   1.0476184629326846     
   3.2924170772707526E-002   1.0307334148598335     
   3.9583345139207964E-002   1.0965213424455129     
   4.8482283607784241E-002  0.98746732632330092     
   5.9214978228736552E-002   1.0184302493480188     
   7.2080521460213362E-002   1.1356989864192566     
   8.7419255034663218E-002   1.0499649290006534     
  0.10579667824952024        1.0438180601647689     
  0.12854808104919171        1.0072521216173227     
  0.15632078169124311        1.1118545124632118     
  0.18975741449582317        1.1135566012462046     
  0.23032868064044379        1.2002737585858285     
  0.27962368063317661        1.2418546961257710     
  0.33948762138704197        1.2386222760181951     
  0.41220775775346907        1.1781584693453115     
  0.50048824219328136        1.1001065367708756     
  0.60768816316668328        1.0302677011304728     
  0.73829232115333110       0.86788762475209402     
   6.2831853071800003E-003   5.8226520835986846E-003
   8.8857658763173177E-003   1.3247483982480790     
   1.0882796185406024E-002   1.8953467061585201     
   1.2566370614360001E-002  0.57283045381104702     
   1.4781066825642925E-002  0.89108213420923776     
   1.9009758763406950E-002  0.92562711039023537     
   2.2558041930044626E-002   1.0378791612716036     
   2.7528404685550796E-002  0.99613385840254520     
   3.2924170772707526E-002   1.0128545202799883     
   3.9583345139207964E-002   1.0163834149583910     
   4.8482283607784241E-002   1.0461034615836364     
   5.9214978228736552E-002   1.0278977676732461     
   7.2080521460213362E-002   1.0482074149541485     
   8.7419255034663218E-002   1.0850640869870780     
  0.10579667824952024        1.0088843545525004     
  0.12854808104919171        1.0888920827958632     
  0.15632078169124311        1.2783211047184457     
  0.18975741449582317        1.1557615695685790     
  0.23032868064044379        1.2934731973330049     
  0.27962368063317661        1.1836940441699026     
  0.33948762138704197        1.2022153224165386     
  0.41220775775346907        1.2300316504752509     
  0.50048824219328136        1.1451783506797915     
  0.60768816316668328        1.0549785323317598     
  0.73829232115333110        1.0512660339507280     
   6.2831853071800003E-003  0.10630890937145054     
   8.8857658763173177E-003  0.37671544951645347     
   1.0882796185406024E-002   1.6201365157772845     
   1.2566370614360001E-002  0.59962794179624657     
   1.4781066825642925E-002   1.2037004676864840     
   1.9009758763406950E-002  0.89845943724921407     
   2.2558041930044626E-002  0.82668464192839619     
   2.7528404685550796E-002  0.85542909527224187     
   3.2924170772707526E-002   1.0457286628061540     
   3.9583345139207964E-002  0.88594187526672019     
   4.8482283607784241E-002   1.2047705713450594     
   5.9214978228736552E-002   1.1257565570385717     
   7.2080521460213362E-002   1.2684093919276669     
   8.7419255034663218E-002   1.1638515939173206     
  0.10579667824952024        1.2939220464812247     
  0.12854808104919171       0.98347067691939771     
  0.15632078169124311        1.3442881821167318     
  0.18975741449582317        1.3009630444746321     
  0.23032868064044379        1.1966027481781987     
  0.27962368063317661        1.1044198477401268     
  0.33948762138704197        1.3170814996992857     
  0.41220775775346907        1.5848189189410509     
  0.50048824219328136        1.5447425790953870     
  0.60768816316668328        1.4703424628713444     
  0.73829232115333110        2.4648816334063746     
   6.2831853071800003E-003   1.1761399040324958     
   8.8857658763173177E-003   7.0454109180060715E-003
   1.0882796185406024E-002   1.9401351768213100     
   1.2566370614360001E-002  0.93249717817998790     
   1.4781066825642925E-002   1.0914124009289738     
   1.9009758763406950E-002  0.97842910227080770     
   2.2558041930044626E-002   1.1146504759532816     
   2.7528404685550796E-002   1.0202276551406346     
   3.2924170772707526E-002  0.85954642073202991     
   3.9583345139207964E-002   1.0556180963966786     
   4.8482283607784241E-002  0.86109862289335037     
   5.9214978228736552E-002   1.0061726602111749     
   7.2080521460213362E-002   1.0890837057067517     
   8.7419255034663218E-002  0.96501380397986380     
  0.10579667824952024        1.0409239551842606     
  0.12854808104919171        1.0302961135883393     
  0.15632078169124311        1.1176954797728482     
  0.18975741449582317        1.1148231766138539     
  0.23032868064044379        1.0773619460645958     
  0.27962368063317661       0.75345640497085153     
  0.33948762138704197       0.92436359281990377     
  0.41220775775346907       0.86904058595407363     
  0.50048824219328136       0.19261909853538076     
  0.60768816316668328       0.37615804698322192     
  0.73829232115333110       0.34764338126141964     
   6.2831853071800003E-003 -0.56865237484036224     
   8.8857658763173177E-003  -1.2120157728856196     
   1.0882796185406024E-002   2.6884642533850625     
   1.2566370614360001E-002 -0.39766902530359444     
   1.4781066825642925E-002   2.1659110010534777     
   1.9009758763406950E-002  0.21168691525743830     
   2.2558041930044626E-002   1.3476941301777132     
   2.7528404685550796E-002  0.40104726574092775     
   3.2924170772707526E-002  0.81070104341991667     
   3.9583345139207964E-002   1.1483085448228034     
   4.8482283607784241E-002  0.80330661876527454     
   5.9214978228736552E-002  0.96683619622972250     
   7.2080521460213362E-002   1.3951212244388558     
   8.7419255034663218E-002  0.70495309380640447     
  0.10579667824952024       0.99170879050516858     
  0.12854808104919171       0.75969492527118010     
  0.15632078169124311        1.2006755401625520     
  0.18975741449582317        1.0982602048604242     
  0.23032868064044379        1.6891521342999516     
  0.27962368063317661        1.2601031497169672     
  0.33948762138704197        1.3172575769195960     
  0.41220775775346907       0.68278361455997016     
  0.50048824219328136       0.82640705501990253     
  0.60768816316668328       0.73011217264323114     
  0.73829232115333110       0.80991179767135724     
   6.2831853071800003E-003   2.6282128621001926     
   8.8857658763173177E-003   4.4899142873701532     
   1.0882796185406024E-002  -1.1898926037193502     
   1.2566370614360001E-002  -5.7325277824703997     
   1.4781066825642925E-002  0.77053819016822589     
   1.9009758763406950E-002  0.44609751680465004     
   2.2558041930044626E-002  0.95128866489133790     
   2.7528404685550796E-002  0.74276789504117102     
   3.2924170772707526E-002  0.68166672854278876     
   3.9583345139207964E-002  0.69896704178661162     
   4.8482283607784241E-002   1.4136480123375827     
   5.9214978228736552E-002  0.68071392059063363     
   7.2080521460213362E-002  0.76733257060951954     
   8.7419255034663218E-002   1.9469777294845458     
  0.10579667824952024        1.8542596069451158     
  0.12854808104919171        1.7494296075915805     
  0.15632078169124311        2.3201715770431837     
  0.18975741449582317        2.4551867577258775     
  0.23032868064044379        2.6345184924940455     
  0.27962368063317661        2.8501500238070561     
  0.33948762138704197        2.7716620384558865     
  0.41220775775346907        2.7801729713429206     
  0.50048824219328136        3.0334416214183721     
  0.60768816316668328        1.1352299707114393     
  0.73829232115333110        1.2144901517243138     
   6.2831853071800003E-003   2.3555852829743000     
   8.8857658763173177E-003   1.0459688653269992     
   1.0882796185406024E-002   1.1927152225475741     
   1.2566370614360001E-002   2.9739724537318617     
   1.4781066825642925E-002   1.2051560157625116     
   1.9009758763406950E-002   1.0440057435328967     
   2.2558041930044626E-002   1.1371998162131378     
   2.7528404685550796E-002   1.0398017854978068     
   3.2924170772707526E-002   1.1098952700181224     
   3.9583345139207964E-002  0.93665426721256317     
   4.8482283607784241E-002  0.88595438864046838     
   5.9214978228736552E-002   1.0266307200707869     
   7.2080521460213362E-002  0.85415234266867168     
   8.7419255034663218E-002  0.98360940820104070     
  0.10579667824952024        1.0015900755037983     
  0.12854808104919171       0.89622501932127541     
  0.15632078169124311       0.98637977992415948     
  0.18975741449582317        1.0309142419198662     
  0.23032868064044379        1.1155153455239240     
  0.27962368063317661        1.1989176216947812     
  0.33948762138704197        1.3020918804901445     
  0.41220775775346907        1.4564427903188819     
  0.50048824219328136        1.6095582373623034     
  0.60768816316668328        1.6280735042817414     
  0.73829232115333110        1.6058758069440167     
   6.2831853071800003E-003   3.4158214287687914     
   8.8857658763173177E-003   1.1312367866907860     
   1.0882796185406024E-002   1.1560199266989115     
   1.2566370614360001E-002   2.8548825338146044     
   1.4781066825642925E-002   1.2872602285660992     
   1.9009758763406950E-002   1.1568959290737635     
   2.2558041930044626E-002   1.0522707107341112     
   2.7528404685550796E-002  0.99493044903902994     
   3.2924170772707526E-002   1.0933778184148792     
   3.9583345139207964E-002  0.93473833004616480     
   4.8482283607784241E-002  0.87351758600798135     
   5.9214978228736552E-002   1.0078696763868316     
   7.2080521460213362E-002  0.84134629611420875     
   8.7419255034663218E-002  0.97239662881414768     
  0.10579667824952024       0.96672503689452904     
  0.12854808104919171       0.86364892930364323     
  0.15632078169124311       0.93212911414534172     
  0.18975741449582317       0.94796378206472520     
  0.23032868064044379       0.96731137887669494     
  0.27962368063317661        1.0253798715351743     
  0.33948762138704197        1.0399553319938899     
  0.41220775775346907        1.0673619874082745     
  0.50048824219328136       0.98533977753591306     
  0.60768816316668328       0.91245392262172931     
  0.73829232115333110       0.72668765031157312     
   6.2831853071800003E-003   1.9086031891824922     
   8.8857658763173177E-003   1.4498507500412376     
   1.0882796185406024E-002  0.54676929110357342     
   1.2566370614360001E-002   3.5994750952239167     
   1.4781066825642925E-002   1.2504269134949213     
   1.9009758763406950E-002   1.0854271470663812     
   2.2558041930044626E-002   1.3434183310771166     
   2.7528404685550796E-002  0.94088679662323083     
   3.2924170772707526E-002   1.1258126042134513     
   3.9583345139207964E-002   1.0035223351666975     
   4.8482283607784241E-002  0.87147698102499194     
   5.9214978228736552E-002  0.96448614564598167     
   7.2080521460213362E-002  0.87949460060941731     
   8.7419255034663218E-002  0.96631214148891320     
  0.10579667824952024        1.0276550526823456     
  0.12854808104919171       0.83903565952938375     
  0.15632078169124311       0.91541910809596871     
  0.18975741449582317       0.97032799988402452     
  0.23032868064044379       0.98762490076465670     
  0.27962368063317661        1.0810200967996155     
  0.33948762138704197        1.0231424751816143     
  0.41220775775346907       0.99130638556687090     
  0.50048824219328136       0.84007640897483216     
  0.60768816316668328       0.53780158323248872     
  0.73829232115333110       0.22727708550320438     
   6.2831853071800003E-003   1.8563406524886266     
   8.8857658763173177E-003   1.7112549483433195     
   1.0882796185406024E-002   1.7068326100674112     
   1.2566370614360001E-002   1.3646152207851023     
   1.4781066825642925E-002  0.93519472078868315     
   1.9009758763406950E-002  0.40749840673530696     
   2.2558041930044626E-002  0.84313651828134628     
   2.7528404685550796E-002   1.0702878646977760     
   3.2924170772707526E-002  0.98329090361863414     
   3.9583345139207964E-002   1.0046091696224182     
   4.8482283607784241E-002  0.92754440866041854     
   5.9214978228736552E-002   1.1090332258935092     
   7.2080521460213362E-002  0.89927451613032328     
   8.7419255034663218E-002  0.86501780754839563     
  0.10579667824952024        1.0219717276690798     
  0.12854808104919171       0.82864351296522398     
  0.15632078169124311       0.95173474483351528     
  0.18975741449582317       0.89986881724803314     
  0.23032868064044379       0.96619895672460721     
  0.27962368063317661       0.90732673579969947     
  0.33948762138704197       0.92279560898417423     
  0.41220775775346907       0.98914470166528345     
  0.50048824219328136       0.92174592862002880     
  0.60768816316668328       0.65554150381672516     
  0.73829232115333110       0.47432727766580346     
   6.2831853071800003E-003   1.1761399040324958     
   8.8857658763173177E-003   7.0454109180060715E-003
   1.0882796185406024E-002   1.9401351768213100     
   1.2566370614360001E-002  0.93249717817998790     
   1.4781066825642925E-002   1.0914124009289738     
   1.9009758763406950E-002  0.97842910227080770     
   2.2558041930044626E-002   1.1146504759532816     
   2.7528404685550796E-002   1.0202276551406346     
   3.2924170772707526E-002  0.85954642073202991     
   3.9583345139207964E-002   1.0556180963966786     
   4.8482283607784241E-002  0.86109862289335037     
   5.9214978228736552E-002   1.0061726602111749     
   7.2080521460213362E-002   1.0890837057067517     
   8.7419255034663218E-002  0.96501380397986380     
  0.10579667824952024        1.0409239551842606     
  0.12854808104919171        1.0302961135883393     
  0.15632078169124311        1.1176954797728482     
  0.18975741449582317        1.1148231766138539     
  0.23032868064044379        1.0773619460645958     
  0.27962368063317661       0.75345640497085153     
  0.33948762138704197       0.92436359281990377     
  0.41220775775346907       0.86904058595407363     
  0.50048824219328136       0.19261909853538076     
  0.60768816316668328       0.37615804698322192     
  0.73829232115333110       0.34764338126141964     
   6.2831853071800003E-003   1.7481011770569663     
   8.8857658763173177E-003   2.0649490784346414     
   1.0882796185406024E-002  -8.5918523670742188E-003
   1.2566370614360001E-002   2.6972346501010236     
   1.4781066825642925E-002   1.2032043819488529     
   1.9009758763406950E-002   1.0162177851622836     
   2.2558041930044626E-002   1.4755111587003849     
   2.7528404685550796E-002  0.79551960639600106     
   3.2924170772707526E-002  0.98487920730318612     
   3.9583345139207964E-002  0.81391230712332874     
   4.8482283607784241E-002  0.90254717128280504     
   5.9214978228736552E-002  0.86888639352642905     
   7.2080521460213362E-002  0.83047265095336553     
   8.7419255034663218E-002  0.72460124820958838     
  0.10579667824952024       0.81977267962545175     
  0.12854808104919171       0.67365445679171110     
  0.15632078169124311       0.84888033798874063     
  0.18975741449582317       0.72401488630960786     
  0.23032868064044379       0.54680394484153416     
  0.27962368063317661       0.84779299579659695     
  0.33948762138704197       0.65283711130474764     
  0.41220775775346907       0.32446974422868402     
  0.50048824219328136       0.21064521838747283     
  0.60768816316668328        1.8688394252592195     
  0.73829232115333110        6.1299465097378212     
   6.2831853071800003E-003  0.53772753455978528     
   8.8857658763173177E-003   2.8978792348857461     
   1.0882796185406024E-002   2.3027037731736719     
   1.2566370614360001E-002   7.8226734355859842     
   1.4781066825642925E-002   1.0109151307275197     
   1.9009758763406950E-002   1.1480794967380585     
   2.2558041930044626E-002  0.48765893751517825     
   2.7528404685550796E-002  0.31352643189106644     
   3.2924170772707526E-002   1.4888705574952519     
   3.9583345139207964E-002  0.24832585042348657     
   4.8482283607784241E-002  0.99970763118768768     
   5.9214978228736552E-002   1.3033999920306696     
   7.2080521460213362E-002  0.89329424205363406     
   8.7419255034663218E-002  0.82538476483598477     
  0.10579667824952024       0.82691400303077844     
  0.12854808104919171       0.41789812912376961     
  0.15632078169124311       0.71043653023171971     
  0.18975741449582317       0.57072346020808762     
  0.23032868064044379       0.33942227228559541     
  0.27962368063317661       0.25558606499459913     
  0.33948762138704197       0.12692532925043137     
  0.41220775775346907      -0.36867144513088834     
  0.50048824219328136      -0.59748401524586126     
  0.60768816316668328       0.60741031461111172     
  0.73829232115333110       0.45795891652234444     
   6.2831853071800003E-003  -18.244475432913756     
   8.8857658763173177E-003   5.2031189794933539     
   1.0882796185406024E-002  0.21186788156537129     
   1.2566370614360001E-002 -0.80950420643153786     
   1.4781066825642925E-002   2.2842456860271168     
   1.9009758763406950E-002   1.3467409764520182     
   2.2558041930044626E-002  -1.3851643967904244     
   2.7528404685550796E-002 -0.26811740913243987     
   3.2924170772707526E-002   1.3664858344899773     
   3.9583345139207964E-002   1.3420588775570814     
   4.8482283607784241E-002  0.74717734366522015     
   5.9214978228736552E-002  0.25491867839588617     
   7.2080521460213362E-002  0.65820111629916400     
   8.7419255034663218E-002  0.98635156902051391     
  0.10579667824952024      -0.16116706793947180     
  0.12854808104919171        1.1782972289247478     
  0.15632078169124311        1.3333880421166810     
  0.18975741449582317        3.0434177696327649     
  0.23032868064044379        1.5492416204501760     
  0.27962368063317661        3.2155354213696916     
  0.33948762138704197        3.3912458448343004     
  0.41220775775346907        3.9630713784299392     
  0.50048824219328136        4.2389115441287268     
  0.60768816316668328        2.9931614401062561     
  0.73829232115333110        2.4580565916952888     
   6.2831853071800003E-003 -0.20026592597706136     
   8.8857658763173177E-003  0.81353473531822706     
   1.0882796185406024E-002   2.0731200190774315     
   1.2566370614360001E-002   3.6330560740054847     
   1.4781066825642925E-002   1.3556191110878553     
   1.9009758763406950E-002   1.3113127549273900     
   2.2558041930044626E-002   1.2156332631394922     
   2.7528404685550796E-002  0.59934380061342429     
   3.2924170772707526E-002   1.0835810864024524     
   3.9583345139207964E-002   1.0989902543664389     
   4.8482283607784241E-002  0.92191849374597057     
   5.9214978228736552E-002  0.88741049238748870     
   7.2080521460213362E-002  0.96938145034307821     
   8.7419255034663218E-002  0.83478745843444491     
  0.10579667824952024       0.72739032832239980     
  0.12854808104919171       0.78861887095950234     
  0.15632078169124311       0.85980195780398960     
  0.18975741449582317       0.83665553707363061     
  0.23032868064044379        1.0385344259669194     
  0.27962368063317661        1.0847435792922373     
  0.33948762138704197        1.1235321165658012     
  0.41220775775346907        1.3013009706895799     
  0.50048824219328136        1.2042693196047600     
  0.60768816316668328        1.1557372004015767     
  0.73829232115333110        1.0190249765857218     
   6.2831853071800003E-003 -0.41479960370737962     
   8.8857658763173177E-003  0.87657081410643367     
   1.0882796185406024E-002   2.1491316969255592     
   1.2566370614360001E-002   3.2254669965973015     
   1.4781066825642925E-002   1.3562197207992053     
   1.9009758763406950E-002   1.2914543646754344     
   2.2558041930044626E-002   1.1341672457082823     
   2.7528404685550796E-002  0.51636784706391470     
   3.2924170772707526E-002   1.0004146690902109     
   3.9583345139207964E-002   1.2043535615712206     
   4.8482283607784241E-002  0.99957582714970639     
   5.9214978228736552E-002  0.82892125063451394     
   7.2080521460213362E-002  0.97365338158228421     
   8.7419255034663218E-002  0.77572253264320123     
  0.10579667824952024       0.67316260314850951     
  0.12854808104919171       0.65441012652561403     
  0.15632078169124311       0.79498499452800919     
  0.18975741449582317       0.64715066231477147     
  0.23032868064044379       0.89653010386111376     
  0.27962368063317661       0.85746199214985719     
  0.33948762138704197       0.90956383304549127     
  0.41220775775346907       0.96126608333726815     
  0.50048824219328136       0.83140007363568913     
  0.60768816316668328       0.68471417973315662     
  0.73829232115333110       0.85945047358215287     
   6.2831853071800003E-003 -0.37645101372803991     
   8.8857658763173177E-003  0.88801934663936000     
   1.0882796185406024E-002   1.6825728974326601     
   1.2566370614360001E-002   3.9921253791764153     
   1.4781066825642925E-002   1.3464600297252511     
   1.9009758763406950E-002   1.2936377688523664     
   2.2558041930044626E-002   1.2486168295831863     
   2.7528404685550796E-002  0.53737107343149559     
   3.2924170772707526E-002   1.0553466730088767     
   3.9583345139207964E-002   1.1050128118977471     
   4.8482283607784241E-002  0.83360004073458371     
   5.9214978228736552E-002  0.88271007776845323     
   7.2080521460213362E-002   1.0098740598701783     
   8.7419255034663218E-002  0.82948262769894210     
  0.10579667824952024       0.67211539233916462     
  0.12854808104919171       0.65614992727696175     
  0.15632078169124311       0.63634882221604472     
  0.18975741449582317       0.71415384838940554     
  0.23032868064044379       0.91048461867372965     
  0.27962368063317661       0.83458656699741041     
  0.33948762138704197       0.83585065089992172     
  0.41220775775346907        1.0156350385156614     
  0.50048824219328136       0.66212935881111157     
  0.60768816316668328       0.55298891012696194     
  0.73829232115333110       0.42182277643992444     
   6.2831853071800003E-003 -0.39610980796966494     
   8.8857658763173177E-003  0.41961092052616072     
   1.0882796185406024E-002   3.2463196930587124     
   1.2566370614360001E-002   1.7615739791558767     
   1.4781066825642925E-002  0.86032251480839672     
   1.9009758763406950E-002   1.3857551181624819     
   2.2558041930044626E-002   1.1029558869763969     
   2.7528404685550796E-002  0.73507431309319171     
   3.2924170772707526E-002   1.0298165186461790     
   3.9583345139207964E-002   1.3441907607085348     
   4.8482283607784241E-002  0.79522584675138552     
   5.9214978228736552E-002  0.85454789203076786     
   7.2080521460213362E-002  0.81458929353498533     
   8.7419255034663218E-002  0.81541539898931426     
  0.10579667824952024       0.73455952989795881     
  0.12854808104919171       0.72921357291587174     
  0.15632078169124311       0.82554700151137295     
  0.18975741449582317       0.60740921967955808     
  0.23032868064044379       0.90388492582375113     
  0.27962368063317661       0.66042935577599371     
  0.33948762138704197       0.83744272762859961     
  0.41220775775346907       0.42566855872415915     
  0.50048824219328136       0.25399608236964910     
  0.60768816316668328      -0.17343412157202612     
  0.73829232115333110      -0.57293631444534532     
   6.2831853071800003E-003 -0.56865237484036224     
   8.8857658763173177E-003  -1.2120157728856196     
   1.0882796185406024E-002   2.6884642533850625     
   1.2566370614360001E-002 -0.39766902530359444     
   1.4781066825642925E-002   2.1659110010534777     
   1.9009758763406950E-002  0.21168691525743830     
   2.2558041930044626E-002   1.3476941301777132     
   2.7528404685550796E-002  0.40104726574092775     
   3.2924170772707526E-002  0.81070104341991667     
   3.9583345139207964E-002   1.1483085448228034     
   4.8482283607784241E-002  0.80330661876527454     
   5.9214978228736552E-002  0.96683619622972250     
   7.2080521460213362E-002   1.3951212244388558     
   8.7419255034663218E-002  0.70495309380640447     
  0.10579667824952024       0.99170879050516858     
  0.12854808104919171       0.75969492527118010     
  0.15632078169124311        1.2006755401625520     
  0.18975741449582317        1.0982602048604242     
  0.23032868064044379        1.6891521342999516     
  0.27962368063317661        1.2601031497169672     
  0.33948762138704197        1.3172575769195960     
  0.41220775775346907       0.68278361455997016     
  0.50048824219328136       0.82640705501990253     
  0.60768816316668328       0.73011217264323114     
  0.73829232115333110       0.80991179767135724     
   6.2831853071800003E-003  0.53772753455978528     
   8.8857658763173177E-003   2.8978792348857461     
   1.0882796185406024E-002   2.3027037731736719     
   1.2566370614360001E-002   7.8226734355859842     
   1.4781066825642925E-002   1.0109151307275197     
   1.9009758763406950E-002   1.1480794967380585     
   2.2558041930044626E-002  0.48765893751517825     
   2.7528404685550796E-002  0.31352643189106644     
   3.2924170772707526E-002   1.4888705574952519     
   3.9583345139207964E-002  0.24832585042348657     
   4.8482283607784241E-002  0.99970763118768768     
   5.9214978228736552E-002   1.3033999920306696     
   7.2080521460213362E-002  0.89329424205363406     
   8.7419255034663218E-002  0.82538476483598477     
  0.10579667824952024       0.82691400303077844     
  0.12854808104919171       0.41789812912376961     
  0.15632078169124311       0.71043653023171971     
  0.18975741449582317       0.57072346020808762     
  0.23032868064044379       0.33942227228559541     
  0.27962368063317661       0.25558606499459913     
  0.33948762138704197       0.12692532925043137     
  0.41220775775346907      -0.36867144513088834     
  0.50048824219328136      -0.59748401524586126     
  0.60768816316668328       0.60741031461111172     
  0.73829232115333110       0.45795891652234444     
   6.2831853071800003E-003  -9.0150596618584622     
   8.8857658763173177E-003   1.2058909694871280     
   1.0882796185406024E-002   3.1555237081341172     
   1.2566370614360001E-002  0.65142458628452060     
   1.4781066825642925E-002   1.7754722046393245     
   1.9009758763406950E-002   2.2942592076690671     
   2.2558041930044626E-002   2.3863606819698187     
   2.7528404685550796E-002 -0.52245638636116976     
   3.2924170772707526E-002  0.40009032950014106     
   3.9583345139207964E-002   8.5911824108606775E-004
   4.8482283607784241E-002 -0.18087047488614613     
   5.9214978228736552E-002  0.75195286900128533     
   7.2080521460213362E-002   1.0196164474057143     
   8.7419255034663218E-002  0.22181813490207300     
  0.10579667824952024      -0.50326216487590703     
  0.12854808104919171       0.28142125888109032     
  0.15632078169124311        1.3096219777001123     
  0.18975741449582317       0.57619840410639844     
  0.23032868064044379        1.0690178917456374     
  0.27962368063317661       -1.3168844829045427     
  0.33948762138704197       -1.4713220216133298     
  0.41220775775346907       -1.9307814584657303     
  0.50048824219328136       -2.0214554499479842     
  0.60768816316668328        1.5335908410239787     
  0.73829232115333110       0.52790437673485735     
   6.2831853071800003E-003 -0.63702487728789137     
   8.8857658763173177E-003  -4.2014163660670016     
   1.0882796185406024E-002   2.7456469744055827     
   1.2566370614360001E-002  0.78661101310702752     
   1.4781066825642925E-002   3.0542231382002294     
   1.9009758763406950E-002  0.33110444100094039     
   2.2558041930044626E-002  0.29837113464310550     
   2.7528404685550796E-002  0.61225156803434932     
   3.2924170772707526E-002   1.4309150343849202     
   3.9583345139207964E-002   1.2471862559773126     
   4.8482283607784241E-002   1.5168559613755455     
   5.9214978228736552E-002  0.20641535447654855     
   7.2080521460213362E-002  0.94246067761919083     
   8.7419255034663218E-002   1.3521576108405919     
  0.10579667824952024        1.7020145491196870     
  0.12854808104919171        1.7716577667606872     
  0.15632078169124311        1.8197024271302205     
  0.18975741449582317        1.5469383083370123     
  0.23032868064044379        1.9722062333636157     
  0.27962368063317661       0.38247244892957410     
  0.33948762138704197       -1.3498006618929845     
  0.41220775775346907       -1.8939069232441208     
  0.50048824219328136       -4.7562401527055735     
  0.60768816316668328       -2.1338805325218124     
  0.73829232115333110        4.1231709030442341     
   6.2831853071800003E-003  -3.5396302263047930     
   8.8857658763173177E-003   2.4443436034276051     
   1.0882796185406024E-002  -1.1452858172265532     
   1.2566370614360001E-002   1.0162192543985340     
   1.4781066825642925E-002  0.91657541831458023     
   1.9009758763406950E-002  0.75367573889248862     
   2.2558041930044626E-002   1.0099069609445210     
   2.7528404685550796E-002  0.81757713065111748     
   3.2924170772707526E-002   1.5048485093307014     
   3.9583345139207964E-002   1.1865713513365941     
   4.8482283607784241E-002  0.98046021125840710     
   5.9214978228736552E-002  0.66731311421087336     
   7.2080521460213362E-002  0.98350717920154351     
   8.7419255034663218E-002   1.0572747606608068     
  0.10579667824952024        1.2675658641770080     
  0.12854808104919171       0.96803992659842220     
  0.15632078169124311        1.2626017614891241     
  0.18975741449582317        1.0096063493591674     
  0.23032868064044379       0.99824855063332818     
  0.27962368063317661        1.2733770498029848     
  0.33948762138704197        1.0934719203024597     
  0.41220775775346907        1.2100243571302691     
  0.50048824219328136        1.1877628053355171     
  0.60768816316668328        1.1704993551317686     
  0.73829232115333110       0.63833655180616189     
   6.2831853071800003E-003  -6.6735787233912864     
   8.8857658763173177E-003   2.7685943451241637     
   1.0882796185406024E-002 -0.68045997198296815     
   1.2566370614360001E-002   2.4809067699002143     
   1.4781066825642925E-002  0.81160679804748592     
   1.9009758763406950E-002   1.0922968405071871     
   2.2558041930044626E-002   1.1137800775068685     
   2.7528404685550796E-002  0.78297534171762417     
   3.2924170772707526E-002   1.4341248004052602     
   3.9583345139207964E-002   1.1249644549940410     
   4.8482283607784241E-002  0.87447803748602870     
   5.9214978228736552E-002  0.51880369115823088     
   7.2080521460213362E-002  0.94095921843673025     
   8.7419255034663218E-002  0.94525984383238282     
  0.10579667824952024        1.3466140467300518     
  0.12854808104919171       0.89487190195706945     
  0.15632078169124311        1.3700106946733899     
  0.18975741449582317       0.96594148664015911     
  0.23032868064044379       0.71356594034056875     
  0.27962368063317661       0.90302632531201454     
  0.33948762138704197       0.77967333042988474     
  0.41220775775346907       0.61785853312985284     
  0.50048824219328136       0.32348250964832870     
  0.60768816316668328       0.28604697714598476     
  0.73829232115333110      -0.45055070213067711     
   6.2831853071800003E-003  -2.8309461809702241     
   8.8857658763173177E-003   3.0058140625522638     
   1.0882796185406024E-002 -0.58145310266228556     
   1.2566370614360001E-002  0.70765194089077732     
   1.4781066825642925E-002   1.0565495420676785     
   1.9009758763406950E-002   1.1809750201589961     
   2.2558041930044626E-002  0.52335729972414713     
   2.7528404685550796E-002  0.85616082529659876     
   3.2924170772707526E-002   1.7218528689623911     
   3.9583345139207964E-002   1.0738252954430831     
   4.8482283607784241E-002  0.73131380027828685     
   5.9214978228736552E-002  0.59816764164332437     
   7.2080521460213362E-002   1.1522532120892341     
   8.7419255034663218E-002  0.85786604374619657     
  0.10579667824952024        1.1255320861174558     
  0.12854808104919171       0.99678823049001919     
  0.15632078169124311        1.3408315487341311     
  0.18975741449582317       0.74517624697872376     
  0.23032868064044379       0.71445553299946618     
  0.27962368063317661       0.94756885660811652     
  0.33948762138704197       0.76361297993485333     
  0.41220775775346907       0.42807361661630228     
  0.50048824219328136       0.39124006806899841     
  0.60768816316668328       0.14169098318086759     
  0.73829232115333110        1.2295583512633297     
   6.2831853071800003E-003  -3.0866838350546142     
   8.8857658763173177E-003   4.5270188912281499     
   1.0882796185406024E-002 -0.56141823879871355     
   1.2566370614360001E-002  -1.1698142479705749     
   1.4781066825642925E-002  0.11764615730684097     
   1.9009758763406950E-002  0.39735715456880005     
   2.2558041930044626E-002   1.0711825603676588     
   2.7528404685550796E-002  0.79339222010367771     
   3.2924170772707526E-002   1.0058156058806063     
   3.9583345139207964E-002   1.1555605293391737     
   4.8482283607784241E-002   1.3189302375956651     
   5.9214978228736552E-002  0.85193897882185254     
   7.2080521460213362E-002   1.0080362703875263     
   8.7419255034663218E-002   1.0683898161621814     
  0.10579667824952024       0.98454840223389961     
  0.12854808104919171       0.86399288874265801     
  0.15632078169124311        1.2829013530136744     
  0.18975741449582317        1.2911795147810330     
  0.23032868064044379        1.3445395651957426     
  0.27962368063317661        1.6721899093074086     
  0.33948762138704197        1.0827414929595343     
  0.41220775775346907       0.36518688208803357     
  0.50048824219328136       0.71828347986792551     
  0.60768816316668328       0.43631203851105604     
  0.73829232115333110       0.86976686727979802     
   6.2831853071800003E-003   2.6282128621001926     
   8.8857658763173177E-003   4.4899142873701532     
   1.0882796185406024E-002  -1.1898926037193502     
   1.2566370614360001E-002  -5.7325277824703997     
   1.4781066825642925E-002  0.77053819016822589     
   1.9009758763406950E-002  0.44609751680465004     
   2.2558041930044626E-002  0.95128866489133790     
   2.7528404685550796E-002  0.74276789504117102     
   3.2924170772707526E-002  0.68166672854278876     
   3.9583345139207964E-002  0.69896704178661162     
   4.8482283607784241E-002   1.4136480123375827     
   5.9214978228736552E-002  0.68071392059063363     
   7.2080521460213362E-002  0.76733257060951954     
   8.7419255034663218E-002   1.9469777294845458     
  0.10579667824952024        1.8542596069451158     
  0.12854808104919171        1.7494296075915805     
  0.15632078169124311        2.3201715770431837     
  0.18975741449582317        2.4551867577258775     
  0.23032868064044379        2.6345184924940455     
  0.27962368063317661        2.8501500238070561     
  0.33948762138704197        2.7716620384558865     
  0.41220775775346907        2.7801729713429206     
  0.50048824219328136        3.0334416214183721     
  0.60768816316668328        1.1352299707114393     
  0.73829232115333110        1.2144901517243138     
   6.2831853071800003E-003  -18.244475432913756     
   8.8857658763173177E-003   5.2031189794933539     
   1.0882796185406024E-002  0.21186788156537129     
   1.2566370614360001E-002 -0.80950420643153786     
   1.4781066825642925E-002   2.2842456860271168     
   1.9009758763406950E-002   1.3467409764520182     
   2.2558041930044626E-002  -1.3851643967904244     
   2.7528404685550796E-002 -0.26811740913243987     
   3.2924170772707526E-002   1.3664858344899773     
   3.9583345139207964E-002   1.3420588775570814     
   4.8482283607784241E-002  0.74717734366522015     
   5.9214978228736552E-002  0.25491867839588617     
   7.2080521460213362E-002  0.65820111629916400     
   8.7419255034663218E-002  0.98635156902051391     
  0.10579667824952024      -0.16116706793947180     
  0.12854808104919171        1.1782972289247478     
  0.15632078169124311        1.3333880421166810     
  0.18975741449582317        3.0434177696327649     
  0.23032868064044379        1.5492416204501760     
  0.27962368063317661        3.2155354213696916     
  0.33948762138704197        3.3912458448343004     
  0.41220775775346907        3.9630713784299392     
  0.50048824219328136        4.2389115441287268     
  0.60768816316668328        2.9931614401062561     
  0.73829232115333110        2.4580565916952888     
   6.2831853071800003E-003 -0.63702487728789137     
   8.8857658763173177E-003  -4.2014163660670016     
   1.0882796185406024E-002   2.7456469744055827     
   1.2566370614360001E-002  0.78661101310702752     
   1.4781066825642925E-002   3.0542231382002294     
   1.9009758763406950E-002  0.33110444100094039     
   2.2558041930044626E-002  0.29837113464310550     
   2.7528404685550796E-002  0.61225156803434932     
   3.2924170772707526E-002   1.4309150343849202     
   3.9583345139207964E-002   1.2471862559773126     
   4.8482283607784241E-002   1.5168559613755455     
   5.9214978228736552E-002  0.20641535447654855     
   7.2080521460213362E-002  0.94246067761919083     
   8.7419255034663218E-002   1.3521576108405919     
  0.10579667824952024        1.7020145491196870     
  0.12854808104919171        1.7716577667606872     
  0.15632078169124311        1.8197024271302205     
  0.18975741449582317        1.5469383083370123     
  0.23032868064044379        1.9722062333636157     
  0.27962368063317661       0.38247244892957410     
  0.33948762138704197       -1.3498006618929845     
  0.41220775775346907       -1.8939069232441208     
  0.50048824219328136       -4.7562401527055735     
  0.60768816316668328       -2.1338805325218124     
  0.73829232115333110        4.1231709030442341     
   6.2831853071800003E-003  -6.4889065494601068     
   8.8857658763173177E-003 -0.74887822437127860     
   1.0882796185406024E-002  0.21044975497484880     
   1.2566370614360001E-002  -20.244648854875361     
   1.4781066825642925E-002  -1.9885919919116712     
   1.9009758763406950E-002 -0.41325378978801008     
   2.2558041930044626E-002   1.2023238009223642     
   2.7528404685550796E-002  -3.2115178932744297     
   3.2924170772707526E-002   1.2732873633307360     
   3.9583345139207964E-002  -1.4935623776003630     
   4.8482283607784241E-002  0.69849476116498321     
   5.9214978228736552E-002 -0.48271834494491889     
   7.2080521460213362E-002   1.0681368357037044     
   8.7419255034663218E-002  0.35408027246932877     
  0.10579667824952024       -1.4642413937421879     
  0.12854808104919171        1.5058292339246755     
  0.15632078169124311       -1.0297301522877294     
  0.18975741449582317      -0.17532639099166228     
  0.23032868064044379      -0.43108726714102202     
  0.27962368063317661        1.5766827998865942     
  0.33948762138704197      -0.50653197671668804     
  0.41220775775346907       0.76579172134052365     
  0.50048824219328136        4.0737919803164129     
  0.60768816316668328        8.0795486028251275     
  0.73829232115333110        31.108160608068065     
