   907465875134.50098        4.0447272131045111E-015   4.2813128928016194E-015
   996449110089.84851        3.1141971293896348E-015   3.5832903891737587E-015
   1094157759763.3474        2.8704971466558752E-015   2.9986134291449132E-015
   1201447410738.7168        2.3704824697527723E-015   2.5088208044921880E-015
   1319257545715.3203        1.9488116716623054E-015   2.0986321073859898E-015
   1448619770096.0466        1.7029079792712316E-015   1.7551848931098243E-015
   1590666845248.3909        1.3778565781017032E-015   1.4675807942792958E-015
   1746642607538.5598        1.1173966056220496E-015   1.2268458428510285E-015
   1917912859994.7070        9.9169210098154488E-016   1.0253152364366935E-015
   2105977331972.2314        7.9695279418020653E-016   8.5668296297933872E-016
   2312482811546.0454        6.8955433434813430E-016   7.1556211711530315E-016
   2539237565623.7188        5.8386722410402753E-016   5.9752134670467344E-016
   2788227174049.3262        4.6103328569598665E-016   4.9877712451927706E-016
   3061631916349.4629        4.0163223527065041E-016   4.1621624953113936E-016
   3361845863368.6118        3.3159157494009311E-016   3.4718051383962294E-016
   3691497840969.9233        2.8036709699874707E-016   2.8949144030769429E-016
   4053474449370.2100        2.2790665622357065E-016   2.4127853323077132E-016
   4450945339678.1768        1.9532890311993005E-016   2.0101666366102339E-016
   4887390968970.0654        1.6274199096249710E-016   1.6739177258342179E-016
   5366633076940.2949        1.3251778056562371E-016   1.3932679965224149E-016
   5892868150996.0986        1.1157852010781372E-016   1.1590294036489174E-016
   6470704172833.5605        9.3870559426712219E-017   9.6365368350526849E-017
   7105200968266.7285        7.6850210180570538E-017   8.0070391646453231E-017
   7801914513633.4160        6.4231877179504468E-017   6.6490754132073991E-017
   8566945586747.0820        5.3559955977900510E-017   5.5174726463971271E-017
   9406993188407.2617        4.4275010620174618E-017   4.5754333303239597E-017
   10329413202254.428        3.6269870823787260E-017   3.7912739148629759E-017
   11342282806624.777        3.0477650569091975E-017   3.1391026878250850E-017
   12454471202427.873        2.5289111665131112E-017   2.5968251733778266E-017
   13675717276376.373        2.0841247365896740E-017   2.1463672201387018E-017
   15016714879626.568        1.7198173657469528E-017   1.7722952472096785E-017
   16489206468572.789        1.4361656092276819E-017   1.4619702160057993E-017
   18106085927762.125        1.1712808664728499E-017   1.2046329821918927E-017
   19881511475299.078        9.5208834157887697E-018   9.9152537670398398E-018
   21831029639397.273        7.7562633621050763E-018   8.1511521173280348E-018
   23971711391679.938        6.5589862035513927E-018   6.6924006460794255E-018
   26322301629281.414        5.3480486977179516E-018   5.4874560148996591E-018
   28903383314691.039        4.2981226261002416E-018   4.4928084411062666E-018
   31737557710631.195        3.5620961361901678E-018   3.6729671216809622E-018
   34849642288197.789        2.9017837090112859E-018   2.9977075426289175E-018
   38266888041247.070        2.3379789500750564E-018   2.4425214242577176E-018
   42019218109944.703        1.9310786211005838E-018   1.9864565500294348E-018
   46139489802985.531        1.5182190304574068E-018   1.6125016425643327E-018
   50663782312883.484        1.2577714228291038E-018   1.3061944654374284E-018
   55631712643713.500        1.0378798018456633E-018   1.0558331562875969E-018
   61086782517729.562        8.1959040764128675E-019   8.5144924665983561E-019
   67076759298548.664        6.4921726929162226E-019   6.8498862437175942E-019
   73654094266457.531        5.2319471920606923E-019   5.4961493629675492E-019
   80876381908473.938        4.1714533414252625E-019   4.3979887677373895E-019
   88806864244940.156        3.3440790422338332E-019   3.5087434055071745E-019
   97514984608787.531        2.6355924023419141E-019   2.7907001457191152E-019
   107076995726643.53        2.1746810765739423E-019   2.2121065136624440E-019
   117576627426451.81        1.6360102833787403E-019   1.7474188386862016E-019
   129105819818391.00        1.2887756309424269E-019   1.3751076632778482E-019
   141765528369194.78        1.0229248511115719E-019   1.0779029490620934E-019
   155666607919514.62        7.9839677781742833E-020   8.4132503179667954E-020
   170930783385232.09        6.3707186204672798E-020   6.5376386713596700E-020
   187691715642673.78        4.7769575225985286E-020   5.0556305641720789E-020
   206096171931158.75        3.5622248966960269E-020   3.8899701781745070E-020
   226305311021518.75        2.7813463377879202E-020   2.9767299913355320E-020
   248496094404183.94        2.1115260686668728E-020   2.2649318931237751E-020
   272862835853911.69        1.4999918808388788E-020   1.7126924566621338E-020
   299618902939929.50        1.2590414225190790E-020   1.2867343864184867E-020
   328998585380788.44        8.2828667096046818E-021   9.5994751225920077E-021
   361259146604181.19        6.9811613250830590E-021   7.1090235749862314E-021
   396683076476236.19        4.6605476557935294E-021   5.2229120874388493E-021
   435580564926326.94        3.1648690058248300E-021   3.8050393008328366E-021
   478292218127697.62        2.2789845429851557E-021   2.7474573729341516E-021
   525192041018186.31        1.9126884722315715E-021   1.9647486263382341E-021
   576690712277502.00        1.3712709807490280E-021   1.3908550122713034E-021
   633239180438413.25        8.6067050635461850E-022   9.7384558048970553E-022
   695332612621229.62        5.6864817229880183E-022   6.7402776030537535E-022
   763514730468712.00        5.3186412691082477E-022   4.6072156678974566E-022
   838382571249055.50        2.1669116413825863E-022   3.1077844612282363E-022
   920591715817568.88        1.5090749588580762E-022   2.0665877487353815E-022
   1010862029215746.5        8.4573173300592120E-023   1.3536242053911224E-022
   1109983964175350.9        6.7393165844468501E-023   8.7227541211744643E-023
   1218825482724180.0        4.3839238467496853E-023   5.5246455684911001E-023
   1338339656502602.5        3.9924379979170989E-023   3.4343835121296815E-023
   1469573012343098.0        2.1815471788862371E-023   2.0931049142300438E-023
   1613674696190966.5        0.0000000000000000        1.2486453314599118E-023
   1771906535610140.8        0.0000000000000000        7.2818183306339313E-024
   1945654088986456.0        0.0000000000000000        4.1437176930992076E-024
   2136438778180912.5        0.0000000000000000        2.2972818003191123E-024
   2345931210872563.0        0.0000000000000000        1.2382355339928604E-024
   2575965809248190.5        0.0000000000000000        6.4764021159416177E-025
   2828556873135088.0        0.0000000000000000        3.2792230347234342E-025
   3105916218233814.5        0.0000000000000000        1.6038484460798540E-025
   3410472543900336.5        0.0000000000000000        7.5562571993028277E-026
   3744892700071688.0        0.0000000000000000        3.4205060160792209E-026
   4112105039559011.5        0.0000000000000000        1.4829140702778201E-026
   4515325060192744.0        0.0000000000000000        6.1385044776269737E-027
   4958083561355490.0        0.0000000000000000        2.4171977302210980E-027
   5444257561455431.0        0.0000000000000000        9.0219311700089438E-028
   5978104247069502.0        0.0000000000000000        3.1779268457266725E-028
   6564298251032146.0        0.0000000000000000        1.0519452277587701E-028
   7207972585895685.0        0.0000000000000000        3.2557703692548300E-029
   7914763591196472.0        0.0000000000000000        9.3731693386922419E-030
   8690860288107631.0        0.0000000000000000        2.4960998367111216E-030
   9543058573653238.0        0.0000000000000000        6.1092917588838804E-031
