   907465875134.50098        4.0695749405998761E-015   4.2886746046731350E-015
   996449110089.84851        3.1334906090913082E-015   3.5909214362186892E-015
   1094157759763.3474        2.8948459070815034E-015   3.0062784841278376E-015
   1201447410738.7168        2.3875246542140841E-015   2.5163472696937942E-015
   1319257545715.3203        1.9617155634292133E-015   2.1058972103861564E-015
   1448619770096.0466        1.7181119878714656E-015   1.7621047641565029E-015
   1590666845248.3909        1.3885990384043216E-015   1.4741012589623862E-015
   1746642607538.5598        1.1256563050043582E-015   1.2329361220174435E-015
   1917912859994.7070        1.0031981364266898E-015   1.0309616862821646E-015
   2105977331972.2314        8.0370168607323552E-016   8.6188528088605256E-016
   2312482811546.0454        6.9691592704737078E-016   7.2032922308739022E-016
   2539237565623.7188        5.9271777820245165E-016   6.0186916999955381E-016
   2788227174049.3262        4.6567853457380209E-016   5.0272594553709361E-016
   3061631916349.4629        4.0605812714421153E-016   4.1978948323066477E-016
   3361845863368.6118        3.3761848982372842E-016   3.5040300367455456E-016
   3691497840969.9233        2.8383517392472981E-016   2.9238894595509978E-016
   4053474449370.2100        2.3199040014169749E-016   2.4387655224700127E-016
   4450945339678.1768        1.9707439033728839E-016   2.0334037364814938E-016
   4887390968970.0654        1.6553201609340234E-016   1.6946522688997984E-016
   5366633076940.2949        1.3462654748351873E-016   1.4117296691415508E-016
   5892868150996.0986        1.1297307026323742E-016   1.1754331819366258E-016
   6470704172833.5605        9.6270213235664041E-017   9.7820100413390810E-017
   7105200968266.7285        7.8009821736254335E-017   8.1358053557172859E-017
   7801914513633.4160        6.5692003871050334E-017   6.7628549120155012E-017
   8566945586747.0820        5.4549150497556636E-017   5.6178336178387440E-017
   9406993188407.2617        4.5398528491148922E-017   4.6638163403232939E-017
   10329413202254.428        3.7324095205367473E-017   3.8689809010015128E-017
   11342282806624.777        3.1124928482439515E-017   3.2073174455692272E-017
   12454471202427.873        2.6051912203600269E-017   2.6566116830802588E-017
   13675717276376.373        2.1316350601563391E-017   2.1986874343747340E-017
   15016714879626.568        1.7884193411919839E-017   1.8180092450690307E-017
   16489206468572.789        1.4790691125358373E-017   1.5018511440841337E-017
   18106085927762.125        1.2075200426892435E-017   1.2393691548720154E-017
   19881511475299.078        9.8616636385409900E-018   1.0217345720767839E-017
   21831029639397.273        8.0739544269208658E-018   8.4134464540161653E-018
   23971711391679.938        6.7435454564753558E-018   6.9197692232522812E-018
   26322301629281.414        5.5985418311341800E-018   5.6842259519151543E-018
   28903383314691.039        4.4286376615422535E-018   4.6627973234467372E-018
   31737557710631.195        3.7132806682961691E-018   3.8195639826499272E-018
   34849642288197.789        3.0152424401044038E-018   3.1238919184075485E-018
   38266888041247.070        2.4477287980659185E-018   2.5509339926970705E-018
   42019218109944.703        2.0465415071771890E-018   2.0794118239057388E-018
   46139489802985.531        1.6050736660670982E-018   1.6920423613518509E-018
   50663782312883.484        1.3191518494672506E-018   1.3741059923208665E-018
   55631712643713.500        1.0770668237920847E-018   1.1136880031252381E-018
   61086782517729.562        8.8466781033980515E-019   9.0061753713652245E-019
   67076759298548.664        6.9350742901262119E-019   7.2667315761525583E-019
   73654094266457.531        5.6019268187871145E-019   5.8486082960928055E-019
   80876381908473.938        4.4211855813775503E-019   4.6952001314783247E-019
   88806864244940.156        3.6617605345511168E-019   3.7586261437735780E-019
   97514984608787.531        2.7999744648580422E-019   3.0001558130708171E-019
   107076995726643.53        2.3094134975640672E-019   2.3870948258872222E-019
   117576627426451.81        1.8296048335785579E-019   1.8931197374295413E-019
   129105819818391.00        1.4054855628389473E-019   1.4959755866107949E-019
   141765528369194.78        1.1653955930865809E-019   1.1777922829373694E-019
   155666607919514.62        8.7322502268595772E-020   9.2353661944477828E-020
   170930783385232.09        6.7145748757427454E-020   7.2113801454479921E-020
   187691715642673.78        5.1925926824908917E-020   5.6052131211695306E-020
   206096171931158.75        4.2051883423878867E-020   4.3361192407833703E-020
   226305311021518.75        3.1355075862329017E-020   3.3370173100419575E-020
   248496094404183.94        2.4297601401156480E-020   2.5542990498917563E-020
   272862835853911.69        1.7858911166123465E-020   1.9437264515208835E-020
   299618902939929.50        1.3161084558343913E-020   1.4700565024021223E-020
   328998585380788.44        1.0134331032928080E-020   1.1044380480991928E-020
   361259146604181.19        7.5727851661917929E-021   8.2398969167393229E-021
   396683076476236.19        5.7920100924601670E-021   6.1012971153766507E-021
   435580564926326.94        4.0235543950021089E-021   4.4818485110015509E-021
   478292218127697.62        2.6141293287182669E-021   3.2645287435632911E-021
   525192041018186.31        2.4620777142555338E-021   2.3561546711650211E-021
   576690712277502.00        1.5380471811103964E-021   1.6842843217500307E-021
   633239180438413.25        8.9442229091754477E-022   1.1915291586774653E-021
   695332612621229.62        7.3770573703628346E-022   8.3374547301283701E-022
   763514730468712.00        4.8987485373365440E-022   5.7651744019841038E-022
   838382571249055.50        4.7162194547738635E-022   3.9367544802304943E-022
   920591715817568.88        1.3929922697151473E-022   2.6519753736993333E-022
   1010862029215746.5        1.2685975995088817E-022   1.7610734584490666E-022
   1109983964175350.9        1.2515873656829865E-022   1.1514753268360482E-022
   1218825482724180.0        7.0142781547994969E-023   7.4064321463740867E-023
   1338339656502602.5        3.9924379979170989E-023   4.6802048159230860E-023
   1469573012343098.0        2.9087295718483157E-023   2.9023789140213884E-023
   1613674696190966.5        6.6224476486534560E-024   1.7636594096518804E-023
   1771906535610140.8        0.0000000000000000        1.0488788692614011E-023
   1945654088986456.0        0.0000000000000000        6.0942162385878221E-024
   2136438778180912.5        0.0000000000000000        3.4542511792922799E-024
   2345931210872563.0        0.0000000000000000        1.9061843962931864E-024
   2575965809248190.5        0.0000000000000000        1.0222833877869417E-024
   2828556873135088.0        0.0000000000000000        5.3159965899327511E-025
   3105916218233814.5        0.0000000000000000        2.6748793672024255E-025
   3410472543900336.5        0.0000000000000000        1.2989133132596036E-025
   3744892700071688.0        0.0000000000000000        6.0724026601192415E-026
   4112105039559011.5        0.0000000000000000        2.7246515624071919E-026
   4515325060192744.0        0.0000000000000000        1.1699822320910968E-026
   4958083561355490.0        0.0000000000000000        4.7909543338555042E-027
   5444257561455431.0        0.0000000000000000        1.8644668695853861E-027
   5978104247069502.0        0.0000000000000000        6.8672661739428502E-028
   6564298251032146.0        0.0000000000000000        2.3842518219117873E-028
   7207972585895685.0        0.0000000000000000        7.7654850098557166E-029
   7914763591196472.0        0.0000000000000000        2.3610501034465643E-029
   8690860288107631.0        0.0000000000000000        6.6658190804628137E-030
   9543058573653238.0        0.0000000000000000        1.7368221079297102E-030
