   6.2831853071800003E-003   1.0561745094437369     
   8.8857658763173177E-003  0.91772005379493149     
   1.0882796185406024E-002  0.92770031619846249     
   1.2566370614360001E-002   1.2817507338463454     
   1.4781066825642925E-002  0.91374907053945431     
   1.9009758763406950E-002   1.0625092746315237     
   2.2558041930044626E-002   1.0457774233950732     
   2.7528404685550796E-002   1.0116447066561902     
   3.2924170772707526E-002  0.97068008630430147     
   3.9583345139207964E-002  0.97370984291234053     
   4.8482283607784241E-002   1.0398676016654198     
   5.9214978228736552E-002  0.98564484610200542     
   7.2080521460213362E-002   1.0055904231299644     
   8.7419255034663218E-002   1.0223454344191931     
  0.10579667824952024        1.0620322817545906     
  0.12854808104919171       0.99177623116577340     
  0.15632078169124311        1.1154499894497922     
  0.18975741449582317        1.0817836541113641     
  0.23032868064044379        1.1928998298256144     
  0.27962368063317661        1.2675166417424057     
  0.33948762138704197        1.3624462960420760     
  0.41220775775346907        1.4918302433169011     
  0.50048824219328136        1.6421778903675766     
  0.60768816316668328        1.8422744947820262     
  0.73829232115333110        2.0844961504140991     
   6.2831853071800003E-003   1.0071509091697688     
   8.8857658763173177E-003  0.96585014056980334     
   1.0882796185406024E-002  0.96537636258929105     
   1.2566370614360001E-002   1.3243082272292459     
   1.4781066825642925E-002  0.94204512921313355     
   1.9009758763406950E-002   1.0193725711573010     
   2.2558041930044626E-002   1.0301189923978131     
   2.7528404685550796E-002   1.0263814148291985     
   3.2924170772707526E-002  0.97875127018354136     
   3.9583345139207964E-002  0.99415416068379858     
   4.8482283607784241E-002   1.0174455271822103     
   5.9214978228736552E-002  0.98271549855622176     
   7.2080521460213362E-002   1.0008424104099340     
   8.7419255034663218E-002   1.0114550110859339     
  0.10579667824952024        1.0545033727254538     
  0.12854808104919171       0.98524308248335846     
  0.15632078169124311        1.1025452295275759     
  0.18975741449582317        1.0778716962882593     
  0.23032868064044379        1.1850891848529717     
  0.27962368063317661        1.2699100800615160     
  0.33948762138704197        1.3562983122903141     
  0.41220775775346907        1.4751218996098878     
  0.50048824219328136        1.6128674819358395     
  0.60768816316668328        1.7849474262740086     
  0.73829232115333110        1.9763912807870152     
   6.2831853071800003E-003   1.1989310255560046     
   8.8857658763173177E-003   1.3096439466272456     
   1.0882796185406024E-002  0.71298542860745140     
   1.2566370614360001E-002  0.82510341506286589     
   1.4781066825642925E-002  0.94921812913740777     
   1.9009758763406950E-002   1.0439699977155141     
   2.2558041930044626E-002  0.99541186198204845     
   2.7528404685550796E-002  0.99976906907698759     
   3.2924170772707526E-002  0.98405932599234502     
   3.9583345139207964E-002  0.99347444565446763     
   4.8482283607784241E-002   1.0030156623258200     
   5.9214978228736552E-002   1.0100971781310744     
   7.2080521460213362E-002   1.0079775991003863     
   8.7419255034663218E-002   1.0053776144463069     
  0.10579667824952024        1.0302633171824713     
  0.12854808104919171       0.96649060711057400     
  0.15632078169124311        1.0862412731632463     
  0.18975741449582317        1.0483775377329538     
  0.23032868064044379        1.1366912171232386     
  0.27962368063317661        1.2130346578953666     
  0.33948762138704197        1.2824376314086716     
  0.41220775775346907        1.3773922573751305     
  0.50048824219328136        1.4764301962651398     
  0.60768816316668328        1.5964067261884087     
  0.73829232115333110        1.7004754996673315     
   6.2831853071800003E-003  0.30333919420247507     
   8.8857658763173177E-003   1.1228348526158041     
   1.0882796185406024E-002  0.86643424157255333     
   1.2566370614360001E-002  0.41584984902820693     
   1.4781066825642925E-002   1.0951658048639046     
   1.9009758763406950E-002   1.1373217763901424     
   2.2558041930044626E-002  0.99513953471379224     
   2.7528404685550796E-002   1.0012387233893871     
   3.2924170772707526E-002   1.0570740921675197     
   3.9583345139207964E-002   1.0328485122929165     
   4.8482283607784241E-002   1.0538835673457492     
   5.9214978228736552E-002   1.0147806329990863     
   7.2080521460213362E-002  0.98150692413689311     
   8.7419255034663218E-002   1.0413027233749987     
  0.10579667824952024        1.0358047980721428     
  0.12854808104919171       0.95578624433308701     
  0.15632078169124311        1.0589002110532910     
  0.18975741449582317        1.0398192526268366     
  0.23032868064044379        1.1084358484745040     
  0.27962368063317661        1.1692189659210486     
  0.33948762138704197        1.2461213129042417     
  0.41220775775346907        1.3031633338644144     
  0.50048824219328136        1.3813397779645069     
  0.60768816316668328        1.4562617881006543     
  0.73829232115333110        1.4643862952620559     
   6.2831853071800003E-003   2.4086295970746017     
   8.8857658763173177E-003  0.62912181817208346     
   1.0882796185406024E-002   1.8512697618969340     
   1.2566370614360001E-002  0.58630673517784360     
   1.4781066825642925E-002  0.92176134894157991     
   1.9009758763406950E-002   1.1365166159745275     
   2.2558041930044626E-002   1.0412718484738059     
   2.7528404685550796E-002   1.0364134713442792     
   3.2924170772707526E-002   1.0442734832639433     
   3.9583345139207964E-002  0.93631598744413702     
   4.8482283607784241E-002  0.97964134781109247     
   5.9214978228736552E-002  0.98583719885282806     
   7.2080521460213362E-002   1.0588687692420418     
   8.7419255034663218E-002  0.95445949289925613     
  0.10579667824952024        1.0221371444257523     
  0.12854808104919171       0.91246001470212112     
  0.15632078169124311        1.0539250172248738     
  0.18975741449582317        1.0040877173703764     
  0.23032868064044379        1.0507669699730369     
  0.27962368063317661        1.1067575472562516     
  0.33948762138704197        1.1750685737992912     
  0.41220775775346907        1.1876675415863998     
  0.50048824219328136        1.2342853424925715     
  0.60768816316668328        1.2632250977633941     
  0.73829232115333110        1.2196999001273625     
   6.2831853071800003E-003   2.0841206378922399     
   8.8857658763173177E-003  0.95773613660419488     
   1.0882796185406024E-002   1.6344487023439931     
   1.2566370614360001E-002   1.6487861438692208     
   1.4781066825642925E-002   1.3720683538159830     
   1.9009758763406950E-002  0.69321910188403280     
   2.2558041930044626E-002   1.4116807166801935     
   2.7528404685550796E-002  0.94587638141942221     
   3.2924170772707526E-002   1.0332985020915715     
   3.9583345139207964E-002   1.0228272168403940     
   4.8482283607784241E-002  0.83503863016734881     
   5.9214978228736552E-002  0.88674946079598493     
   7.2080521460213362E-002  0.86549864902696572     
   8.7419255034663218E-002  0.81407530217194779     
  0.10579667824952024       0.94587404039810175     
  0.12854808104919171       0.85431918803250761     
  0.15632078169124311       0.94892627348449976     
  0.18975741449582317       0.84332194568501628     
  0.23032868064044379       0.93092575835925639     
  0.27962368063317661       0.91729201874015465     
  0.33948762138704197       0.95112528541752250     
  0.41220775775346907       0.99323679446917346     
  0.50048824219328136        1.0226020840937968     
  0.60768816316668328       0.93935545193871139     
  0.73829232115333110       0.75601753717034625     
   6.2831853071800003E-003  -5.6866690511675531     
   8.8857658763173177E-003   1.5753932838989775     
   1.0882796185406024E-002   1.2635329264919632     
   1.2566370614360001E-002   2.6995756272295508     
   1.4781066825642925E-002   1.4542279631624111     
   1.9009758763406950E-002  0.79848709299379617     
   2.2558041930044626E-002   1.5633564304046579     
   2.7528404685550796E-002  0.79793758778205437     
   3.2924170772707526E-002   1.1008656147369009     
   3.9583345139207964E-002   1.3681935117269137     
   4.8482283607784241E-002  0.72767712914923977     
   5.9214978228736552E-002  0.82383975233335216     
   7.2080521460213362E-002  0.88763860575827214     
   8.7419255034663218E-002  0.86594805667490138     
  0.10579667824952024       0.71462591430247591     
  0.12854808104919171       0.64675375105574573     
  0.15632078169124311       0.64129903136812860     
  0.18975741449582317       0.60795994159601152     
  0.23032868064044379       0.76940029880477534     
  0.27962368063317661       0.83736137728263960     
  0.33948762138704197       0.78488918863957480     
  0.41220775775346907       0.87224059739340210     
  0.50048824219328136       0.88892117253000758     
  0.60768816316668328       0.47072886412621151     
  0.73829232115333110       0.49228093332222123     
   6.2831853071800003E-003  -10.743255102575105     
   8.8857658763173177E-003   1.8062217360304276     
   1.0882796185406024E-002  0.61694798856704625     
   1.2566370614360001E-002   2.2251027153232150     
   1.4781066825642925E-002  0.92168340361478096     
   1.9009758763406950E-002 -0.16438857368543913     
   2.2558041930044626E-002   1.2975721679400887     
   2.7528404685550796E-002 -0.61751503021933929     
   3.2924170772707526E-002   2.7573477945939393     
   3.9583345139207964E-002   1.0079861275433044     
   4.8482283607784241E-002  0.47962240219376101     
   5.9214978228736552E-002  0.60500409122168164     
   7.2080521460213362E-002  0.92840990358799191     
   8.7419255034663218E-002   1.1679122767180592     
  0.10579667824952024       0.99239994748559435     
  0.12854808104919171        1.0834764593549655     
  0.15632078169124311        1.6726042553909004     
  0.18975741449582317        1.0015945433116671     
  0.23032868064044379       0.67277040842273461     
  0.27962368063317661        1.3387789313471159     
  0.33948762138704197       0.99588589013823270     
  0.41220775775346907        1.3760600171721173     
  0.50048824219328136       0.79814807637772223     
  0.60768816316668328       0.45153883133698247     
  0.73829232115333110      -0.16245081713570894     
   6.2831853071800003E-003   1.0071509091697688     
   8.8857658763173177E-003  0.96585014056980334     
   1.0882796185406024E-002  0.96537636258929105     
   1.2566370614360001E-002   1.3243082272292459     
   1.4781066825642925E-002  0.94204512921313355     
   1.9009758763406950E-002   1.0193725711573010     
   2.2558041930044626E-002   1.0301189923978131     
   2.7528404685550796E-002   1.0263814148291985     
   3.2924170772707526E-002  0.97875127018354136     
   3.9583345139207964E-002  0.99415416068379858     
   4.8482283607784241E-002   1.0174455271822103     
   5.9214978228736552E-002  0.98271549855622176     
   7.2080521460213362E-002   1.0008424104099340     
   8.7419255034663218E-002   1.0114550110859339     
  0.10579667824952024        1.0545033727254538     
  0.12854808104919171       0.98524308248335846     
  0.15632078169124311        1.1025452295275759     
  0.18975741449582317        1.0778716962882593     
  0.23032868064044379        1.1850891848529717     
  0.27962368063317661        1.2699100800615160     
  0.33948762138704197        1.3562983122903141     
  0.41220775775346907        1.4751218996098878     
  0.50048824219328136        1.6128674819358395     
  0.60768816316668328        1.7849474262740086     
  0.73829232115333110        1.9763912807870152     
   6.2831853071800003E-003  0.86817250446481520     
   8.8857658763173177E-003  0.96952236121081103     
   1.0882796185406024E-002  0.95796373882260333     
   1.2566370614360001E-002   1.3692979749463865     
   1.4781066825642925E-002  0.98721192735593877     
   1.9009758763406950E-002  0.96579576837784764     
   2.2558041930044626E-002   1.0279573715244408     
   2.7528404685550796E-002   1.0308123986777538     
   3.2924170772707526E-002  0.98366179412900168     
   3.9583345139207964E-002   1.0245038176581935     
   4.8482283607784241E-002   1.0055259307303994     
   5.9214978228736552E-002  0.98067063916597697     
   7.2080521460213362E-002  0.99904907450696334     
   8.7419255034663218E-002   1.0184830046657476     
  0.10579667824952024        1.0598124523041459     
  0.12854808104919171        1.0066245831167751     
  0.15632078169124311        1.1309204985671346     
  0.18975741449582317        1.1219325870906625     
  0.23032868064044379        1.2501185346126222     
  0.27962368063317661        1.3546096200472995     
  0.33948762138704197        1.4504546623143448     
  0.41220775775346907        1.5827532143641090     
  0.50048824219328136        1.7454304686530939     
  0.60768816316668328        1.9077278062266456     
  0.73829232115333110        2.0842785002225002     
   6.2831853071800003E-003   1.1682569127391145     
   8.8857658763173177E-003   1.3195525977940419     
   1.0882796185406024E-002  0.75365211269818877     
   1.2566370614360001E-002  0.87031367796236081     
   1.4781066825642925E-002  0.94606486341863638     
   1.9009758763406950E-002  0.98458761054833455     
   2.2558041930044626E-002  0.98536091677025706     
   2.7528404685550796E-002   1.0050552392182019     
   3.2924170772707526E-002  0.97541506814845902     
   3.9583345139207964E-002   1.0150238155833651     
   4.8482283607784241E-002  0.97964903712322970     
   5.9214978228736552E-002   1.0087044277401478     
   7.2080521460213362E-002   1.0175427833160477     
   8.7419255034663218E-002   1.0137177656572154     
  0.10579667824952024        1.0571938403087116     
  0.12854808104919171        1.0138354011591177     
  0.15632078169124311        1.1484910844308529     
  0.18975741449582317        1.1257498756596021     
  0.23032868064044379        1.2496730028940668     
  0.27962368063317661        1.3519999441477728     
  0.33948762138704197        1.4412277751942750     
  0.41220775775346907        1.5883332071083176     
  0.50048824219328136        1.7119274176477490     
  0.60768816316668328        1.8061423876408202     
  0.73829232115333110        1.8798307332140196     
   6.2831853071800003E-003  0.23898904441418023     
   8.8857658763173177E-003   1.1155732020375255     
   1.0882796185406024E-002  0.88460680385351875     
   1.2566370614360001E-002  0.45793442709263615     
   1.4781066825642925E-002   1.0928915470685663     
   1.9009758763406950E-002   1.1099116638770692     
   2.2558041930044626E-002  0.93095320593281927     
   2.7528404685550796E-002  0.99255603841235773     
   3.2924170772707526E-002   1.0548368840752895     
   3.9583345139207964E-002   1.0680198721247145     
   4.8482283607784241E-002   1.0523819223510702     
   5.9214978228736552E-002   1.0073225622166220     
   7.2080521460213362E-002  0.99299393459405172     
   8.7419255034663218E-002   1.0517005881501178     
  0.10579667824952024        1.0795548217639546     
  0.12854808104919171        1.0100618509335464     
  0.15632078169124311        1.1286642577221517     
  0.18975741449582317        1.1173442401559763     
  0.23032868064044379        1.2393499634199419     
  0.27962368063317661        1.3114828970341619     
  0.33948762138704197        1.3553759431250985     
  0.41220775775346907        1.4384128654238519     
  0.50048824219328136        1.4774319374087739     
  0.60768816316668328        1.5524524096552532     
  0.73829232115333110        1.5131265178898274     
   6.2831853071800003E-003   2.2182046714230013     
   8.8857658763173177E-003  0.45785948315335140     
   1.0882796185406024E-002   1.9121539797329732     
   1.2566370614360001E-002  0.71320872537819291     
   1.4781066825642925E-002  0.98021210684478910     
   1.9009758763406950E-002   1.0742074476583954     
   2.2558041930044626E-002   1.0322736015324308     
   2.7528404685550796E-002   1.0153626091444541     
   3.2924170772707526E-002   1.0087549848093023     
   3.9583345139207964E-002  0.98038798101896407     
   4.8482283607784241E-002  0.93268032251436672     
   5.9214978228736552E-002  0.95852531680995301     
   7.2080521460213362E-002   1.0606910685644777     
   8.7419255034663218E-002  0.98678438031698534     
  0.10579667824952024        1.0063591522772062     
  0.12854808104919171       0.96414992477081485     
  0.15632078169124311        1.0640479342142684     
  0.18975741449582317        1.0485030613380002     
  0.23032868064044379        1.1519441788392475     
  0.27962368063317661        1.1498031096169228     
  0.33948762138704197        1.2145711452387651     
  0.41220775775346907        1.3112414438234730     
  0.50048824219328136        1.3050633847472444     
  0.60768816316668328        1.2773831558271027     
  0.73829232115333110        1.0906950162672528     
   6.2831853071800003E-003   1.9306516108310086     
   8.8857658763173177E-003   1.0227896324491812     
   1.0882796185406024E-002   1.6717090273151953     
   1.2566370614360001E-002   1.7401121991754103     
   1.4781066825642925E-002   1.5452493545250887     
   1.9009758763406950E-002  0.69807481268360927     
   2.2558041930044626E-002   1.3682902290131600     
   2.7528404685550796E-002  0.90226348054305927     
   3.2924170772707526E-002   1.0473145100424459     
   3.9583345139207964E-002   1.1010919496190965     
   4.8482283607784241E-002  0.90899384352115253     
   5.9214978228736552E-002  0.85118851577911481     
   7.2080521460213362E-002  0.84261321781893805     
   8.7419255034663218E-002  0.81114585475165668     
  0.10579667824952024       0.96048497847110959     
  0.12854808104919171       0.89876657158830675     
  0.15632078169124311        1.0480185943222331     
  0.18975741449582317       0.86627314165896130     
  0.23032868064044379       0.99674590124133178     
  0.27962368063317661       0.98036518370825210     
  0.33948762138704197        1.0748496260174774     
  0.41220775775346907        1.0392197731111719     
  0.50048824219328136       0.95256477927107208     
  0.60768816316668328       0.82578974285842432     
  0.73829232115333110       0.48381348318681244     
   6.2831853071800003E-003  -5.8289078907687122     
   8.8857658763173177E-003   1.6885419753226527     
   1.0882796185406024E-002   1.4464160168895286     
   1.2566370614360001E-002   2.0564220634104728     
   1.4781066825642925E-002   1.6341958746136647     
   1.9009758763406950E-002  0.88851475089119658     
   2.2558041930044626E-002   1.5131530769263395     
   2.7528404685550796E-002   1.0033316806806614     
   3.2924170772707526E-002  0.97842920373113440     
   3.9583345139207964E-002   1.3997532823677157     
   4.8482283607784241E-002  0.74470923134844247     
   5.9214978228736552E-002  0.72002572014125321     
   7.2080521460213362E-002  0.86147435766765990     
   8.7419255034663218E-002  0.88455810215885533     
  0.10579667824952024       0.68049379854752401     
  0.12854808104919171       0.60717885483127920     
  0.15632078169124311       0.55404890841150056     
  0.18975741449582317       0.44187453231466639     
  0.23032868064044379       0.65067486389246276     
  0.27962368063317661       0.74631749981305251     
  0.33948762138704197       0.73801754753212556     
  0.41220775775346907       0.87298371296079957     
  0.50048824219328136       0.62428194151793004     
  0.60768816316668328       0.74952321106032171     
  0.73829232115333110       0.51436148648769497     
   6.2831853071800003E-003  -9.2298573308939638     
   8.8857658763173177E-003   3.4616177620733759     
   1.0882796185406024E-002  0.65514634966937579     
   1.2566370614360001E-002 -0.71712142035693549     
   1.4781066825642925E-002   1.7986774051577472     
   1.9009758763406950E-002 -0.81092883057852605     
   2.2558041930044626E-002   1.0608637039305056     
   2.7528404685550796E-002 -0.97843280649687625     
   3.2924170772707526E-002   2.4321684287658591     
   3.9583345139207964E-002  0.58091884028501750     
   4.8482283607784241E-002  0.70790010919400226     
   5.9214978228736552E-002  0.58634733726125521     
   7.2080521460213362E-002  0.88312123235807949     
   8.7419255034663218E-002  0.83040350283180431     
  0.10579667824952024       0.98390729811649968     
  0.12854808104919171       0.85037475149405883     
  0.15632078169124311        1.2519492355621695     
  0.18975741449582317       0.95997472737718181     
  0.23032868064044379       0.48787900000243783     
  0.27962368063317661       0.90706685271217635     
  0.33948762138704197        1.5150932833311466     
  0.41220775775346907        1.2905741732233782     
  0.50048824219328136       0.28541412027337087     
  0.60768816316668328        1.2728941140172445     
  0.73829232115333110        2.0560391813801475     
   6.2831853071800003E-003   1.1989310255560046     
   8.8857658763173177E-003   1.3096439466272456     
   1.0882796185406024E-002  0.71298542860745140     
   1.2566370614360001E-002  0.82510341506286589     
   1.4781066825642925E-002  0.94921812913740777     
   1.9009758763406950E-002   1.0439699977155141     
   2.2558041930044626E-002  0.99541186198204845     
   2.7528404685550796E-002  0.99976906907698759     
   3.2924170772707526E-002  0.98405932599234502     
   3.9583345139207964E-002  0.99347444565446763     
   4.8482283607784241E-002   1.0030156623258200     
   5.9214978228736552E-002   1.0100971781310744     
   7.2080521460213362E-002   1.0079775991003863     
   8.7419255034663218E-002   1.0053776144463069     
  0.10579667824952024        1.0302633171824713     
  0.12854808104919171       0.96649060711057400     
  0.15632078169124311        1.0862412731632463     
  0.18975741449582317        1.0483775377329538     
  0.23032868064044379        1.1366912171232386     
  0.27962368063317661        1.2130346578953666     
  0.33948762138704197        1.2824376314086716     
  0.41220775775346907        1.3773922573751305     
  0.50048824219328136        1.4764301962651398     
  0.60768816316668328        1.5964067261884087     
  0.73829232115333110        1.7004754996673315     
   6.2831853071800003E-003   1.1682569127391145     
   8.8857658763173177E-003   1.3195525977940419     
   1.0882796185406024E-002  0.75365211269818877     
   1.2566370614360001E-002  0.87031367796236081     
   1.4781066825642925E-002  0.94606486341863638     
   1.9009758763406950E-002  0.98458761054833455     
   2.2558041930044626E-002  0.98536091677025706     
   2.7528404685550796E-002   1.0050552392182019     
   3.2924170772707526E-002  0.97541506814845902     
   3.9583345139207964E-002   1.0150238155833651     
   4.8482283607784241E-002  0.97964903712322970     
   5.9214978228736552E-002   1.0087044277401478     
   7.2080521460213362E-002   1.0175427833160477     
   8.7419255034663218E-002   1.0137177656572154     
  0.10579667824952024        1.0571938403087116     
  0.12854808104919171        1.0138354011591177     
  0.15632078169124311        1.1484910844308529     
  0.18975741449582317        1.1257498756596021     
  0.23032868064044379        1.2496730028940668     
  0.27962368063317661        1.3519999441477728     
  0.33948762138704197        1.4412277751942750     
  0.41220775775346907        1.5883332071083176     
  0.50048824219328136        1.7119274176477490     
  0.60768816316668328        1.8061423876408202     
  0.73829232115333110        1.8798307332140196     
   6.2831853071800003E-003   1.3079993066316307     
   8.8857658763173177E-003   1.7149483414085041     
   1.0882796185406024E-002  0.61493203757409853     
   1.2566370614360001E-002  0.36211438122831086     
   1.4781066825642925E-002  0.95604071869870511     
   1.9009758763406950E-002   1.0236419682035149     
   2.2558041930044626E-002  0.93501407171876805     
   2.7528404685550796E-002  0.99357445773049435     
   3.2924170772707526E-002   1.0003617803059726     
   3.9583345139207964E-002   1.0531729358248005     
   4.8482283607784241E-002  0.98898794740749363     
   5.9214978228736552E-002   1.0841599085392972     
   7.2080521460213362E-002   1.0597558188652616     
   8.7419255034663218E-002   1.0644175785635956     
  0.10579667824952024        1.1010191576385178     
  0.12854808104919171        1.0858424743577613     
  0.15632078169124311        1.2540411611445408     
  0.18975741449582317        1.2407923032248562     
  0.23032868064044379        1.3960782452674594     
  0.27962368063317661        1.4956646606637685     
  0.33948762138704197        1.6150112746970360     
  0.41220775775346907        1.7600713279568712     
  0.50048824219328136        1.8562551332599759     
  0.60768816316668328        1.9359201203819429     
  0.73829232115333110        2.0357421594994132     
   6.2831853071800003E-003  0.44186073534095538     
   8.8857658763173177E-003   1.4366349847105773     
   1.0882796185406024E-002  0.55205579983522601     
   1.2566370614360001E-002  0.48974581426276648     
   1.4781066825642925E-002   1.0871802164691822     
   1.9009758763406950E-002  0.96613946423789143     
   2.2558041930044626E-002  0.89574650805206857     
   2.7528404685550796E-002  0.92841590485286840     
   3.2924170772707526E-002   1.0450533510673456     
   3.9583345139207964E-002   1.0726379506615322     
   4.8482283607784241E-002   1.0318293171809962     
   5.9214978228736552E-002   1.0654987128837454     
   7.2080521460213362E-002   1.0632710017092746     
   8.7419255034663218E-002   1.1208322900005552     
  0.10579667824952024        1.1851159892865317     
  0.12854808104919171        1.1411930333468210     
  0.15632078169124311        1.2619807176270210     
  0.18975741449582317        1.2951270414005871     
  0.23032868064044379        1.4805273267453214     
  0.27962368063317661        1.5771635300834492     
  0.33948762138704197        1.6683459750206757     
  0.41220775775346907        1.7693333409041703     
  0.50048824219328136        1.7846097492919475     
  0.60768816316668328        1.7986826588699800     
  0.73829232115333110        1.5913319897853364     
   6.2831853071800003E-003   2.1491674731244754     
   8.8857658763173177E-003  0.70728390995770607     
   1.0882796185406024E-002   1.5239952788678388     
   1.2566370614360001E-002  0.62702439939508947     
   1.4781066825642925E-002  0.85257725950280383     
   1.9009758763406950E-002  0.91227377374909002     
   2.2558041930044626E-002   1.0771913935513726     
   2.7528404685550796E-002  0.93511197023647052     
   3.2924170772707526E-002   1.1133536040069887     
   3.9583345139207964E-002  0.94900700674261496     
   4.8482283607784241E-002  0.92889079666747099     
   5.9214978228736552E-002   1.0318893140565804     
   7.2080521460213362E-002   1.0545303815549285     
   8.7419255034663218E-002   1.0009170144688828     
  0.10579667824952024        1.0660065474350926     
  0.12854808104919171        1.0329677734170835     
  0.15632078169124311        1.1775231050963213     
  0.18975741449582317        1.1848193650613623     
  0.23032868064044379        1.3437161322972098     
  0.27962368063317661        1.3722585913950329     
  0.33948762138704197        1.3532159080684263     
  0.41220775775346907        1.3205630077433979     
  0.50048824219328136        1.2945775251164411     
  0.60768816316668328        1.2399539514428308     
  0.73829232115333110       0.95611562852537235     
   6.2831853071800003E-003   1.1209284503737724     
   8.8857658763173177E-003   1.1413046002484861     
   1.0882796185406024E-002   1.1458909589035255     
   1.2566370614360001E-002   1.7066404974066369     
   1.4781066825642925E-002   1.3251664515222767     
   1.9009758763406950E-002  0.47103093908200100     
   2.2558041930044626E-002   1.3208661230588687     
   2.7528404685550796E-002  0.95498535465911205     
   3.2924170772707526E-002  0.98623072573468551     
   3.9583345139207964E-002   1.0208264892150185     
   4.8482283607784241E-002  0.83243186043477924     
   5.9214978228736552E-002  0.93985697604163254     
   7.2080521460213362E-002  0.96860547772305661     
   8.7419255034663218E-002  0.87726595108490679     
  0.10579667824952024        1.0340653876876724     
  0.12854808104919171       0.92651022165675345     
  0.15632078169124311        1.1511919503011627     
  0.18975741449582317        1.0987312516194518     
  0.23032868064044379        1.3371410086380560     
  0.27962368063317661        1.3319359604348748     
  0.33948762138704197        1.3635614417571837     
  0.41220775775346907        1.3056399915656633     
  0.50048824219328136        1.1958813796064900     
  0.60768816316668328        1.4360778237405483     
  0.73829232115333110        1.0919780303031108     
   6.2831853071800003E-003  -6.0487981993714168     
   8.8857658763173177E-003   2.7042602409443313     
   1.0882796185406024E-002   2.6572398159946062     
   1.2566370614360001E-002  0.64999352193452253     
   1.4781066825642925E-002   1.4060380106546249     
   1.9009758763406950E-002  0.13203373451116546     
   2.2558041930044626E-002   1.7047277515149386     
   2.7528404685550796E-002  0.94258717470918219     
   3.2924170772707526E-002  0.98171321675537149     
   3.9583345139207964E-002   1.1889358492218114     
   4.8482283607784241E-002  0.80367997083568266     
   5.9214978228736552E-002  0.78491075726815318     
   7.2080521460213362E-002  0.93792261315411707     
   8.7419255034663218E-002  0.80584070334272828     
  0.10579667824952024       0.88861291349666360     
  0.12854808104919171       0.58235458026649622     
  0.15632078169124311       0.72768327898272078     
  0.18975741449582317       0.49648876218625981     
  0.23032868064044379       0.72460691527172971     
  0.27962368063317661       0.75442958066624521     
  0.33948762138704197       0.16757579281598395     
  0.41220775775346907       0.10764020749551068     
  0.50048824219328136       0.12172350577475700     
  0.60768816316668328       0.44093480026653803     
  0.73829232115333110      -0.71371438021197331     
   6.2831853071800003E-003  -13.057275933516641     
   8.8857658763173177E-003   3.1304782637481918     
   1.0882796185406024E-002 -0.47694524610789346     
   1.2566370614360001E-002   1.4174755598347055     
   1.4781066825642925E-002  0.33461310596853838     
   1.9009758763406950E-002  0.13999738228620798     
   2.2558041930044626E-002  0.66732492066077054     
   2.7528404685550796E-002 -0.33043543534197956     
   3.2924170772707526E-002   3.5700431905082879     
   3.9583345139207964E-002  0.89844822151419135     
   4.8482283607784241E-002  0.31462015242474922     
   5.9214978228736552E-002  0.60513173261597930     
   7.2080521460213362E-002   1.1088974339107172     
   8.7419255034663218E-002  0.56398323177545040     
  0.10579667824952024       0.53357142092944054     
  0.12854808104919171       0.78025542787323654     
  0.15632078169124311        1.2796783089227552     
  0.18975741449582317        1.0382276540207069     
  0.23032868064044379       0.81219478990049276     
  0.27962368063317661        1.1596140758072708     
  0.33948762138704197       0.81540808745353910     
  0.41220775775346907        1.0039749781382858     
  0.50048824219328136        1.5824130799781038     
  0.60768816316668328        2.0380470943295212     
  0.73829232115333110       0.24058734171977619     
   6.2831853071800003E-003  0.30333919420247507     
   8.8857658763173177E-003   1.1228348526158041     
   1.0882796185406024E-002  0.86643424157255333     
   1.2566370614360001E-002  0.41584984902820693     
   1.4781066825642925E-002   1.0951658048639046     
   1.9009758763406950E-002   1.1373217763901424     
   2.2558041930044626E-002  0.99513953471379224     
   2.7528404685550796E-002   1.0012387233893871     
   3.2924170772707526E-002   1.0570740921675197     
   3.9583345139207964E-002   1.0328485122929165     
   4.8482283607784241E-002   1.0538835673457492     
   5.9214978228736552E-002   1.0147806329990863     
   7.2080521460213362E-002  0.98150692413689311     
   8.7419255034663218E-002   1.0413027233749987     
  0.10579667824952024        1.0358047980721428     
  0.12854808104919171       0.95578624433308701     
  0.15632078169124311        1.0589002110532910     
  0.18975741449582317        1.0398192526268366     
  0.23032868064044379        1.1084358484745040     
  0.27962368063317661        1.1692189659210486     
  0.33948762138704197        1.2461213129042417     
  0.41220775775346907        1.3031633338644144     
  0.50048824219328136        1.3813397779645069     
  0.60768816316668328        1.4562617881006543     
  0.73829232115333110        1.4643862952620559     
   6.2831853071800003E-003  0.23898904441418023     
   8.8857658763173177E-003   1.1155732020375255     
   1.0882796185406024E-002  0.88460680385351875     
   1.2566370614360001E-002  0.45793442709263615     
   1.4781066825642925E-002   1.0928915470685663     
   1.9009758763406950E-002   1.1099116638770692     
   2.2558041930044626E-002  0.93095320593281927     
   2.7528404685550796E-002  0.99255603841235773     
   3.2924170772707526E-002   1.0548368840752895     
   3.9583345139207964E-002   1.0680198721247145     
   4.8482283607784241E-002   1.0523819223510702     
   5.9214978228736552E-002   1.0073225622166220     
   7.2080521460213362E-002  0.99299393459405172     
   8.7419255034663218E-002   1.0517005881501178     
  0.10579667824952024        1.0795548217639546     
  0.12854808104919171        1.0100618509335464     
  0.15632078169124311        1.1286642577221517     
  0.18975741449582317        1.1173442401559763     
  0.23032868064044379        1.2393499634199419     
  0.27962368063317661        1.3114828970341619     
  0.33948762138704197        1.3553759431250985     
  0.41220775775346907        1.4384128654238519     
  0.50048824219328136        1.4774319374087739     
  0.60768816316668328        1.5524524096552532     
  0.73829232115333110        1.5131265178898274     
   6.2831853071800003E-003  0.44186073534095538     
   8.8857658763173177E-003   1.4366349847105773     
   1.0882796185406024E-002  0.55205579983522601     
   1.2566370614360001E-002  0.48974581426276648     
   1.4781066825642925E-002   1.0871802164691822     
   1.9009758763406950E-002  0.96613946423789143     
   2.2558041930044626E-002  0.89574650805206857     
   2.7528404685550796E-002  0.92841590485286840     
   3.2924170772707526E-002   1.0450533510673456     
   3.9583345139207964E-002   1.0726379506615322     
   4.8482283607784241E-002   1.0318293171809962     
   5.9214978228736552E-002   1.0654987128837454     
   7.2080521460213362E-002   1.0632710017092746     
   8.7419255034663218E-002   1.1208322900005552     
  0.10579667824952024        1.1851159892865317     
  0.12854808104919171        1.1411930333468210     
  0.15632078169124311        1.2619807176270210     
  0.18975741449582317        1.2951270414005871     
  0.23032868064044379        1.4805273267453214     
  0.27962368063317661        1.5771635300834492     
  0.33948762138704197        1.6683459750206757     
  0.41220775775346907        1.7693333409041703     
  0.50048824219328136        1.7846097492919475     
  0.60768816316668328        1.7986826588699800     
  0.73829232115333110        1.5913319897853364     
   6.2831853071800003E-003 -0.70763993685301207     
   8.8857658763173177E-003   1.0857826480135815     
   1.0882796185406024E-002  0.28456434571656719     
   1.2566370614360001E-002  0.61913757956008353     
   1.4781066825642925E-002   1.2401504103774146     
   1.9009758763406950E-002   1.1878702231656437     
   2.2558041930044626E-002  0.90899761614875452     
   2.7528404685550796E-002  0.98160486534507141     
   3.2924170772707526E-002   1.2483590825604243     
   3.9583345139207964E-002   1.1044625621408277     
   4.8482283607784241E-002   1.1646539304261689     
   5.9214978228736552E-002   1.0933498675220028     
   7.2080521460213362E-002   1.1115307283189784     
   8.7419255034663218E-002   1.2162360431912993     
  0.10579667824952024        1.2863563042837514     
  0.12854808104919171        1.2728555144065246     
  0.15632078169124311        1.4721757312959889     
  0.18975741449582317        1.4838035637382962     
  0.23032868064044379        1.5999763727274006     
  0.27962368063317661        1.5515757908558627     
  0.33948762138704197        1.7374934809648328     
  0.41220775775346907        1.5670268428974836     
  0.50048824219328136        1.3717304983195115     
  0.60768816316668328        1.4438637896827542     
  0.73829232115333110        2.1340504183782509     
   6.2831853071800003E-003  0.57601762501478571     
   8.8857658763173177E-003  0.61246621285267133     
   1.0882796185406024E-002   1.4285469604859102     
   1.2566370614360001E-002  0.41834787248850897     
   1.4781066825642925E-002  0.80475567305916185     
   1.9009758763406950E-002  0.97336093326433726     
   2.2558041930044626E-002  0.89396511030278858     
   2.7528404685550796E-002  0.91695720959572202     
   3.2924170772707526E-002  0.93125481880157757     
   3.9583345139207964E-002  0.92325162233707614     
   4.8482283607784241E-002   1.1184993330011925     
   5.9214978228736552E-002   1.0680789070028347     
   7.2080521460213362E-002   1.1599354090436220     
   8.7419255034663218E-002   1.0924722018165971     
  0.10579667824952024        1.1237469033635348     
  0.12854808104919171        1.0886701174781110     
  0.15632078169124311        1.4575525836749501     
  0.18975741449582317        1.4035762908099045     
  0.23032868064044379        1.5079284279546330     
  0.27962368063317661        1.6006658803182738     
  0.33948762138704197        1.8099796963250361     
  0.41220775775346907        1.7596339498409019     
  0.50048824219328136        1.5862136790821668     
  0.60768816316668328        1.9072701999516204     
  0.73829232115333110        1.9413216746830839     
   6.2831853071800003E-003 -0.17363331975581675     
   8.8857658763173177E-003   1.1168876462396939     
   1.0882796185406024E-002   1.1192913099040740     
   1.2566370614360001E-002   1.7917400782356989     
   1.4781066825642925E-002   1.5346788692319080     
   1.9009758763406950E-002  0.75362903133770243     
   2.2558041930044626E-002   1.2291309596566187     
   2.7528404685550796E-002  0.67836692346816785     
   3.2924170772707526E-002   1.0652649294634662     
   3.9583345139207964E-002  0.95293711685863314     
   4.8482283607784241E-002  0.93282935405424716     
   5.9214978228736552E-002   1.0506282107493181     
   7.2080521460213362E-002  0.91994957498668806     
   8.7419255034663218E-002  0.86433955348698555     
  0.10579667824952024        1.2946894313944790     
  0.12854808104919171        1.0026357589887704     
  0.15632078169124311        1.2580418370262036     
  0.18975741449582317        1.0661984107919007     
  0.23032868064044379        1.0535890493977043     
  0.27962368063317661        1.2324533378328397     
  0.33948762138704197        1.4368608347063967     
  0.41220775775346907        1.7683204549702671     
  0.50048824219328136        1.8080400201445563     
  0.60768816316668328        1.7538616495267512     
  0.73829232115333110        1.4300403203601724     
   6.2831853071800003E-003 -0.65408222411519024     
   8.8857658763173177E-003   1.3583960557090524     
   1.0882796185406024E-002  0.41032006029917195     
   1.2566370614360001E-002   1.9683490355573097     
   1.4781066825642925E-002   2.0689951907440354     
   1.9009758763406950E-002   1.1643792920731149     
   2.2558041930044626E-002  0.97077023605107993     
   2.7528404685550796E-002  0.79804530927256390     
   3.2924170772707526E-002  0.78617578614585082     
   3.9583345139207964E-002   1.5033548657826035     
   4.8482283607784241E-002  0.58153029721687732     
   5.9214978228736552E-002  0.71189828958739221     
   7.2080521460213362E-002   1.0070875507262771     
   8.7419255034663218E-002   1.1271098275813884     
  0.10579667824952024        1.1343487605173070     
  0.12854808104919171        1.2234740585702726     
  0.15632078169124311        1.2334204445393187     
  0.18975741449582317       0.96401404448991546     
  0.23032868064044379        1.3211638673970798     
  0.27962368063317661        1.3551819176611379     
  0.33948762138704197        1.2857792827920094     
  0.41220775775346907       0.52022900569990782     
  0.50048824219328136      -0.31168218437812550     
  0.60768816316668328       0.84346378219526053     
  0.73829232115333110      -0.79931935169919188     
   6.2831853071800003E-003  -6.1415574306366505     
   8.8857658763173177E-003   1.9030688737982635     
   1.0882796185406024E-002   1.0121281209192423     
   1.2566370614360001E-002  -4.9694859411899390     
   1.4781066825642925E-002  0.94212318958621633     
   1.9009758763406950E-002 -0.66204148711195154     
   2.2558041930044626E-002 -0.47198028251391577     
   2.7528404685550796E-002  -1.4415239513011733     
   3.2924170772707526E-002   1.8581318032604937     
   3.9583345139207964E-002  -6.0665443033399560E-002
   4.8482283607784241E-002   1.3336662619865658     
   5.9214978228736552E-002  0.31735057215798218     
   7.2080521460213362E-002  0.90726327142167806     
   8.7419255034663218E-002   1.2353527842630507     
  0.10579667824952024        1.1770636670030532     
  0.12854808104919171        1.5453498795187626     
  0.15632078169124311        1.3375827502636253     
  0.18975741449582317        1.6377131463259031     
  0.23032868064044379       0.47617844364976053     
  0.27962368063317661       0.50929628068433186     
  0.33948762138704197      -0.68684514880796010     
  0.41220775775346907       -1.0164049542562665     
  0.50048824219328136       -2.3061313366244529     
  0.60768816316668328       -3.3768667700857748     
  0.73829232115333110        2.1398419557424488     
   6.2831853071800003E-003   2.4086295970746017     
   8.8857658763173177E-003  0.62912181817208346     
   1.0882796185406024E-002   1.8512697618969340     
   1.2566370614360001E-002  0.58630673517784360     
   1.4781066825642925E-002  0.92176134894157991     
   1.9009758763406950E-002   1.1365166159745275     
   2.2558041930044626E-002   1.0412718484738059     
   2.7528404685550796E-002   1.0364134713442792     
   3.2924170772707526E-002   1.0442734832639433     
   3.9583345139207964E-002  0.93631598744413702     
   4.8482283607784241E-002  0.97964134781109247     
   5.9214978228736552E-002  0.98583719885282806     
   7.2080521460213362E-002   1.0588687692420418     
   8.7419255034663218E-002  0.95445949289925613     
  0.10579667824952024        1.0221371444257523     
  0.12854808104919171       0.91246001470212112     
  0.15632078169124311        1.0539250172248738     
  0.18975741449582317        1.0040877173703764     
  0.23032868064044379        1.0507669699730369     
  0.27962368063317661        1.1067575472562516     
  0.33948762138704197        1.1750685737992912     
  0.41220775775346907        1.1876675415863998     
  0.50048824219328136        1.2342853424925715     
  0.60768816316668328        1.2632250977633941     
  0.73829232115333110        1.2196999001273625     
   6.2831853071800003E-003   2.2182046714230013     
   8.8857658763173177E-003  0.45785948315335140     
   1.0882796185406024E-002   1.9121539797329732     
   1.2566370614360001E-002  0.71320872537819291     
   1.4781066825642925E-002  0.98021210684478910     
   1.9009758763406950E-002   1.0742074476583954     
   2.2558041930044626E-002   1.0322736015324308     
   2.7528404685550796E-002   1.0153626091444541     
   3.2924170772707526E-002   1.0087549848093023     
   3.9583345139207964E-002  0.98038798101896407     
   4.8482283607784241E-002  0.93268032251436672     
   5.9214978228736552E-002  0.95852531680995301     
   7.2080521460213362E-002   1.0606910685644777     
   8.7419255034663218E-002  0.98678438031698534     
  0.10579667824952024        1.0063591522772062     
  0.12854808104919171       0.96414992477081485     
  0.15632078169124311        1.0640479342142684     
  0.18975741449582317        1.0485030613380002     
  0.23032868064044379        1.1519441788392475     
  0.27962368063317661        1.1498031096169228     
  0.33948762138704197        1.2145711452387651     
  0.41220775775346907        1.3112414438234730     
  0.50048824219328136        1.3050633847472444     
  0.60768816316668328        1.2773831558271027     
  0.73829232115333110        1.0906950162672528     
   6.2831853071800003E-003   2.1491674731244754     
   8.8857658763173177E-003  0.70728390995770607     
   1.0882796185406024E-002   1.5239952788678388     
   1.2566370614360001E-002  0.62702439939508947     
   1.4781066825642925E-002  0.85257725950280383     
   1.9009758763406950E-002  0.91227377374909002     
   2.2558041930044626E-002   1.0771913935513726     
   2.7528404685550796E-002  0.93511197023647052     
   3.2924170772707526E-002   1.1133536040069887     
   3.9583345139207964E-002  0.94900700674261496     
   4.8482283607784241E-002  0.92889079666747099     
   5.9214978228736552E-002   1.0318893140565804     
   7.2080521460213362E-002   1.0545303815549285     
   8.7419255034663218E-002   1.0009170144688828     
  0.10579667824952024        1.0660065474350926     
  0.12854808104919171        1.0329677734170835     
  0.15632078169124311        1.1775231050963213     
  0.18975741449582317        1.1848193650613623     
  0.23032868064044379        1.3437161322972098     
  0.27962368063317661        1.3722585913950329     
  0.33948762138704197        1.3532159080684263     
  0.41220775775346907        1.3205630077433979     
  0.50048824219328136        1.2945775251164411     
  0.60768816316668328        1.2399539514428308     
  0.73829232115333110       0.95611562852537235     
   6.2831853071800003E-003  0.57601762501478571     
   8.8857658763173177E-003  0.61246621285267133     
   1.0882796185406024E-002   1.4285469604859102     
   1.2566370614360001E-002  0.41834787248850897     
   1.4781066825642925E-002  0.80475567305916185     
   1.9009758763406950E-002  0.97336093326433726     
   2.2558041930044626E-002  0.89396511030278858     
   2.7528404685550796E-002  0.91695720959572202     
   3.2924170772707526E-002  0.93125481880157757     
   3.9583345139207964E-002  0.92325162233707614     
   4.8482283607784241E-002   1.1184993330011925     
   5.9214978228736552E-002   1.0680789070028347     
   7.2080521460213362E-002   1.1599354090436220     
   8.7419255034663218E-002   1.0924722018165971     
  0.10579667824952024        1.1237469033635348     
  0.12854808104919171        1.0886701174781110     
  0.15632078169124311        1.4575525836749501     
  0.18975741449582317        1.4035762908099045     
  0.23032868064044379        1.5079284279546330     
  0.27962368063317661        1.6006658803182738     
  0.33948762138704197        1.8099796963250361     
  0.41220775775346907        1.7596339498409019     
  0.50048824219328136        1.5862136790821668     
  0.60768816316668328        1.9072701999516204     
  0.73829232115333110        1.9413216746830839     
   6.2831853071800003E-003   3.6550286196655772     
   8.8857658763173177E-003 -0.45147560483705163     
   1.0882796185406024E-002   2.6121860739668299     
   1.2566370614360001E-002 -0.74859656288951126     
   1.4781066825642925E-002  0.93363696632525761     
   1.9009758763406950E-002  0.68556857700965157     
   2.2558041930044626E-002   1.0576826067504643     
   2.7528404685550796E-002  0.88913870241324855     
   3.2924170772707526E-002  0.95094651235908334     
   3.9583345139207964E-002  0.76513397940369299     
   4.8482283607784241E-002   1.0837174696281113     
   5.9214978228736552E-002   1.0700504629741261     
   7.2080521460213362E-002   1.0865331683377779     
   8.7419255034663218E-002   1.0597734424665128     
  0.10579667824952024        1.1944506055209447     
  0.12854808104919171        1.1360313281170757     
  0.15632078169124311        1.3888919927260504     
  0.18975741449582317        1.4197290429327685     
  0.23032868064044379        1.4800124078264971     
  0.27962368063317661        1.3067589057818185     
  0.33948762138704197        1.6213981660218775     
  0.41220775775346907        1.6248523431280566     
  0.50048824219328136        1.4484266619818320     
  0.60768816316668328        1.3306355035750594     
  0.73829232115333110        2.6773308606972348     
   6.2831853071800003E-003   4.3746924381288022     
   8.8857658763173177E-003  0.70089114501221050     
   1.0882796185406024E-002   2.2208116770016924     
   1.2566370614360001E-002  0.75905625107619445     
   1.4781066825642925E-002   1.3528334253720609     
   1.9009758763406950E-002   1.4615503391673994     
   2.2558041930044626E-002   1.0499387253900769     
   2.7528404685550796E-002  0.58304100677700077     
   3.2924170772707526E-002   1.1888669685190256     
   3.9583345139207964E-002  0.88753387127651073     
   4.8482283607784241E-002  0.95417775191033527     
   5.9214978228736552E-002  0.76199619652394779     
   7.2080521460213362E-002  0.96691503311583427     
   8.7419255034663218E-002  0.86153451360285360     
  0.10579667824952024        1.2422753307924295     
  0.12854808104919171        1.2011921829063765     
  0.15632078169124311        1.5702810710858013     
  0.18975741449582317        1.3392753249297555     
  0.23032868064044379        1.4598481114110313     
  0.27962368063317661        1.4490569663858652     
  0.33948762138704197        1.2674104350679849     
  0.41220775775346907        1.0826060368864825     
  0.50048824219328136       0.87415635194192232     
  0.60768816316668328        1.0798881456301961     
  0.73829232115333110       0.78604725935596853     
   6.2831853071800003E-003  -12.052992542836487     
   8.8857658763173177E-003   2.3889732840235465     
   1.0882796185406024E-002   2.5210042181219121     
   1.2566370614360001E-002 -0.33100279379618530     
   1.4781066825642925E-002   1.4823378760889510     
   1.9009758763406950E-002  0.54004410933006786     
   2.2558041930044626E-002   2.0810951243031828     
   2.7528404685550796E-002  0.35605040807322064     
   3.2924170772707526E-002  0.50569871276922151     
   3.9583345139207964E-002  0.99257634856443555     
   4.8482283607784241E-002  0.52254171569759977     
   5.9214978228736552E-002   1.0018846628048765     
   7.2080521460213362E-002   1.1070524865174629     
   8.7419255034663218E-002  0.70262552151456492     
  0.10579667824952024       0.86299974946398439     
  0.12854808104919171       0.57074835282534120     
  0.15632078169124311       0.49565278885233227     
  0.18975741449582317        3.9246739434361876E-002
  0.23032868064044379       0.38642962990170610     
  0.27962368063317661       0.12035728496300967     
  0.33948762138704197       0.84131445308829833     
  0.41220775775346907        1.0371426638204198     
  0.50048824219328136        1.6340027903828938     
  0.60768816316668328      -0.18081533284304421     
  0.73829232115333110       -1.6719193783793516     
   6.2831853071800003E-003  -20.176312932857503     
   8.8857658763173177E-003  -9.6329918481835950     
   1.0882796185406024E-002  -1.2887121115286595     
   1.2566370614360001E-002   6.7563482085115512     
   1.4781066825642925E-002   3.3654845395206237     
   1.9009758763406950E-002 -0.38935457959980041     
   2.2558041930044626E-002 -0.64435806043702204     
   2.7528404685550796E-002  -1.0343927368046524     
   3.2924170772707526E-002   1.8760961911599385     
   3.9583345139207964E-002   3.5282286779567698E-002
   4.8482283607784241E-002  0.78091464441979919     
   5.9214978228736552E-002  0.24469172734802552     
   7.2080521460213362E-002  0.54423426492990290     
   8.7419255034663218E-002   2.8904676628544843     
  0.10579667824952024        2.5461758480354968     
  0.12854808104919171        2.5737016495256815     
  0.15632078169124311        2.6223631420896476     
  0.18975741449582317        3.0232509759836805     
  0.23032868064044379        1.0435033597236794     
  0.27962368063317661       -8.0654631271030217E-002
  0.33948762138704197       -1.3864457045218406     
  0.41220775775346907       -3.1378136194218023     
  0.50048824219328136       -5.2039454592613410     
  0.60768816316668328       -3.4911079116717429     
  0.73829232115333110        8.1393008190632692     
   6.2831853071800003E-003   2.0841206378922399     
   8.8857658763173177E-003  0.95773613660419488     
   1.0882796185406024E-002   1.6344487023439931     
   1.2566370614360001E-002   1.6487861438692208     
   1.4781066825642925E-002   1.3720683538159830     
   1.9009758763406950E-002  0.69321910188403280     
   2.2558041930044626E-002   1.4116807166801935     
   2.7528404685550796E-002  0.94587638141942221     
   3.2924170772707526E-002   1.0332985020915715     
   3.9583345139207964E-002   1.0228272168403940     
   4.8482283607784241E-002  0.83503863016734881     
   5.9214978228736552E-002  0.88674946079598493     
   7.2080521460213362E-002  0.86549864902696572     
   8.7419255034663218E-002  0.81407530217194779     
  0.10579667824952024       0.94587404039810175     
  0.12854808104919171       0.85431918803250761     
  0.15632078169124311       0.94892627348449976     
  0.18975741449582317       0.84332194568501628     
  0.23032868064044379       0.93092575835925639     
  0.27962368063317661       0.91729201874015465     
  0.33948762138704197       0.95112528541752250     
  0.41220775775346907       0.99323679446917346     
  0.50048824219328136        1.0226020840937968     
  0.60768816316668328       0.93935545193871139     
  0.73829232115333110       0.75601753717034625     
   6.2831853071800003E-003   1.9306516108310086     
   8.8857658763173177E-003   1.0227896324491812     
   1.0882796185406024E-002   1.6717090273151953     
   1.2566370614360001E-002   1.7401121991754103     
   1.4781066825642925E-002   1.5452493545250887     
   1.9009758763406950E-002  0.69807481268360927     
   2.2558041930044626E-002   1.3682902290131600     
   2.7528404685550796E-002  0.90226348054305927     
   3.2924170772707526E-002   1.0473145100424459     
   3.9583345139207964E-002   1.1010919496190965     
   4.8482283607784241E-002  0.90899384352115253     
   5.9214978228736552E-002  0.85118851577911481     
   7.2080521460213362E-002  0.84261321781893805     
   8.7419255034663218E-002  0.81114585475165668     
  0.10579667824952024       0.96048497847110959     
  0.12854808104919171       0.89876657158830675     
  0.15632078169124311        1.0480185943222331     
  0.18975741449582317       0.86627314165896130     
  0.23032868064044379       0.99674590124133178     
  0.27962368063317661       0.98036518370825210     
  0.33948762138704197        1.0748496260174774     
  0.41220775775346907        1.0392197731111719     
  0.50048824219328136       0.95256477927107208     
  0.60768816316668328       0.82578974285842432     
  0.73829232115333110       0.48381348318681244     
   6.2831853071800003E-003   1.1209284503737724     
   8.8857658763173177E-003   1.1413046002484861     
   1.0882796185406024E-002   1.1458909589035255     
   1.2566370614360001E-002   1.7066404974066369     
   1.4781066825642925E-002   1.3251664515222767     
   1.9009758763406950E-002  0.47103093908200100     
   2.2558041930044626E-002   1.3208661230588687     
   2.7528404685550796E-002  0.95498535465911205     
   3.2924170772707526E-002  0.98623072573468551     
   3.9583345139207964E-002   1.0208264892150185     
   4.8482283607784241E-002  0.83243186043477924     
   5.9214978228736552E-002  0.93985697604163254     
   7.2080521460213362E-002  0.96860547772305661     
   8.7419255034663218E-002  0.87726595108490679     
  0.10579667824952024        1.0340653876876724     
  0.12854808104919171       0.92651022165675345     
  0.15632078169124311        1.1511919503011627     
  0.18975741449582317        1.0987312516194518     
  0.23032868064044379        1.3371410086380560     
  0.27962368063317661        1.3319359604348748     
  0.33948762138704197        1.3635614417571837     
  0.41220775775346907        1.3056399915656633     
  0.50048824219328136        1.1958813796064900     
  0.60768816316668328        1.4360778237405483     
  0.73829232115333110        1.0919780303031108     
   6.2831853071800003E-003 -0.17363331975581675     
   8.8857658763173177E-003   1.1168876462396939     
   1.0882796185406024E-002   1.1192913099040740     
   1.2566370614360001E-002   1.7917400782356989     
   1.4781066825642925E-002   1.5346788692319080     
   1.9009758763406950E-002  0.75362903133770243     
   2.2558041930044626E-002   1.2291309596566187     
   2.7528404685550796E-002  0.67836692346816785     
   3.2924170772707526E-002   1.0652649294634662     
   3.9583345139207964E-002  0.95293711685863314     
   4.8482283607784241E-002  0.93282935405424716     
   5.9214978228736552E-002   1.0506282107493181     
   7.2080521460213362E-002  0.91994957498668806     
   8.7419255034663218E-002  0.86433955348698555     
  0.10579667824952024        1.2946894313944790     
  0.12854808104919171        1.0026357589887704     
  0.15632078169124311        1.2580418370262036     
  0.18975741449582317        1.0661984107919007     
  0.23032868064044379        1.0535890493977043     
  0.27962368063317661        1.2324533378328397     
  0.33948762138704197        1.4368608347063967     
  0.41220775775346907        1.7683204549702671     
  0.50048824219328136        1.8080400201445563     
  0.60768816316668328        1.7538616495267512     
  0.73829232115333110        1.4300403203601724     
   6.2831853071800003E-003   4.3746924381288022     
   8.8857658763173177E-003  0.70089114501221050     
   1.0882796185406024E-002   2.2208116770016924     
   1.2566370614360001E-002  0.75905625107619445     
   1.4781066825642925E-002   1.3528334253720609     
   1.9009758763406950E-002   1.4615503391673994     
   2.2558041930044626E-002   1.0499387253900769     
   2.7528404685550796E-002  0.58304100677700077     
   3.2924170772707526E-002   1.1888669685190256     
   3.9583345139207964E-002  0.88753387127651073     
   4.8482283607784241E-002  0.95417775191033527     
   5.9214978228736552E-002  0.76199619652394779     
   7.2080521460213362E-002  0.96691503311583427     
   8.7419255034663218E-002  0.86153451360285360     
  0.10579667824952024        1.2422753307924295     
  0.12854808104919171        1.2011921829063765     
  0.15632078169124311        1.5702810710858013     
  0.18975741449582317        1.3392753249297555     
  0.23032868064044379        1.4598481114110313     
  0.27962368063317661        1.4490569663858652     
  0.33948762138704197        1.2674104350679849     
  0.41220775775346907        1.0826060368864825     
  0.50048824219328136       0.87415635194192232     
  0.60768816316668328        1.0798881456301961     
  0.73829232115333110       0.78604725935596853     
   6.2831853071800003E-003  -2.2484347445834483     
   8.8857658763173177E-003  -3.2312141410511068     
   1.0882796185406024E-002  -1.3159419985048044     
   1.2566370614360001E-002 -0.54442597789784009     
   1.4781066825642925E-002   2.3199974364883760     
   1.9009758763406950E-002  0.87553354344190537     
   2.2558041930044626E-002   2.8200311083552672     
   2.7528404685550796E-002  0.53743373575918130     
   3.2924170772707526E-002  0.27280426391219775     
   3.9583345139207964E-002  0.42008495775502680     
   4.8482283607784241E-002  0.87892744453371019     
   5.9214978228736552E-002  0.89521329032775765     
   7.2080521460213362E-002   1.1820236257060499     
   8.7419255034663218E-002  0.42687044481529079     
  0.10579667824952024        1.9408812071611294     
  0.12854808104919171        1.4124561915519334     
  0.15632078169124311        2.1941301235917376     
  0.18975741449582317        2.2213236667456209     
  0.23032868064044379        2.8362791885338692     
  0.27962368063317661        3.1333815276793846     
  0.33948762138704197        4.3060070611901029     
  0.41220775775346907        5.0267236541430975     
  0.50048824219328136        4.6872997760369497     
  0.60768816316668328        2.7358909289469620     
  0.73829232115333110       -2.1816227849235372     
   6.2831853071800003E-003  -10.295087378507663     
   8.8857658763173177E-003   2.0119036029731485     
   1.0882796185406024E-002   2.4482041643588266     
   1.2566370614360001E-002 -0.63640473736628578     
   1.4781066825642925E-002   2.3396244218808468     
   1.9009758763406950E-002   3.2347521406817670     
   2.2558041930044626E-002   1.2982622292909827     
   2.7528404685550796E-002  0.63408350361307375     
   3.2924170772707526E-002   1.1822734041879355     
   3.9583345139207964E-002  0.40405659883298650     
   4.8482283607784241E-002  0.31933542682081478     
   5.9214978228736552E-002   1.0236848636377762     
   7.2080521460213362E-002  0.56840572151955981     
   8.7419255034663218E-002  0.43165299040720245     
  0.10579667824952024      -0.41023582213729548     
  0.12854808104919171       0.37760401543495797     
  0.15632078169124311       0.28038093560582550     
  0.18975741449582317       0.74218835673663430     
  0.23032868064044379        1.4156994505938711     
  0.27962368063317661      -0.67307963187516218     
  0.33948762138704197      -0.22405078393094680     
  0.41220775775346907       0.84003174877057507     
  0.50048824219328136       -1.8333157766602342     
  0.60768816316668328       -1.6451927319799355     
  0.73829232115333110      -0.38469042563068057     
   6.2831853071800003E-003 -0.73375746011209031     
   8.8857658763173177E-003 -0.19073759771804372     
   1.0882796185406024E-002   1.1243724567834674     
   1.2566370614360001E-002   5.0286201800005150     
   1.4781066825642925E-002   3.1003597883204361     
   1.9009758763406950E-002  -1.4003734846999123     
   2.2558041930044626E-002 -0.98883976546915120     
   2.7528404685550796E-002  -7.3005718804012770E-002
   3.2924170772707526E-002   1.5001914951818407     
   3.9583345139207964E-002 -0.26954409315211092     
   4.8482283607784241E-002  0.81403252322578545     
   5.9214978228736552E-002  0.32302834843048966     
   7.2080521460213362E-002  0.45064890216458264     
   8.7419255034663218E-002  0.47649062949225290     
  0.10579667824952024      -0.18680113306015916     
  0.12854808104919171       0.25944726151536618     
  0.15632078169124311      -0.31669885882258147     
  0.18975741449582317       -1.4018259687311094     
  0.23032868064044379       0.14801072570954762     
  0.27962368063317661      -0.25318220758868482     
  0.33948762138704197       0.28766922800015227     
  0.41220775775346907        1.0244054444572586     
  0.50048824219328136      -0.92056511545432607     
  0.60768816316668328       0.59044132127541082     
  0.73829232115333110      -0.46700335089631523     
   6.2831853071800003E-003  -5.6866690511675531     
   8.8857658763173177E-003   1.5753932838989775     
   1.0882796185406024E-002   1.2635329264919632     
   1.2566370614360001E-002   2.6995756272295508     
   1.4781066825642925E-002   1.4542279631624111     
   1.9009758763406950E-002  0.79848709299379617     
   2.2558041930044626E-002   1.5633564304046579     
   2.7528404685550796E-002  0.79793758778205437     
   3.2924170772707526E-002   1.1008656147369009     
   3.9583345139207964E-002   1.3681935117269137     
   4.8482283607784241E-002  0.72767712914923977     
   5.9214978228736552E-002  0.82383975233335216     
   7.2080521460213362E-002  0.88763860575827214     
   8.7419255034663218E-002  0.86594805667490138     
  0.10579667824952024       0.71462591430247591     
  0.12854808104919171       0.64675375105574573     
  0.15632078169124311       0.64129903136812860     
  0.18975741449582317       0.60795994159601152     
  0.23032868064044379       0.76940029880477534     
  0.27962368063317661       0.83736137728263960     
  0.33948762138704197       0.78488918863957480     
  0.41220775775346907       0.87224059739340210     
  0.50048824219328136       0.88892117253000758     
  0.60768816316668328       0.47072886412621151     
  0.73829232115333110       0.49228093332222123     
   6.2831853071800003E-003  -5.8289078907687122     
   8.8857658763173177E-003   1.6885419753226527     
   1.0882796185406024E-002   1.4464160168895286     
   1.2566370614360001E-002   2.0564220634104728     
   1.4781066825642925E-002   1.6341958746136647     
   1.9009758763406950E-002  0.88851475089119658     
   2.2558041930044626E-002   1.5131530769263395     
   2.7528404685550796E-002   1.0033316806806614     
   3.2924170772707526E-002  0.97842920373113440     
   3.9583345139207964E-002   1.3997532823677157     
   4.8482283607784241E-002  0.74470923134844247     
   5.9214978228736552E-002  0.72002572014125321     
   7.2080521460213362E-002  0.86147435766765990     
   8.7419255034663218E-002  0.88455810215885533     
  0.10579667824952024       0.68049379854752401     
  0.12854808104919171       0.60717885483127920     
  0.15632078169124311       0.55404890841150056     
  0.18975741449582317       0.44187453231466639     
  0.23032868064044379       0.65067486389246276     
  0.27962368063317661       0.74631749981305251     
  0.33948762138704197       0.73801754753212556     
  0.41220775775346907       0.87298371296079957     
  0.50048824219328136       0.62428194151793004     
  0.60768816316668328       0.74952321106032171     
  0.73829232115333110       0.51436148648769497     
   6.2831853071800003E-003  -6.0487981993714168     
   8.8857658763173177E-003   2.7042602409443313     
   1.0882796185406024E-002   2.6572398159946062     
   1.2566370614360001E-002  0.64999352193452253     
   1.4781066825642925E-002   1.4060380106546249     
   1.9009758763406950E-002  0.13203373451116546     
   2.2558041930044626E-002   1.7047277515149386     
   2.7528404685550796E-002  0.94258717470918219     
   3.2924170772707526E-002  0.98171321675537149     
   3.9583345139207964E-002   1.1889358492218114     
   4.8482283607784241E-002  0.80367997083568266     
   5.9214978228736552E-002  0.78491075726815318     
   7.2080521460213362E-002  0.93792261315411707     
   8.7419255034663218E-002  0.80584070334272828     
  0.10579667824952024       0.88861291349666360     
  0.12854808104919171       0.58235458026649622     
  0.15632078169124311       0.72768327898272078     
  0.18975741449582317       0.49648876218625981     
  0.23032868064044379       0.72460691527172971     
  0.27962368063317661       0.75442958066624521     
  0.33948762138704197       0.16757579281598395     
  0.41220775775346907       0.10764020749551068     
  0.50048824219328136       0.12172350577475700     
  0.60768816316668328       0.44093480026653803     
  0.73829232115333110      -0.71371438021197331     
   6.2831853071800003E-003 -0.65408222411519024     
   8.8857658763173177E-003   1.3583960557090524     
   1.0882796185406024E-002  0.41032006029917195     
   1.2566370614360001E-002   1.9683490355573097     
   1.4781066825642925E-002   2.0689951907440354     
   1.9009758763406950E-002   1.1643792920731149     
   2.2558041930044626E-002  0.97077023605107993     
   2.7528404685550796E-002  0.79804530927256390     
   3.2924170772707526E-002  0.78617578614585082     
   3.9583345139207964E-002   1.5033548657826035     
   4.8482283607784241E-002  0.58153029721687732     
   5.9214978228736552E-002  0.71189828958739221     
   7.2080521460213362E-002   1.0070875507262771     
   8.7419255034663218E-002   1.1271098275813884     
  0.10579667824952024        1.1343487605173070     
  0.12854808104919171        1.2234740585702726     
  0.15632078169124311        1.2334204445393187     
  0.18975741449582317       0.96401404448991546     
  0.23032868064044379        1.3211638673970798     
  0.27962368063317661        1.3551819176611379     
  0.33948762138704197        1.2857792827920094     
  0.41220775775346907       0.52022900569990782     
  0.50048824219328136      -0.31168218437812550     
  0.60768816316668328       0.84346378219526053     
  0.73829232115333110      -0.79931935169919188     
   6.2831853071800003E-003  -12.052992542836487     
   8.8857658763173177E-003   2.3889732840235465     
   1.0882796185406024E-002   2.5210042181219121     
   1.2566370614360001E-002 -0.33100279379618530     
   1.4781066825642925E-002   1.4823378760889510     
   1.9009758763406950E-002  0.54004410933006786     
   2.2558041930044626E-002   2.0810951243031828     
   2.7528404685550796E-002  0.35605040807322064     
   3.2924170772707526E-002  0.50569871276922151     
   3.9583345139207964E-002  0.99257634856443555     
   4.8482283607784241E-002  0.52254171569759977     
   5.9214978228736552E-002   1.0018846628048765     
   7.2080521460213362E-002   1.1070524865174629     
   8.7419255034663218E-002  0.70262552151456492     
  0.10579667824952024       0.86299974946398439     
  0.12854808104919171       0.57074835282534120     
  0.15632078169124311       0.49565278885233227     
  0.18975741449582317        3.9246739434361876E-002
  0.23032868064044379       0.38642962990170610     
  0.27962368063317661       0.12035728496300967     
  0.33948762138704197       0.84131445308829833     
  0.41220775775346907        1.0371426638204198     
  0.50048824219328136        1.6340027903828938     
  0.60768816316668328      -0.18081533284304421     
  0.73829232115333110       -1.6719193783793516     
   6.2831853071800003E-003  -10.295087378507663     
   8.8857658763173177E-003   2.0119036029731485     
   1.0882796185406024E-002   2.4482041643588266     
   1.2566370614360001E-002 -0.63640473736628578     
   1.4781066825642925E-002   2.3396244218808468     
   1.9009758763406950E-002   3.2347521406817670     
   2.2558041930044626E-002   1.2982622292909827     
   2.7528404685550796E-002  0.63408350361307375     
   3.2924170772707526E-002   1.1822734041879355     
   3.9583345139207964E-002  0.40405659883298650     
   4.8482283607784241E-002  0.31933542682081478     
   5.9214978228736552E-002   1.0236848636377762     
   7.2080521460213362E-002  0.56840572151955981     
   8.7419255034663218E-002  0.43165299040720245     
  0.10579667824952024      -0.41023582213729548     
  0.12854808104919171       0.37760401543495797     
  0.15632078169124311       0.28038093560582550     
  0.18975741449582317       0.74218835673663430     
  0.23032868064044379        1.4156994505938711     
  0.27962368063317661      -0.67307963187516218     
  0.33948762138704197      -0.22405078393094680     
  0.41220775775346907       0.84003174877057507     
  0.50048824219328136       -1.8333157766602342     
  0.60768816316668328       -1.6451927319799355     
  0.73829232115333110      -0.38469042563068057     
   6.2831853071800003E-003  0.56162726620980996     
   8.8857658763173177E-003  -2.4732512197067309     
   1.0882796185406024E-002  -2.9683783231909238     
   1.2566370614360001E-002  -7.8322134235717256     
   1.4781066825642925E-002 -0.96148491369047817     
   1.9009758763406950E-002   2.7671437183646987     
   2.2558041930044626E-002  0.40838872468871662     
   2.7528404685550796E-002  0.24364496593598081     
   3.2924170772707526E-002 -0.63451618633163887     
   3.9583345139207964E-002   1.3316190393716365     
   4.8482283607784241E-002   5.0785223641721736E-003
   5.9214978228736552E-002   2.7178291089135000     
   7.2080521460213362E-002  0.19778499787613954     
   8.7419255034663218E-002   2.9855419537208285     
  0.10579667824952024        3.9888312395658660     
  0.12854808104919171        3.0836048498556958     
  0.15632078169124311        6.6769657398325375     
  0.18975741449582317        6.6066041397672217     
  0.23032868064044379        10.919022154171651     
  0.27962368063317661        12.767222391757441     
  0.33948762138704197        17.402053146321659     
  0.41220775775346907        20.594172229622117     
  0.50048824219328136        23.954349296668067     
  0.60768816316668328        29.469471938335570     
  0.73829232115333110        58.024050647456953     
   6.2831853071800003E-003   9.5939732863638643     
   8.8857658763173177E-003  0.44044243561456675     
   1.0882796185406024E-002 -0.42369107135449480     
   1.2566370614360001E-002   2.3494482112833057     
   1.4781066825642925E-002  -6.7425570442073313E-002
   1.9009758763406950E-002 -0.49209030377561669     
   2.2558041930044626E-002  0.85200948903409468     
   2.7528404685550796E-002 -0.79556796958106368     
   3.2924170772707526E-002   1.2720940088456927     
   3.9583345139207964E-002  0.14188197699384575     
   4.8482283607784241E-002   1.0619317061867537     
   5.9214978228736552E-002   1.2675300762657917     
   7.2080521460213362E-002  0.78357450416074559     
   8.7419255034663218E-002   1.3100232123834104     
  0.10579667824952024        2.1217633487576917     
  0.12854808104919171        2.0070113701495336     
  0.15632078169124311        3.2629809553706677     
  0.18975741449582317        2.9965057337587320     
  0.23032868064044379        3.7144774308101214     
  0.27962368063317661        3.2566726146870488     
  0.33948762138704197        1.2756169399614319     
  0.41220775775346907       -2.9341332785124155     
  0.50048824219328136       -8.4457569875622251     
  0.60768816316668328       -8.9425154130451521     
  0.73829232115333110        1.1278531361441642     
   6.2831853071800003E-003  -10.743255102575105     
   8.8857658763173177E-003   1.8062217360304276     
   1.0882796185406024E-002  0.61694798856704625     
   1.2566370614360001E-002   2.2251027153232150     
   1.4781066825642925E-002  0.92168340361478096     
   1.9009758763406950E-002 -0.16438857368543913     
   2.2558041930044626E-002   1.2975721679400887     
   2.7528404685550796E-002 -0.61751503021933929     
   3.2924170772707526E-002   2.7573477945939393     
   3.9583345139207964E-002   1.0079861275433044     
   4.8482283607784241E-002  0.47962240219376101     
   5.9214978228736552E-002  0.60500409122168164     
   7.2080521460213362E-002  0.92840990358799191     
   8.7419255034663218E-002   1.1679122767180592     
  0.10579667824952024       0.99239994748559435     
  0.12854808104919171        1.0834764593549655     
  0.15632078169124311        1.6726042553909004     
  0.18975741449582317        1.0015945433116671     
  0.23032868064044379       0.67277040842273461     
  0.27962368063317661        1.3387789313471159     
  0.33948762138704197       0.99588589013823270     
  0.41220775775346907        1.3760600171721173     
  0.50048824219328136       0.79814807637772223     
  0.60768816316668328       0.45153883133698247     
  0.73829232115333110      -0.16245081713570894     
   6.2831853071800003E-003  -9.2298573308939638     
   8.8857658763173177E-003   3.4616177620733759     
   1.0882796185406024E-002  0.65514634966937579     
   1.2566370614360001E-002 -0.71712142035693549     
   1.4781066825642925E-002   1.7986774051577472     
   1.9009758763406950E-002 -0.81092883057852605     
   2.2558041930044626E-002   1.0608637039305056     
   2.7528404685550796E-002 -0.97843280649687625     
   3.2924170772707526E-002   2.4321684287658591     
   3.9583345139207964E-002  0.58091884028501750     
   4.8482283607784241E-002  0.70790010919400226     
   5.9214978228736552E-002  0.58634733726125521     
   7.2080521460213362E-002  0.88312123235807949     
   8.7419255034663218E-002  0.83040350283180431     
  0.10579667824952024       0.98390729811649968     
  0.12854808104919171       0.85037475149405883     
  0.15632078169124311        1.2519492355621695     
  0.18975741449582317       0.95997472737718181     
  0.23032868064044379       0.48787900000243783     
  0.27962368063317661       0.90706685271217635     
  0.33948762138704197        1.5150932833311466     
  0.41220775775346907        1.2905741732233782     
  0.50048824219328136       0.28541412027337087     
  0.60768816316668328        1.2728941140172445     
  0.73829232115333110        2.0560391813801475     
   6.2831853071800003E-003  -13.057275933516641     
   8.8857658763173177E-003   3.1304782637481918     
   1.0882796185406024E-002 -0.47694524610789346     
   1.2566370614360001E-002   1.4174755598347055     
   1.4781066825642925E-002  0.33461310596853838     
   1.9009758763406950E-002  0.13999738228620798     
   2.2558041930044626E-002  0.66732492066077054     
   2.7528404685550796E-002 -0.33043543534197956     
   3.2924170772707526E-002   3.5700431905082879     
   3.9583345139207964E-002  0.89844822151419135     
   4.8482283607784241E-002  0.31462015242474922     
   5.9214978228736552E-002  0.60513173261597930     
   7.2080521460213362E-002   1.1088974339107172     
   8.7419255034663218E-002  0.56398323177545040     
  0.10579667824952024       0.53357142092944054     
  0.12854808104919171       0.78025542787323654     
  0.15632078169124311        1.2796783089227552     
  0.18975741449582317        1.0382276540207069     
  0.23032868064044379       0.81219478990049276     
  0.27962368063317661        1.1596140758072708     
  0.33948762138704197       0.81540808745353910     
  0.41220775775346907        1.0039749781382858     
  0.50048824219328136        1.5824130799781038     
  0.60768816316668328        2.0380470943295212     
  0.73829232115333110       0.24058734171977619     
   6.2831853071800003E-003  -6.1415574306366505     
   8.8857658763173177E-003   1.9030688737982635     
   1.0882796185406024E-002   1.0121281209192423     
   1.2566370614360001E-002  -4.9694859411899390     
   1.4781066825642925E-002  0.94212318958621633     
   1.9009758763406950E-002 -0.66204148711195154     
   2.2558041930044626E-002 -0.47198028251391577     
   2.7528404685550796E-002  -1.4415239513011733     
   3.2924170772707526E-002   1.8581318032604937     
   3.9583345139207964E-002  -6.0665443033399560E-002
   4.8482283607784241E-002   1.3336662619865658     
   5.9214978228736552E-002  0.31735057215798218     
   7.2080521460213362E-002  0.90726327142167806     
   8.7419255034663218E-002   1.2353527842630507     
  0.10579667824952024        1.1770636670030532     
  0.12854808104919171        1.5453498795187626     
  0.15632078169124311        1.3375827502636253     
  0.18975741449582317        1.6377131463259031     
  0.23032868064044379       0.47617844364976053     
  0.27962368063317661       0.50929628068433186     
  0.33948762138704197      -0.68684514880796010     
  0.41220775775346907       -1.0164049542562665     
  0.50048824219328136       -2.3061313366244529     
  0.60768816316668328       -3.3768667700857748     
  0.73829232115333110        2.1398419557424488     
   6.2831853071800003E-003  -20.176312932857503     
   8.8857658763173177E-003  -9.6329918481835950     
   1.0882796185406024E-002  -1.2887121115286595     
   1.2566370614360001E-002   6.7563482085115512     
   1.4781066825642925E-002   3.3654845395206237     
   1.9009758763406950E-002 -0.38935457959980041     
   2.2558041930044626E-002 -0.64435806043702204     
   2.7528404685550796E-002  -1.0343927368046524     
   3.2924170772707526E-002   1.8760961911599385     
   3.9583345139207964E-002   3.5282286779567698E-002
   4.8482283607784241E-002  0.78091464441979919     
   5.9214978228736552E-002  0.24469172734802552     
   7.2080521460213362E-002  0.54423426492990290     
   8.7419255034663218E-002   2.8904676628544843     
  0.10579667824952024        2.5461758480354968     
  0.12854808104919171        2.5737016495256815     
  0.15632078169124311        2.6223631420896476     
  0.18975741449582317        3.0232509759836805     
  0.23032868064044379        1.0435033597236794     
  0.27962368063317661       -8.0654631271030217E-002
  0.33948762138704197       -1.3864457045218406     
  0.41220775775346907       -3.1378136194218023     
  0.50048824219328136       -5.2039454592613410     
  0.60768816316668328       -3.4911079116717429     
  0.73829232115333110        8.1393008190632692     
   6.2831853071800003E-003 -0.73375746011209031     
   8.8857658763173177E-003 -0.19073759771804372     
   1.0882796185406024E-002   1.1243724567834674     
   1.2566370614360001E-002   5.0286201800005150     
   1.4781066825642925E-002   3.1003597883204361     
   1.9009758763406950E-002  -1.4003734846999123     
   2.2558041930044626E-002 -0.98883976546915120     
   2.7528404685550796E-002  -7.3005718804012770E-002
   3.2924170772707526E-002   1.5001914951818407     
   3.9583345139207964E-002 -0.26954409315211092     
   4.8482283607784241E-002  0.81403252322578545     
   5.9214978228736552E-002  0.32302834843048966     
   7.2080521460213362E-002  0.45064890216458264     
   8.7419255034663218E-002  0.47649062949225290     
  0.10579667824952024      -0.18680113306015916     
  0.12854808104919171       0.25944726151536618     
  0.15632078169124311      -0.31669885882258147     
  0.18975741449582317       -1.4018259687311094     
  0.23032868064044379       0.14801072570954762     
  0.27962368063317661      -0.25318220758868482     
  0.33948762138704197       0.28766922800015227     
  0.41220775775346907        1.0244054444572586     
  0.50048824219328136      -0.92056511545432607     
  0.60768816316668328       0.59044132127541082     
  0.73829232115333110      -0.46700335089631523     
   6.2831853071800003E-003   9.5939732863638643     
   8.8857658763173177E-003  0.44044243561456675     
   1.0882796185406024E-002 -0.42369107135449480     
   1.2566370614360001E-002   2.3494482112833057     
   1.4781066825642925E-002  -6.7425570442073313E-002
   1.9009758763406950E-002 -0.49209030377561669     
   2.2558041930044626E-002  0.85200948903409468     
   2.7528404685550796E-002 -0.79556796958106368     
   3.2924170772707526E-002   1.2720940088456927     
   3.9583345139207964E-002  0.14188197699384575     
   4.8482283607784241E-002   1.0619317061867537     
   5.9214978228736552E-002   1.2675300762657917     
   7.2080521460213362E-002  0.78357450416074559     
   8.7419255034663218E-002   1.3100232123834104     
  0.10579667824952024        2.1217633487576917     
  0.12854808104919171        2.0070113701495336     
  0.15632078169124311        3.2629809553706677     
  0.18975741449582317        2.9965057337587320     
  0.23032868064044379        3.7144774308101214     
  0.27962368063317661        3.2566726146870488     
  0.33948762138704197        1.2756169399614319     
  0.41220775775346907       -2.9341332785124155     
  0.50048824219328136       -8.4457569875622251     
  0.60768816316668328       -8.9425154130451521     
  0.73829232115333110        1.1278531361441642     
   6.2831853071800003E-003   5.3122480151634166     
   8.8857658763173177E-003  -1.4819110638263853     
   1.0882796185406024E-002  -2.6944658420834839     
   1.2566370614360001E-002   5.9696535178161438     
   1.4781066825642925E-002 -0.76223489700224711     
   1.9009758763406950E-002  0.55546877690055629     
   2.2558041930044626E-002 -0.34951674873859689     
   2.7528404685550796E-002 -0.21783282862505313     
   3.2924170772707526E-002  0.95938595655183823     
   3.9583345139207964E-002 -0.30990558885518149     
   4.8482283607784241E-002 -0.16051357332007954     
   5.9214978228736552E-002  0.31415459074224122     
   7.2080521460213362E-002  -5.4141861547984761E-002
   8.7419255034663218E-002  0.15022613330421583     
  0.10579667824952024      -0.10135126312408625     
  0.12854808104919171        6.3833116702676995E-002
  0.15632078169124311        7.2958462283800754E-004
  0.18975741449582317      -0.21569078967390165     
  0.23032868064044379        2.3550293422827225E-002
  0.27962368063317661      -0.25798324854430538     
  0.33948762138704197      -0.50597863606906057     
  0.41220775775346907      -0.92269383347661937     
  0.50048824219328136       -2.0346667606707385     
  0.60768816316668328       -4.2601477073994491     
  0.73829232115333110       -8.6574825411562806     
