   6.2831853071800003E-003   1.1936111325729069     
   8.8857658763173177E-003  0.90805873854978492     
   1.0882796185406024E-002  0.96856075493984950     
   1.2566370614360001E-002   1.2626346859815982     
   1.4781066825642925E-002  0.94790762413539575     
   1.9009758763406950E-002   1.0954294820009318     
   2.2558041930044626E-002   1.0475120342011639     
   2.7528404685550796E-002   1.0101645762562006     
   3.2924170772707526E-002  0.97385586401382096     
   3.9583345139207964E-002  0.98688208947711120     
   4.8482283607784241E-002   1.0259448468433159     
   5.9214978228736552E-002  0.97927280124792060     
   7.2080521460213362E-002  0.99677803985420910     
   8.7419255034663218E-002   1.0240314406031268     
  0.10579667824952024        1.0614552001733011     
  0.12854808104919171       0.98299166932947846     
  0.15632078169124311        1.1103782613518309     
  0.18975741449582317        1.0662512138354634     
  0.23032868064044379        1.1797037934268169     
  0.27962368063317661        1.2529805805573748     
  0.33948762138704197        1.3361251044387268     
  0.41220775775346907        1.4643325014365942     
  0.50048824219328136        1.6096559566686326     
  0.60768816316668328        1.7943546544284243     
  0.73829232115333110        2.0227510309349817     
   6.2831853071800003E-003   1.2049010766479133     
   8.8857658763173177E-003  0.90103542390545377     
   1.0882796185406024E-002  0.92468225214100253     
   1.2566370614360001E-002   1.2414536054028309     
   1.4781066825642925E-002  0.94870823783725822     
   1.9009758763406950E-002   1.0966735972719532     
   2.2558041930044626E-002   1.0338304767482023     
   2.7528404685550796E-002   1.0231979540953191     
   3.2924170772707526E-002  0.96928878192719348     
   3.9583345139207964E-002   1.0017043465326301     
   4.8482283607784241E-002   1.0235549863749178     
   5.9214978228736552E-002  0.97795018366475051     
   7.2080521460213362E-002  0.99303629408274963     
   8.7419255034663218E-002   1.0254112195618610     
  0.10579667824952024        1.0621531817312795     
  0.12854808104919171       0.98199159656268797     
  0.15632078169124311        1.1113328302070127     
  0.18975741449582317        1.0724824478042068     
  0.23032868064044379        1.1805812432216871     
  0.27962368063317661        1.2634310663083392     
  0.33948762138704197        1.3490294826743499     
  0.41220775775346907        1.4685469771149704     
  0.50048824219328136        1.6024157131574099     
  0.60768816316668328        1.7679562566072751     
  0.73829232115333110        1.9653270956436451     
   6.2831853071800003E-003  0.90450397530906190     
   8.8857658763173177E-003   1.1964050131548694     
   1.0882796185406024E-002  0.63108251987332320     
   1.2566370614360001E-002   1.2256009681497813     
   1.4781066825642925E-002  0.99350790271680189     
   1.9009758763406950E-002   1.0178212582271431     
   2.2558041930044626E-002   1.0215194381326085     
   2.7528404685550796E-002   1.0255261655147834     
   3.2924170772707526E-002   1.0069643386246674     
   3.9583345139207964E-002  0.99737558557766426     
   4.8482283607784241E-002   1.0304800655206228     
   5.9214978228736552E-002  0.99028365879448532     
   7.2080521460213362E-002   1.0026843989405854     
   8.7419255034663218E-002   1.0157684472190214     
  0.10579667824952024        1.0414137176278750     
  0.12854808104919171       0.97801843848115178     
  0.15632078169124311        1.0903818163552850     
  0.18975741449582317        1.0507145553749304     
  0.23032868064044379        1.1490129327115155     
  0.27962368063317661        1.2356181869228862     
  0.33948762138704197        1.2944372288560870     
  0.41220775775346907        1.4018963567253411     
  0.50048824219328136        1.5241378749914738     
  0.60768816316668328        1.6718955104856024     
  0.73829232115333110        1.8178233105320378     
   6.2831853071800003E-003  0.91433646889540399     
   8.8857658763173177E-003   1.3397022612290617     
   1.0882796185406024E-002   1.1740826815345733     
   1.2566370614360001E-002  0.32077151732776860     
   1.4781066825642925E-002  0.81797737066257559     
   1.9009758763406950E-002   1.0283339347085050     
   2.2558041930044626E-002   1.0196331642235312     
   2.7528404685550796E-002   1.0564917936883043     
   3.2924170772707526E-002   1.0000667586908794     
   3.9583345139207964E-002   1.0177509753792553     
   4.8482283607784241E-002   1.0242432669607135     
   5.9214978228736552E-002   1.0008445227175795     
   7.2080521460213362E-002   1.0073600452320404     
   8.7419255034663218E-002  0.98493290535409639     
  0.10579667824952024        1.0268290559980369     
  0.12854808104919171       0.93988843592298810     
  0.15632078169124311        1.0658451459566667     
  0.18975741449582317        1.0121652278760997     
  0.23032868064044379        1.1101267493018041     
  0.27962368063317661        1.1856545292253136     
  0.33948762138704197        1.2476362218828092     
  0.41220775775346907        1.3463776734932540     
  0.50048824219328136        1.4608104214671849     
  0.60768816316668328        1.5816974487566786     
  0.73829232115333110        1.6705853100794357     
   6.2831853071800003E-003   1.0673461980099201     
   8.8857658763173177E-003  0.93994179722438609     
   1.0882796185406024E-002   1.6164082497628132     
   1.2566370614360001E-002  0.30308457931575794     
   1.4781066825642925E-002   1.3819255704949081     
   1.9009758763406950E-002   1.1434222255993769     
   2.2558041930044626E-002   1.3678584468696084     
   2.7528404685550796E-002   1.0820520219898402     
   3.2924170772707526E-002   1.1460721430020000     
   3.9583345139207964E-002   1.0704772153492770     
   4.8482283607784241E-002   1.1079749866445361     
   5.9214978228736552E-002   1.0928216478389454     
   7.2080521460213362E-002   1.1351077413803556     
   8.7419255034663218E-002   1.0956567708451321     
  0.10579667824952024        1.1124422620084784     
  0.12854808104919171       0.99470424576347083     
  0.15632078169124311        1.1619147716345506     
  0.18975741449582317        1.1307202600395316     
  0.23032868064044379        1.2251002882487214     
  0.27962368063317661        1.2299453272327503     
  0.33948762138704197        1.3878579212609277     
  0.41220775775346907        1.4437348106183125     
  0.50048824219328136        1.5737981945066564     
  0.60768816316668328        1.6410888163116697     
  0.73829232115333110        1.6752763465454552     
   6.2831853071800003E-003   2.6281347456585356     
   8.8857658763173177E-003  0.97965979990648577     
   1.0882796185406024E-002   1.7365190777857298     
   1.2566370614360001E-002   2.7495165316543551     
   1.4781066825642925E-002   1.2493625152225272     
   1.9009758763406950E-002   1.0227770209081586     
   2.2558041930044626E-002   1.0315350113488877     
   2.7528404685550796E-002  0.97271584367256181     
   3.2924170772707526E-002   1.1195382333767778     
   3.9583345139207964E-002  0.99796039220534916     
   4.8482283607784241E-002  0.83779636587125117     
   5.9214978228736552E-002  0.95834731533796880     
   7.2080521460213362E-002  0.91700619809261852     
   8.7419255034663218E-002  0.94185041517220736     
  0.10579667824952024       0.97269505495986108     
  0.12854808104919171       0.85122252029069911     
  0.15632078169124311       0.94651435280003193     
  0.18975741449582317       0.98243773450979843     
  0.23032868064044379        1.0144542728206631     
  0.27962368063317661        1.0796862959695437     
  0.33948762138704197        1.1345643114808623     
  0.41220775775346907        1.2664570746497157     
  0.50048824219328136        1.3003927230189272     
  0.60768816316668328        1.3186556294937255     
  0.73829232115333110        1.2600913706921717     
   6.2831853071800003E-003  -1.3390713404271732     
   8.8857658763173177E-003  0.38763644329936120     
   1.0882796185406024E-002   2.2344495792767494     
   1.2566370614360001E-002   1.0039042254803348     
   1.4781066825642925E-002   1.4380202023678983     
   1.9009758763406950E-002   1.4586001911606985     
   2.2558041930044626E-002   1.1416340028806122     
   2.7528404685550796E-002  0.87090510020217982     
   3.2924170772707526E-002  0.74690953966501050     
   3.9583345139207964E-002   1.1451464984772972     
   4.8482283607784241E-002   1.1051937211124625     
   5.9214978228736552E-002  0.84923801186793857     
   7.2080521460213362E-002  0.97579224566818401     
   8.7419255034663218E-002  0.85647250143178466     
  0.10579667824952024       0.78743050908326817     
  0.12854808104919171       0.89334584699546782     
  0.15632078169124311       0.91197593356192985     
  0.18975741449582317       0.77540466817282394     
  0.23032868064044379        1.0404316679521304     
  0.27962368063317661        1.0362117658806684     
  0.33948762138704197        1.1368724420027512     
  0.41220775775346907        1.1227003686120414     
  0.50048824219328136        1.0685221700275840     
  0.60768816316668328       0.98878571194075282     
  0.73829232115333110       0.77626154730110142     
   6.2831853071800003E-003  -1.1487505212954627     
   8.8857658763173177E-003   1.4042607764094495     
   1.0882796185406024E-002  0.30039383178532497     
   1.2566370614360001E-002   5.6446166237204665     
   1.4781066825642925E-002  0.21682799184970153     
   1.9009758763406950E-002  0.56891634828947968     
   2.2558041930044626E-002   1.4723142441532791     
   2.7528404685550796E-002  0.73517448259812057     
   3.2924170772707526E-002   1.6153443496700313     
   3.9583345139207964E-002   1.3057158974424756     
   4.8482283607784241E-002  0.92097570972653031     
   5.9214978228736552E-002  0.77514481816642500     
   7.2080521460213362E-002  0.90719865232148045     
   8.7419255034663218E-002  0.97961455451292112     
  0.10579667824952024        1.1512493855107431     
  0.12854808104919171       0.87472906428980757     
  0.15632078169124311        1.0609506885129221     
  0.18975741449582317        1.0056342680793349     
  0.23032868064044379       0.93195632275468676     
  0.27962368063317661        1.2073954603452735     
  0.33948762138704197       0.96770226751412458     
  0.41220775775346907        1.2054457209154152     
  0.50048824219328136        1.3801203215183016     
  0.60768816316668328        1.1916846309845361     
  0.73829232115333110       0.81308683627964351     
   6.2831853071800003E-003   1.2049010766479133     
   8.8857658763173177E-003  0.90103542390545377     
   1.0882796185406024E-002  0.92468225214100253     
   1.2566370614360001E-002   1.2414536054028309     
   1.4781066825642925E-002  0.94870823783725822     
   1.9009758763406950E-002   1.0966735972719532     
   2.2558041930044626E-002   1.0338304767482023     
   2.7528404685550796E-002   1.0231979540953191     
   3.2924170772707526E-002  0.96928878192719348     
   3.9583345139207964E-002   1.0017043465326301     
   4.8482283607784241E-002   1.0235549863749178     
   5.9214978228736552E-002  0.97795018366475051     
   7.2080521460213362E-002  0.99303629408274963     
   8.7419255034663218E-002   1.0254112195618610     
  0.10579667824952024        1.0621531817312795     
  0.12854808104919171       0.98199159656268797     
  0.15632078169124311        1.1113328302070127     
  0.18975741449582317        1.0724824478042068     
  0.23032868064044379        1.1805812432216871     
  0.27962368063317661        1.2634310663083392     
  0.33948762138704197        1.3490294826743499     
  0.41220775775346907        1.4685469771149704     
  0.50048824219328136        1.6024157131574099     
  0.60768816316668328        1.7679562566072751     
  0.73829232115333110        1.9653270956436451     
   6.2831853071800003E-003   1.1661885761613489     
   8.8857658763173177E-003  0.86699245374393730     
   1.0882796185406024E-002  0.82768684400827597     
   1.2566370614360001E-002   1.2160731516051873     
   1.4781066825642925E-002  0.95614419647925841     
   1.9009758763406950E-002   1.0859686549898178     
   2.2558041930044626E-002   1.0175029845720427     
   2.7528404685550796E-002   1.0365450296503738     
   3.2924170772707526E-002  0.96296688990518609     
   3.9583345139207964E-002   1.0293695291152014     
   4.8482283607784241E-002   1.0158940345341700     
   5.9214978228736552E-002  0.97853215851576048     
   7.2080521460213362E-002  0.99347045479938101     
   8.7419255034663218E-002   1.0312675480867417     
  0.10579667824952024        1.0794832102152174     
  0.12854808104919171        1.0026704867595568     
  0.15632078169124311        1.1453883942671268     
  0.18975741449582317        1.1191776427274005     
  0.23032868064044379        1.2388856451717034     
  0.27962368063317661        1.3420592099548323     
  0.33948762138704197        1.4327544473613176     
  0.41220775775346907        1.5406751114425379     
  0.50048824219328136        1.6714961985026084     
  0.60768816316668328        1.8295457871712695     
  0.73829232115333110        1.9937558842895098     
   6.2831853071800003E-003  0.97026408390880503     
   8.8857658763173177E-003   1.2451543703308443     
   1.0882796185406024E-002  0.58886233793834142     
   1.2566370614360001E-002   1.2114546778130584     
   1.4781066825642925E-002  0.99212059154677501     
   1.9009758763406950E-002   1.0181453403666190     
   2.2558041930044626E-002  0.99190338233821729     
   2.7528404685550796E-002   1.0324979112552830     
   3.2924170772707526E-002  0.98983569846027708     
   3.9583345139207964E-002   1.0169970187916428     
   4.8482283607784241E-002   1.0213297680745765     
   5.9214978228736552E-002   1.0015994370793768     
   7.2080521460213362E-002   1.0077545016709093     
   8.7419255034663218E-002   1.0253605403251633     
  0.10579667824952024        1.0521474905113313     
  0.12854808104919171       0.99741981313602834     
  0.15632078169124311        1.1210742458386906     
  0.18975741449582317        1.0969409996621518     
  0.23032868064044379        1.2216528695241249     
  0.27962368063317661        1.3000807570498401     
  0.33948762138704197        1.3728855784339076     
  0.41220775775346907        1.4898564065445614     
  0.50048824219328136        1.5970943370984749     
  0.60768816316668328        1.6765927193201662     
  0.73829232115333110        1.7548124566814265     
   6.2831853071800003E-003  0.84941136766781600     
   8.8857658763173177E-003   1.3897881689166751     
   1.0882796185406024E-002   1.0937316147810794     
   1.2566370614360001E-002   9.7308191108155959E-002
   1.4781066825642925E-002  0.84209365001878256     
   1.9009758763406950E-002   1.0221119501493139     
   2.2558041930044626E-002  0.99560826129418356     
   2.7528404685550796E-002   1.0814424710720307     
   3.2924170772707526E-002  0.99458817167150992     
   3.9583345139207964E-002   1.0376950791045565     
   4.8482283607784241E-002   1.0237921839151423     
   5.9214978228736552E-002   1.0091084264710124     
   7.2080521460213362E-002   1.0111087540055586     
   8.7419255034663218E-002   1.0089998227467363     
  0.10579667824952024        1.0576938702082610     
  0.12854808104919171       0.97728947216478390     
  0.15632078169124311        1.1207893470165866     
  0.18975741449582317        1.0591220283516500     
  0.23032868064044379        1.1642792846255841     
  0.27962368063317661        1.2122210378722014     
  0.33948762138704197        1.2506039471087105     
  0.41220775775346907        1.3214752146913404     
  0.50048824219328136        1.3793851344075103     
  0.60768816316668328        1.4383307052170689     
  0.73829232115333110        1.3502028415432155     
   6.2831853071800003E-003   1.1091754104091649     
   8.8857658763173177E-003  0.84357694919329973     
   1.0882796185406024E-002   1.4194317166496846     
   1.2566370614360001E-002  0.28805456252363532     
   1.4781066825642925E-002   1.3396965156803549     
   1.9009758763406950E-002   1.1167486294870279     
   2.2558041930044626E-002   1.3096863904473806     
   2.7528404685550796E-002   1.0465923222438769     
   3.2924170772707526E-002   1.0548976496544611     
   3.9583345139207964E-002   1.0561531972865985     
   4.8482283607784241E-002   1.0173297584481789     
   5.9214978228736552E-002   1.0404121665710393     
   7.2080521460213362E-002   1.0692871138209121     
   8.7419255034663218E-002   1.0586103942255083     
  0.10579667824952024        1.0277099371677028     
  0.12854808104919171       0.94587272218091234     
  0.15632078169124311        1.0804578795729129     
  0.18975741449582317        1.0494016924721259     
  0.23032868064044379        1.1537448691043277     
  0.27962368063317661        1.1126247234000095     
  0.33948762138704197        1.2040193249301858     
  0.41220775775346907        1.2317697237322121     
  0.50048824219328136        1.2436352162914766     
  0.60768816316668328        1.1928179877168996     
  0.73829232115333110        1.0783643683201021     
   6.2831853071800003E-003   2.5580936144521256     
   8.8857658763173177E-003   1.0096301987018284     
   1.0882796185406024E-002   1.5550252051244271     
   1.2566370614360001E-002   2.7657260961226742     
   1.4781066825642925E-002   1.2840916750381637     
   1.9009758763406950E-002   1.0758495817239948     
   2.2558041930044626E-002  0.92611163989783141     
   2.7528404685550796E-002  0.91159303885622323     
   3.2924170772707526E-002   1.1849612554585689     
   3.9583345139207964E-002   1.0427699224313691     
   4.8482283607784241E-002  0.87266193910380019     
   5.9214978228736552E-002  0.93472711545459630     
   7.2080521460213362E-002  0.90941510258664460     
   8.7419255034663218E-002  0.96206193837088805     
  0.10579667824952024       0.98029088474441517     
  0.12854808104919171       0.85247172446840547     
  0.15632078169124311       0.96396714456002086     
  0.18975741449582317       0.96387328306352049     
  0.23032868064044379       0.96756309461818613     
  0.27962368063317661        1.0088377169891927     
  0.33948762138704197        1.0545306037370816     
  0.41220775775346907        1.1051443176066473     
  0.50048824219328136       0.94056013670156957     
  0.60768816316668328       0.82911836589834442     
  0.73829232115333110       0.60487396073173560     
   6.2831853071800003E-003  -1.3154872033572640     
   8.8857658763173177E-003  0.37732928486370315     
   1.0882796185406024E-002   2.1285135822838734     
   1.2566370614360001E-002   1.1304298949650027     
   1.4781066825642925E-002   1.4517119911857739     
   1.9009758763406950E-002   1.4970029352504242     
   2.2558041930044626E-002   1.2760758675435726     
   2.7528404685550796E-002  0.83937150016267381     
   3.2924170772707526E-002  0.70817290714876879     
   3.9583345139207964E-002   1.2040512037256896     
   4.8482283607784241E-002   1.1244658565712735     
   5.9214978228736552E-002  0.89374451875442162     
   7.2080521460213362E-002  0.90049334280152182     
   8.7419255034663218E-002  0.83265559367992092     
  0.10579667824952024       0.74634608238844136     
  0.12854808104919171       0.79112262440026093     
  0.15632078169124311       0.92787711627974001     
  0.18975741449582317       0.63040232349400871     
  0.23032868064044379       0.86960855910265500     
  0.27962368063317661       0.88158902785909210     
  0.33948762138704197       0.87369924423136314     
  0.41220775775346907       0.96007478471212626     
  0.50048824219328136       0.75363241436784367     
  0.60768816316668328       0.90787070905505163     
  0.73829232115333110       0.62918756127978770     
   6.2831853071800003E-003  -1.4302121266460970     
   8.8857658763173177E-003   1.5528948002753835     
   1.0882796185406024E-002  0.70167078130100013     
   1.2566370614360001E-002   4.3072385730570888     
   1.4781066825642925E-002  0.52249733519735686     
   1.9009758763406950E-002  0.64919753876840158     
   2.2558041930044626E-002   1.4758555114342702     
   2.7528404685550796E-002  0.76745792716750127     
   3.2924170772707526E-002   1.5189352210174032     
   3.9583345139207964E-002   1.4498880716738800     
   4.8482283607784241E-002   1.0623823175761491     
   5.9214978228736552E-002  0.62151371037729564     
   7.2080521460213362E-002  0.80351215108522522     
   8.7419255034663218E-002   1.0032399289419838     
  0.10579667824952024        1.0313916591054522     
  0.12854808104919171       0.84605912344447298     
  0.15632078169124311        1.0212700007976074     
  0.18975741449582317       0.89877819678557413     
  0.23032868064044379       0.72734583775625528     
  0.27962368063317661       0.91798332333029520     
  0.33948762138704197       0.94532468176607298     
  0.41220775775346907       0.78139069803522543     
  0.50048824219328136       0.77167925602901244     
  0.60768816316668328       0.40403838267982628     
  0.73829232115333110       0.34473889413074921     
   6.2831853071800003E-003  0.90450397530906190     
   8.8857658763173177E-003   1.1964050131548694     
   1.0882796185406024E-002  0.63108251987332320     
   1.2566370614360001E-002   1.2256009681497813     
   1.4781066825642925E-002  0.99350790271680189     
   1.9009758763406950E-002   1.0178212582271431     
   2.2558041930044626E-002   1.0215194381326085     
   2.7528404685550796E-002   1.0255261655147834     
   3.2924170772707526E-002   1.0069643386246674     
   3.9583345139207964E-002  0.99737558557766426     
   4.8482283607784241E-002   1.0304800655206228     
   5.9214978228736552E-002  0.99028365879448532     
   7.2080521460213362E-002   1.0026843989405854     
   8.7419255034663218E-002   1.0157684472190214     
  0.10579667824952024        1.0414137176278750     
  0.12854808104919171       0.97801843848115178     
  0.15632078169124311        1.0903818163552850     
  0.18975741449582317        1.0507145553749304     
  0.23032868064044379        1.1490129327115155     
  0.27962368063317661        1.2356181869228862     
  0.33948762138704197        1.2944372288560870     
  0.41220775775346907        1.4018963567253411     
  0.50048824219328136        1.5241378749914738     
  0.60768816316668328        1.6718955104856024     
  0.73829232115333110        1.8178233105320378     
   6.2831853071800003E-003  0.97026408390880503     
   8.8857658763173177E-003   1.2451543703308443     
   1.0882796185406024E-002  0.58886233793834142     
   1.2566370614360001E-002   1.2114546778130584     
   1.4781066825642925E-002  0.99212059154677501     
   1.9009758763406950E-002   1.0181453403666190     
   2.2558041930044626E-002  0.99190338233821729     
   2.7528404685550796E-002   1.0324979112552830     
   3.2924170772707526E-002  0.98983569846027708     
   3.9583345139207964E-002   1.0169970187916428     
   4.8482283607784241E-002   1.0213297680745765     
   5.9214978228736552E-002   1.0015994370793768     
   7.2080521460213362E-002   1.0077545016709093     
   8.7419255034663218E-002   1.0253605403251633     
  0.10579667824952024        1.0521474905113313     
  0.12854808104919171       0.99741981313602834     
  0.15632078169124311        1.1210742458386906     
  0.18975741449582317        1.0969409996621518     
  0.23032868064044379        1.2216528695241249     
  0.27962368063317661        1.3000807570498401     
  0.33948762138704197        1.3728855784339076     
  0.41220775775346907        1.4898564065445614     
  0.50048824219328136        1.5970943370984749     
  0.60768816316668328        1.6765927193201662     
  0.73829232115333110        1.7548124566814265     
   6.2831853071800003E-003  0.73174364147698867     
   8.8857658763173177E-003   1.6430512584018384     
   1.0882796185406024E-002  0.40320459807373749     
   1.2566370614360001E-002   1.0870044187602739     
   1.4781066825642925E-002   1.0083621936765590     
   1.9009758763406950E-002  0.93844098499979234     
   2.2558041930044626E-002  0.99386500254300070     
   2.7528404685550796E-002   1.0305210834014413     
   3.2924170772707526E-002   1.0259116542040694     
   3.9583345139207964E-002   1.0261146733370543     
   4.8482283607784241E-002   1.0495110351698143     
   5.9214978228736552E-002   1.0223120241026953     
   7.2080521460213362E-002   1.0260993242421208     
   8.7419255034663218E-002   1.0716214752340789     
  0.10579667824952024        1.0952977085675586     
  0.12854808104919171        1.0935277021350520     
  0.15632078169124311        1.1963932029306859     
  0.18975741449582317        1.1752987420162953     
  0.23032868064044379        1.2832175491167519     
  0.27962368063317661        1.3647189137152196     
  0.33948762138704197        1.4777452380344442     
  0.41220775775346907        1.5230663141258622     
  0.50048824219328136        1.6605355354896147     
  0.60768816316668328        1.6781761330154930     
  0.73829232115333110        1.7296607726697857     
   6.2831853071800003E-003  0.52356019788488783     
   8.8857658763173177E-003   1.6939949371190524     
   1.0882796185406024E-002  0.74366322215712577     
   1.2566370614360001E-002  0.26866678503336749     
   1.4781066825642925E-002  0.82272814435501251     
   1.9009758763406950E-002  0.86652226418681411     
   2.2558041930044626E-002  0.98690415740706838     
   2.7528404685550796E-002   1.0666148723473754     
   3.2924170772707526E-002   1.0217616920234174     
   3.9583345139207964E-002   1.0521792386829640     
   4.8482283607784241E-002   1.0210207352473384     
   5.9214978228736552E-002   1.0262636673893524     
   7.2080521460213362E-002   1.0662752313373294     
   8.7419255034663218E-002   1.0268071205856419     
  0.10579667824952024        1.0949481992336039     
  0.12854808104919171        1.0441260924328291     
  0.15632078169124311        1.1840185626350253     
  0.18975741449582317        1.1463774496127961     
  0.23032868064044379        1.2729042670295427     
  0.27962368063317661        1.4093335736079846     
  0.33948762138704197        1.4270504098345267     
  0.41220775775346907        1.5264407764232442     
  0.50048824219328136        1.5741401310911931     
  0.60768816316668328        1.5538714814534114     
  0.73829232115333110        1.3470158242666150     
   6.2831853071800003E-003   1.1821648523702737     
   8.8857658763173177E-003  0.77058245892547539     
   1.0882796185406024E-002  0.90225777427986842     
   1.2566370614360001E-002  0.60076148462718315     
   1.4781066825642925E-002   1.2738647989096288     
   1.9009758763406950E-002  0.82898086582435471     
   2.2558041930044626E-002   1.1456056363478493     
   2.7528404685550796E-002  0.92595993428228940     
   3.2924170772707526E-002   1.1032784040547592     
   3.9583345139207964E-002  0.95857140733957558     
   4.8482283607784241E-002  0.98953368971396993     
   5.9214978228736552E-002   1.0018788822744422     
   7.2080521460213362E-002   1.0451257137634264     
   8.7419255034663218E-002   1.0150220820087834     
  0.10579667824952024        1.0186709294885934     
  0.12854808104919171       0.97724851304249105     
  0.15632078169124311        1.1157833272972455     
  0.18975741449582317        1.1144491502284641     
  0.23032868064044379        1.2549297472753294     
  0.27962368063317661        1.2010289046195777     
  0.33948762138704197        1.3107670176398325     
  0.41220775775346907        1.2719862921079887     
  0.50048824219328136        1.1015563379206668     
  0.60768816316668328        1.1538212426389969     
  0.73829232115333110        1.1715620770394994     
   6.2831853071800003E-003   1.4478400947419914     
   8.8857658763173177E-003   1.5792446946792673     
   1.0882796185406024E-002   1.1868098277966805     
   1.2566370614360001E-002   3.4440953889719990     
   1.4781066825642925E-002   1.2526953278114810     
   1.9009758763406950E-002  0.98678430207819268     
   2.2558041930044626E-002   1.0563745112767087     
   2.7528404685550796E-002  0.86753311488474205     
   3.2924170772707526E-002   1.1204026551103379     
   3.9583345139207964E-002   1.0754097502782098     
   4.8482283607784241E-002  0.82982311500985850     
   5.9214978228736552E-002  0.92043308900406029     
   7.2080521460213362E-002  0.91368960102225849     
   8.7419255034663218E-002  0.93333924146304026     
  0.10579667824952024       0.99237619430402879     
  0.12854808104919171       0.78102283896972835     
  0.15632078169124311       0.92406932893834970     
  0.18975741449582317       0.99878191826677298     
  0.23032868064044379        1.0407051719801028     
  0.27962368063317661        1.1644698424649220     
  0.33948762138704197        1.0510464551123491     
  0.41220775775346907        1.0878235764119890     
  0.50048824219328136       0.82029030595127617     
  0.60768816316668328       0.69469403495915494     
  0.73829232115333110       0.29593756075094774     
   6.2831853071800003E-003 -0.44810990524731908     
   8.8857658763173177E-003  0.46049809064837360     
   1.0882796185406024E-002   1.3149353236457264     
   1.2566370614360001E-002  0.63774769498378958     
   1.4781066825642925E-002   1.1771384069324444     
   1.9009758763406950E-002   1.7742395912567961     
   2.2558041930044626E-002   1.0515527168267347     
   2.7528404685550796E-002  0.94167995132029358     
   3.2924170772707526E-002  0.79237741730686795     
   3.9583345139207964E-002   1.2195262792567401     
   4.8482283607784241E-002  0.91197504514590366     
   5.9214978228736552E-002  0.93736408963915785     
   7.2080521460213362E-002   1.0010190360549913     
   8.7419255034663218E-002  0.84020246754114303     
  0.10579667824952024       0.74758208066201737     
  0.12854808104919171       0.81091056469158174     
  0.15632078169124311       0.85053065068937106     
  0.18975741449582317       0.73213674798169237     
  0.23032868064044379       0.90033805085129115     
  0.27962368063317661        1.0186792175437012     
  0.33948762138704197       0.93154189064662274     
  0.41220775775346907        1.0599151735802810     
  0.50048824219328136       0.83544994268071560     
  0.60768816316668328        1.0550443281481636     
  0.73829232115333110       0.93493542540654850     
   6.2831853071800003E-003  -2.1767746525163680     
   8.8857658763173177E-003   1.0431716487234868     
   1.0882796185406024E-002  0.63261121101820628     
   1.2566370614360001E-002   4.4600316061440042     
   1.4781066825642925E-002  0.49436879292614999     
   1.9009758763406950E-002 -0.22436286293187235     
   2.2558041930044626E-002   1.1493158149003921     
   2.7528404685550796E-002  0.74718738603784807     
   3.2924170772707526E-002   1.7503692806805116     
   3.9583345139207964E-002   1.3699740165206331     
   4.8482283607784241E-002  0.62814380288809235     
   5.9214978228736552E-002  0.50347094687545235     
   7.2080521460213362E-002  0.97463409665439893     
   8.7419255034663218E-002  0.65619081920018485     
  0.10579667824952024       0.96660747799926594     
  0.12854808104919171       0.84888180197072449     
  0.15632078169124311       0.81071878391538943     
  0.18975741449582317       0.72025611896238451     
  0.23032868064044379       0.67557942230268841     
  0.27962368063317661       0.89521393370229674     
  0.33948762138704197       0.61181750571234894     
  0.41220775775346907       -7.9937456921291172E-002
  0.50048824219328136       -2.3214869525522215E-002
  0.60768816316668328      -0.36779658950494593     
  0.73829232115333110       -8.2345085462529138E-002
   6.2831853071800003E-003  0.91433646889540399     
   8.8857658763173177E-003   1.3397022612290617     
   1.0882796185406024E-002   1.1740826815345733     
   1.2566370614360001E-002  0.32077151732776860     
   1.4781066825642925E-002  0.81797737066257559     
   1.9009758763406950E-002   1.0283339347085050     
   2.2558041930044626E-002   1.0196331642235312     
   2.7528404685550796E-002   1.0564917936883043     
   3.2924170772707526E-002   1.0000667586908794     
   3.9583345139207964E-002   1.0177509753792553     
   4.8482283607784241E-002   1.0242432669607135     
   5.9214978228736552E-002   1.0008445227175795     
   7.2080521460213362E-002   1.0073600452320404     
   8.7419255034663218E-002  0.98493290535409639     
  0.10579667824952024        1.0268290559980369     
  0.12854808104919171       0.93988843592298810     
  0.15632078169124311        1.0658451459566667     
  0.18975741449582317        1.0121652278760997     
  0.23032868064044379        1.1101267493018041     
  0.27962368063317661        1.1856545292253136     
  0.33948762138704197        1.2476362218828092     
  0.41220775775346907        1.3463776734932540     
  0.50048824219328136        1.4608104214671849     
  0.60768816316668328        1.5816974487566786     
  0.73829232115333110        1.6705853100794357     
   6.2831853071800003E-003  0.84941136766781600     
   8.8857658763173177E-003   1.3897881689166751     
   1.0882796185406024E-002   1.0937316147810794     
   1.2566370614360001E-002   9.7308191108155959E-002
   1.4781066825642925E-002  0.84209365001878256     
   1.9009758763406950E-002   1.0221119501493139     
   2.2558041930044626E-002  0.99560826129418356     
   2.7528404685550796E-002   1.0814424710720307     
   3.2924170772707526E-002  0.99458817167150992     
   3.9583345139207964E-002   1.0376950791045565     
   4.8482283607784241E-002   1.0237921839151423     
   5.9214978228736552E-002   1.0091084264710124     
   7.2080521460213362E-002   1.0111087540055586     
   8.7419255034663218E-002   1.0089998227467363     
  0.10579667824952024        1.0576938702082610     
  0.12854808104919171       0.97728947216478390     
  0.15632078169124311        1.1207893470165866     
  0.18975741449582317        1.0591220283516500     
  0.23032868064044379        1.1642792846255841     
  0.27962368063317661        1.2122210378722014     
  0.33948762138704197        1.2506039471087105     
  0.41220775775346907        1.3214752146913404     
  0.50048824219328136        1.3793851344075103     
  0.60768816316668328        1.4383307052170689     
  0.73829232115333110        1.3502028415432155     
   6.2831853071800003E-003  0.52356019788488783     
   8.8857658763173177E-003   1.6939949371190524     
   1.0882796185406024E-002  0.74366322215712577     
   1.2566370614360001E-002  0.26866678503336749     
   1.4781066825642925E-002  0.82272814435501251     
   1.9009758763406950E-002  0.86652226418681411     
   2.2558041930044626E-002  0.98690415740706838     
   2.7528404685550796E-002   1.0666148723473754     
   3.2924170772707526E-002   1.0217616920234174     
   3.9583345139207964E-002   1.0521792386829640     
   4.8482283607784241E-002   1.0210207352473384     
   5.9214978228736552E-002   1.0262636673893524     
   7.2080521460213362E-002   1.0662752313373294     
   8.7419255034663218E-002   1.0268071205856419     
  0.10579667824952024        1.0949481992336039     
  0.12854808104919171        1.0441260924328291     
  0.15632078169124311        1.1840185626350253     
  0.18975741449582317        1.1463774496127961     
  0.23032868064044379        1.2729042670295427     
  0.27962368063317661        1.4093335736079846     
  0.33948762138704197        1.4270504098345267     
  0.41220775775346907        1.5264407764232442     
  0.50048824219328136        1.5741401310911931     
  0.60768816316668328        1.5538714814534114     
  0.73829232115333110        1.3470158242666150     
   6.2831853071800003E-003   7.0609176852359290E-002
   8.8857658763173177E-003   1.5084095628789458     
   1.0882796185406024E-002   1.3063479972026855     
   1.2566370614360001E-002  -1.1704808770502647E-002
   1.4781066825642925E-002  0.53810575785565862     
   1.9009758763406950E-002  0.85435786293997806     
   2.2558041930044626E-002  0.95174446837667981     
   2.7528404685550796E-002   1.0204472897701862     
   3.2924170772707526E-002  0.96462115105417257     
   3.9583345139207964E-002   1.0540133545066341     
   4.8482283607784241E-002   1.0515865192941090     
   5.9214978228736552E-002   1.0254354814588731     
   7.2080521460213362E-002   1.0907226411813453     
   8.7419255034663218E-002  0.98638923550119340     
  0.10579667824952024        1.1880585713190210     
  0.12854808104919171        1.0968188312114540     
  0.15632078169124311        1.2321994725645655     
  0.18975741449582317        1.2196147245550302     
  0.23032868064044379        1.3438282150791525     
  0.27962368063317661        1.3975851811440134     
  0.33948762138704197        1.3929135023899561     
  0.41220775775346907        1.4612935926358224     
  0.50048824219328136        1.5528234204535443     
  0.60768816316668328        1.4666831743057698     
  0.73829232115333110        1.4683437999626463     
   6.2831853071800003E-003 -0.10087531879954000     
   8.8857658763173177E-003   1.2203501687024687     
   1.0882796185406024E-002   1.5452882712726443     
   1.2566370614360001E-002  0.41076042416108732     
   1.4781066825642925E-002  0.99112851686110504     
   1.9009758763406950E-002  0.91277360894279003     
   2.2558041930044626E-002   1.0458356464465874     
   2.7528404685550796E-002  0.93503745595087950     
   3.2924170772707526E-002  0.95431507705440188     
   3.9583345139207964E-002  0.98318420286384933     
   4.8482283607784241E-002   1.0364889537203625     
   5.9214978228736552E-002   1.0161287678884032     
   7.2080521460213362E-002   1.0689879718112101     
   8.7419255034663218E-002   1.0719882004581922     
  0.10579667824952024        1.0967473743345428     
  0.12854808104919171        1.0649975152374500     
  0.15632078169124311        1.2327482873871136     
  0.18975741449582317        1.1777692545719400     
  0.23032868064044379        1.3519651092625491     
  0.27962368063317661        1.2500784043928304     
  0.33948762138704197        1.3030437347940114     
  0.41220775775346907        1.3796801336167559     
  0.50048824219328136        1.1998227810602307     
  0.60768816316668328        1.2172009703005033     
  0.73829232115333110        1.3672034577582672     
   6.2831853071800003E-003   2.5868518395535327     
   8.8857658763173177E-003   1.1789730770574374     
   1.0882796185406024E-002   2.1777125757300477     
   1.2566370614360001E-002   1.1128387896961076     
   1.4781066825642925E-002   1.0653562838809758     
   1.9009758763406950E-002  0.68108860374612823     
   2.2558041930044626E-002  0.98686430096248934     
   2.7528404685550796E-002  0.84792475020799718     
   3.2924170772707526E-002   1.0140990551107720     
   3.9583345139207964E-002   1.0692470577413851     
   4.8482283607784241E-002  0.97445910316940454     
   5.9214978228736552E-002  0.94487513014017899     
   7.2080521460213362E-002  0.99762007641137640     
   8.7419255034663218E-002  0.87623253426197822     
  0.10579667824952024        1.0894436510538954     
  0.12854808104919171       0.89584908440953126     
  0.15632078169124311        1.1888259820430278     
  0.18975741449582317        1.0514099236596355     
  0.23032868064044379        1.1343107533111920     
  0.27962368063317661        1.2262371911415197     
  0.33948762138704197        1.2911994368835005     
  0.41220775775346907        1.1501906606602945     
  0.50048824219328136        1.3434028663472697     
  0.60768816316668328        1.0769138825903850     
  0.73829232115333110       0.96619031958083490     
   6.2831853071800003E-003  -1.4897684518483574     
   8.8857658763173177E-003 -0.64898636958703548     
   1.0882796185406024E-002   3.2680982522062791     
   1.2566370614360001E-002 -0.70906330019993713     
   1.4781066825642925E-002   1.1064185907870947     
   1.9009758763406950E-002  0.92235916863873302     
   2.2558041930044626E-002   1.1517453954489225     
   2.7528404685550796E-002  0.83080805432134963     
   3.2924170772707526E-002  0.72345573368546434     
   3.9583345139207964E-002   1.2312388531549423     
   4.8482283607784241E-002  0.84264789672176432     
   5.9214978228736552E-002   1.0998729879063354     
   7.2080521460213362E-002  0.92242120194680965     
   8.7419255034663218E-002  0.80701338377361420     
  0.10579667824952024        1.0086892823887532     
  0.12854808104919171        1.0493422359085491     
  0.15632078169124311        1.2173197832025631     
  0.18975741449582317       0.79960323504068986     
  0.23032868064044379        1.2518603448319965     
  0.27962368063317661       0.77216799760722732     
  0.33948762138704197       0.66962546478214802     
  0.41220775775346907       0.46061400354627374     
  0.50048824219328136       0.35200389941076243     
  0.60768816316668328       0.30176179903492706     
  0.73829232115333110       0.46378049333061638     
   6.2831853071800003E-003   8.4273040602492900E-003
   8.8857658763173177E-003   3.8520346607906233     
   1.0882796185406024E-002 -0.47689376756940594     
   1.2566370614360001E-002  0.69070977530586253     
   1.4781066825642925E-002  0.13682754614402670     
   1.9009758763406950E-002  0.24493990373340219     
   2.2558041930044626E-002   1.4559303890875372     
   2.7528404685550796E-002  0.77230235822324478     
   3.2924170772707526E-002   1.6041257522595911     
   3.9583345139207964E-002   1.2230121678529482     
   4.8482283607784241E-002   1.1649944278555029     
   5.9214978228736552E-002  0.97386753463117381     
   7.2080521460213362E-002   1.0536777994199316     
   8.7419255034663218E-002   1.1139751024898079     
  0.10579667824952024        1.0166674963027746     
  0.12854808104919171       0.45356387001781540     
  0.15632078169124311       0.70704059709140965     
  0.18975741449582317        1.0175978233210126     
  0.23032868064044379       0.86079148332344924     
  0.27962368063317661        1.4330926649096865     
  0.33948762138704197       0.68255397258312955     
  0.41220775775346907       0.53068527535388332     
  0.50048824219328136        1.4888456014251550     
  0.60768816316668328        1.1208280779849642     
  0.73829232115333110      -0.73190396039009631     
   6.2831853071800003E-003   1.0673461980099201     
   8.8857658763173177E-003  0.93994179722438609     
   1.0882796185406024E-002   1.6164082497628132     
   1.2566370614360001E-002  0.30308457931575794     
   1.4781066825642925E-002   1.3819255704949081     
   1.9009758763406950E-002   1.1434222255993769     
   2.2558041930044626E-002   1.3678584468696084     
   2.7528404685550796E-002   1.0820520219898402     
   3.2924170772707526E-002   1.1460721430020000     
   3.9583345139207964E-002   1.0704772153492770     
   4.8482283607784241E-002   1.1079749866445361     
   5.9214978228736552E-002   1.0928216478389454     
   7.2080521460213362E-002   1.1351077413803556     
   8.7419255034663218E-002   1.0956567708451321     
  0.10579667824952024        1.1124422620084784     
  0.12854808104919171       0.99470424576347083     
  0.15632078169124311        1.1619147716345506     
  0.18975741449582317        1.1307202600395316     
  0.23032868064044379        1.2251002882487214     
  0.27962368063317661        1.2299453272327503     
  0.33948762138704197        1.3878579212609277     
  0.41220775775346907        1.4437348106183125     
  0.50048824219328136        1.5737981945066564     
  0.60768816316668328        1.6410888163116697     
  0.73829232115333110        1.6752763465454552     
   6.2831853071800003E-003   1.1091754104091649     
   8.8857658763173177E-003  0.84357694919329973     
   1.0882796185406024E-002   1.4194317166496846     
   1.2566370614360001E-002  0.28805456252363532     
   1.4781066825642925E-002   1.3396965156803549     
   1.9009758763406950E-002   1.1167486294870279     
   2.2558041930044626E-002   1.3096863904473806     
   2.7528404685550796E-002   1.0465923222438769     
   3.2924170772707526E-002   1.0548976496544611     
   3.9583345139207964E-002   1.0561531972865985     
   4.8482283607784241E-002   1.0173297584481789     
   5.9214978228736552E-002   1.0404121665710393     
   7.2080521460213362E-002   1.0692871138209121     
   8.7419255034663218E-002   1.0586103942255083     
  0.10579667824952024        1.0277099371677028     
  0.12854808104919171       0.94587272218091234     
  0.15632078169124311        1.0804578795729129     
  0.18975741449582317        1.0494016924721259     
  0.23032868064044379        1.1537448691043277     
  0.27962368063317661        1.1126247234000095     
  0.33948762138704197        1.2040193249301858     
  0.41220775775346907        1.2317697237322121     
  0.50048824219328136        1.2436352162914766     
  0.60768816316668328        1.1928179877168996     
  0.73829232115333110        1.0783643683201021     
   6.2831853071800003E-003   1.1821648523702737     
   8.8857658763173177E-003  0.77058245892547539     
   1.0882796185406024E-002  0.90225777427986842     
   1.2566370614360001E-002  0.60076148462718315     
   1.4781066825642925E-002   1.2738647989096288     
   1.9009758763406950E-002  0.82898086582435471     
   2.2558041930044626E-002   1.1456056363478493     
   2.7528404685550796E-002  0.92595993428228940     
   3.2924170772707526E-002   1.1032784040547592     
   3.9583345139207964E-002  0.95857140733957558     
   4.8482283607784241E-002  0.98953368971396993     
   5.9214978228736552E-002   1.0018788822744422     
   7.2080521460213362E-002   1.0451257137634264     
   8.7419255034663218E-002   1.0150220820087834     
  0.10579667824952024        1.0186709294885934     
  0.12854808104919171       0.97724851304249105     
  0.15632078169124311        1.1157833272972455     
  0.18975741449582317        1.1144491502284641     
  0.23032868064044379        1.2549297472753294     
  0.27962368063317661        1.2010289046195777     
  0.33948762138704197        1.3107670176398325     
  0.41220775775346907        1.2719862921079887     
  0.50048824219328136        1.1015563379206668     
  0.60768816316668328        1.1538212426389969     
  0.73829232115333110        1.1715620770394994     
   6.2831853071800003E-003 -0.10087531879954000     
   8.8857658763173177E-003   1.2203501687024687     
   1.0882796185406024E-002   1.5452882712726443     
   1.2566370614360001E-002  0.41076042416108732     
   1.4781066825642925E-002  0.99112851686110504     
   1.9009758763406950E-002  0.91277360894279003     
   2.2558041930044626E-002   1.0458356464465874     
   2.7528404685550796E-002  0.93503745595087950     
   3.2924170772707526E-002  0.95431507705440188     
   3.9583345139207964E-002  0.98318420286384933     
   4.8482283607784241E-002   1.0364889537203625     
   5.9214978228736552E-002   1.0161287678884032     
   7.2080521460213362E-002   1.0689879718112101     
   8.7419255034663218E-002   1.0719882004581922     
  0.10579667824952024        1.0967473743345428     
  0.12854808104919171        1.0649975152374500     
  0.15632078169124311        1.2327482873871136     
  0.18975741449582317        1.1777692545719400     
  0.23032868064044379        1.3519651092625491     
  0.27962368063317661        1.2500784043928304     
  0.33948762138704197        1.3030437347940114     
  0.41220775775346907        1.3796801336167559     
  0.50048824219328136        1.1998227810602307     
  0.60768816316668328        1.2172009703005033     
  0.73829232115333110        1.3672034577582672     
   6.2831853071800003E-003   1.5525336984041185     
   8.8857658763173177E-003  0.29055597504903152     
   1.0882796185406024E-002   1.1665219333397290     
   1.2566370614360001E-002 -0.22699740258541737     
   1.4781066825642925E-002   1.3419834003765376     
   1.9009758763406950E-002  0.89843398192821255     
   2.2558041930044626E-002   1.2961593119757606     
   2.7528404685550796E-002  0.89784574150983687     
   3.2924170772707526E-002  0.89904401071087603     
   3.9583345139207964E-002  0.85404615849399645     
   4.8482283607784241E-002  0.96027207833131667     
   5.9214978228736552E-002   1.0134593506240026     
   7.2080521460213362E-002   1.0355490345608780     
   8.7419255034663218E-002   1.0411862781346530     
  0.10579667824952024        1.0399318144058454     
  0.12854808104919171       0.98289751618027654     
  0.15632078169124311        1.3200921434924533     
  0.18975741449582317        1.2421104065744104     
  0.23032868064044379        1.4384252153366974     
  0.27962368063317661        1.2312437036569430     
  0.33948762138704197        1.6157722870951714     
  0.41220775775346907        1.8680557881466859     
  0.50048824219328136        1.5945680104932320     
  0.60768816316668328        1.3459111214189157     
  0.73829232115333110        1.8275529798067833     
   6.2831853071800003E-003  -1.1880722484356694     
   8.8857658763173177E-003  0.77348058305220457     
   1.0882796185406024E-002   2.3436960709468013     
   1.2566370614360001E-002   2.7477965608470627     
   1.4781066825642925E-002   1.3506796018933067     
   1.9009758763406950E-002  0.70137981275432826     
   2.2558041930044626E-002   1.0705868703048054     
   2.7528404685550796E-002  0.91961077687437276     
   3.2924170772707526E-002   1.0923898005872845     
   3.9583345139207964E-002   1.0633192287790494     
   4.8482283607784241E-002  0.90014195647957107     
   5.9214978228736552E-002  0.84954568560700927     
   7.2080521460213362E-002  0.99890822333109641     
   8.7419255034663218E-002   1.0936333764019326     
  0.10579667824952024        1.1741969025066803     
  0.12854808104919171       0.97948665586678552     
  0.15632078169124311        1.1445695487314644     
  0.18975741449582317        1.1853521407829344     
  0.23032868064044379        1.2821287151817466     
  0.27962368063317661        1.3227418188150206     
  0.33948762138704197        1.5669995514199770     
  0.41220775775346907        1.2800412899275906     
  0.50048824219328136       0.79281068929532383     
  0.60768816316668328        1.1884765518090510     
  0.73829232115333110       0.78463897642890557     
   6.2831853071800003E-003  0.91404151574360826     
   8.8857658763173177E-003 -0.53543069115031272     
   1.0882796185406024E-002   2.3297350798001752     
   1.2566370614360001E-002 -0.86620222850787221     
   1.4781066825642925E-002   1.7446861486391709     
   1.9009758763406950E-002  0.79812757642042198     
   2.2558041930044626E-002   1.1777674335063568     
   2.7528404685550796E-002  0.54317104489659807     
   3.2924170772707526E-002  0.78447231723914590     
   3.9583345139207964E-002   1.1279316305464293     
   4.8482283607784241E-002   1.0392150853401541     
   5.9214978228736552E-002  0.79083708817443532     
   7.2080521460213362E-002   1.2314042664447911     
   8.7419255034663218E-002   1.0435468251458313     
  0.10579667824952024       0.97907769305204484     
  0.12854808104919171       0.97135721552502707     
  0.15632078169124311        1.5467365433923901     
  0.18975741449582317        1.0734591951400867     
  0.23032868064044379        1.3296008265206263     
  0.27962368063317661       0.47757856213977995     
  0.33948762138704197       0.86258936184045831     
  0.41220775775346907       0.28095834817150145     
  0.50048824219328136       0.61268996221311212     
  0.60768816316668328      -0.48448791011151193     
  0.73829232115333110      -0.70548377905659998     
   6.2831853071800003E-003  -5.7182695877782769E-002
   8.8857658763173177E-003   4.9903306646476056     
   1.0882796185406024E-002 -0.20769269629613224     
   1.2566370614360001E-002  -2.7037838298862340     
   1.4781066825642925E-002  0.40806868166984950     
   1.9009758763406950E-002  0.65394484131302488     
   2.2558041930044626E-002   2.6449040771291621     
   2.7528404685550796E-002  0.59754600287521020     
   3.2924170772707526E-002   1.5912172053442841     
   3.9583345139207964E-002  0.98594168824756501     
   4.8482283607784241E-002   1.1404352978452008     
   5.9214978228736552E-002  0.52288001179120658     
   7.2080521460213362E-002  0.51728636634218994     
   8.7419255034663218E-002   1.4311970943509713     
  0.10579667824952024        1.3243056702086440     
  0.12854808104919171        1.1122665351100265     
  0.15632078169124311        1.1108811963990901     
  0.18975741449582317        1.6302419869677469     
  0.23032868064044379        1.2784750342636972     
  0.27962368063317661        1.8239288739473121     
  0.33948762138704197        1.2518549637603424     
  0.41220775775346907       0.24898726672250515     
  0.50048824219328136       0.21046202363228153     
  0.60768816316668328      -0.60381578051400098     
  0.73829232115333110        1.4066409644687783     
   6.2831853071800003E-003   2.6281347456585356     
   8.8857658763173177E-003  0.97965979990648577     
   1.0882796185406024E-002   1.7365190777857298     
   1.2566370614360001E-002   2.7495165316543551     
   1.4781066825642925E-002   1.2493625152225272     
   1.9009758763406950E-002   1.0227770209081586     
   2.2558041930044626E-002   1.0315350113488877     
   2.7528404685550796E-002  0.97271584367256181     
   3.2924170772707526E-002   1.1195382333767778     
   3.9583345139207964E-002  0.99796039220534916     
   4.8482283607784241E-002  0.83779636587125117     
   5.9214978228736552E-002  0.95834731533796880     
   7.2080521460213362E-002  0.91700619809261852     
   8.7419255034663218E-002  0.94185041517220736     
  0.10579667824952024       0.97269505495986108     
  0.12854808104919171       0.85122252029069911     
  0.15632078169124311       0.94651435280003193     
  0.18975741449582317       0.98243773450979843     
  0.23032868064044379        1.0144542728206631     
  0.27962368063317661        1.0796862959695437     
  0.33948762138704197        1.1345643114808623     
  0.41220775775346907        1.2664570746497157     
  0.50048824219328136        1.3003927230189272     
  0.60768816316668328        1.3186556294937255     
  0.73829232115333110        1.2600913706921717     
   6.2831853071800003E-003   2.5580936144521256     
   8.8857658763173177E-003   1.0096301987018284     
   1.0882796185406024E-002   1.5550252051244271     
   1.2566370614360001E-002   2.7657260961226742     
   1.4781066825642925E-002   1.2840916750381637     
   1.9009758763406950E-002   1.0758495817239948     
   2.2558041930044626E-002  0.92611163989783141     
   2.7528404685550796E-002  0.91159303885622323     
   3.2924170772707526E-002   1.1849612554585689     
   3.9583345139207964E-002   1.0427699224313691     
   4.8482283607784241E-002  0.87266193910380019     
   5.9214978228736552E-002  0.93472711545459630     
   7.2080521460213362E-002  0.90941510258664460     
   8.7419255034663218E-002  0.96206193837088805     
  0.10579667824952024       0.98029088474441517     
  0.12854808104919171       0.85247172446840547     
  0.15632078169124311       0.96396714456002086     
  0.18975741449582317       0.96387328306352049     
  0.23032868064044379       0.96756309461818613     
  0.27962368063317661        1.0088377169891927     
  0.33948762138704197        1.0545306037370816     
  0.41220775775346907        1.1051443176066473     
  0.50048824219328136       0.94056013670156957     
  0.60768816316668328       0.82911836589834442     
  0.73829232115333110       0.60487396073173560     
   6.2831853071800003E-003   1.4478400947419914     
   8.8857658763173177E-003   1.5792446946792673     
   1.0882796185406024E-002   1.1868098277966805     
   1.2566370614360001E-002   3.4440953889719990     
   1.4781066825642925E-002   1.2526953278114810     
   1.9009758763406950E-002  0.98678430207819268     
   2.2558041930044626E-002   1.0563745112767087     
   2.7528404685550796E-002  0.86753311488474205     
   3.2924170772707526E-002   1.1204026551103379     
   3.9583345139207964E-002   1.0754097502782098     
   4.8482283607784241E-002  0.82982311500985850     
   5.9214978228736552E-002  0.92043308900406029     
   7.2080521460213362E-002  0.91368960102225849     
   8.7419255034663218E-002  0.93333924146304026     
  0.10579667824952024       0.99237619430402879     
  0.12854808104919171       0.78102283896972835     
  0.15632078169124311       0.92406932893834970     
  0.18975741449582317       0.99878191826677298     
  0.23032868064044379        1.0407051719801028     
  0.27962368063317661        1.1644698424649220     
  0.33948762138704197        1.0510464551123491     
  0.41220775775346907        1.0878235764119890     
  0.50048824219328136       0.82029030595127617     
  0.60768816316668328       0.69469403495915494     
  0.73829232115333110       0.29593756075094774     
   6.2831853071800003E-003   2.5868518395535327     
   8.8857658763173177E-003   1.1789730770574374     
   1.0882796185406024E-002   2.1777125757300477     
   1.2566370614360001E-002   1.1128387896961076     
   1.4781066825642925E-002   1.0653562838809758     
   1.9009758763406950E-002  0.68108860374612823     
   2.2558041930044626E-002  0.98686430096248934     
   2.7528404685550796E-002  0.84792475020799718     
   3.2924170772707526E-002   1.0140990551107720     
   3.9583345139207964E-002   1.0692470577413851     
   4.8482283607784241E-002  0.97445910316940454     
   5.9214978228736552E-002  0.94487513014017899     
   7.2080521460213362E-002  0.99762007641137640     
   8.7419255034663218E-002  0.87623253426197822     
  0.10579667824952024        1.0894436510538954     
  0.12854808104919171       0.89584908440953126     
  0.15632078169124311        1.1888259820430278     
  0.18975741449582317        1.0514099236596355     
  0.23032868064044379        1.1343107533111920     
  0.27962368063317661        1.2262371911415197     
  0.33948762138704197        1.2911994368835005     
  0.41220775775346907        1.1501906606602945     
  0.50048824219328136        1.3434028663472697     
  0.60768816316668328        1.0769138825903850     
  0.73829232115333110       0.96619031958083490     
   6.2831853071800003E-003  -1.1880722484356694     
   8.8857658763173177E-003  0.77348058305220457     
   1.0882796185406024E-002   2.3436960709468013     
   1.2566370614360001E-002   2.7477965608470627     
   1.4781066825642925E-002   1.3506796018933067     
   1.9009758763406950E-002  0.70137981275432826     
   2.2558041930044626E-002   1.0705868703048054     
   2.7528404685550796E-002  0.91961077687437276     
   3.2924170772707526E-002   1.0923898005872845     
   3.9583345139207964E-002   1.0633192287790494     
   4.8482283607784241E-002  0.90014195647957107     
   5.9214978228736552E-002  0.84954568560700927     
   7.2080521460213362E-002  0.99890822333109641     
   8.7419255034663218E-002   1.0936333764019326     
  0.10579667824952024        1.1741969025066803     
  0.12854808104919171       0.97948665586678552     
  0.15632078169124311        1.1445695487314644     
  0.18975741449582317        1.1853521407829344     
  0.23032868064044379        1.2821287151817466     
  0.27962368063317661        1.3227418188150206     
  0.33948762138704197        1.5669995514199770     
  0.41220775775346907        1.2800412899275906     
  0.50048824219328136       0.79281068929532383     
  0.60768816316668328        1.1884765518090510     
  0.73829232115333110       0.78463897642890557     
   6.2831853071800003E-003   4.4711337439329881     
   8.8857658763173177E-003  0.60067610034174179     
   1.0882796185406024E-002   1.4556668046429417     
   1.2566370614360001E-002   4.9908010567600360     
   1.4781066825642925E-002   1.4490115683734781     
   1.9009758763406950E-002  0.76747528484612826     
   2.2558041930044626E-002   1.3906722751081351     
   2.7528404685550796E-002  0.73175617416632277     
   3.2924170772707526E-002   1.0550962221486258     
   3.9583345139207964E-002  0.80287849571181868     
   4.8482283607784241E-002  0.82645348687692732     
   5.9214978228736552E-002  0.77754759966202303     
   7.2080521460213362E-002   1.0911112194899382     
   8.7419255034663218E-002  0.76739597743015631     
  0.10579667824952024        1.2779545532640806     
  0.12854808104919171       0.68099534029131470     
  0.15632078169124311       0.82515275953034761     
  0.18975741449582317       0.84960229258631959     
  0.23032868064044379        1.0934645747594827     
  0.27962368063317661        1.4190568629955256     
  0.33948762138704197        1.2951281603405755     
  0.41220775775346907        1.2910396735261416     
  0.50048824219328136        1.1419490045619698     
  0.60768816316668328        2.9823024741677906     
  0.73829232115333110        7.0568841631763366     
   6.2831853071800003E-003  -4.4179032651529448     
   8.8857658763173177E-003   2.9383919870123214     
   1.0882796185406024E-002   2.5767149169066053     
   1.2566370614360001E-002  -1.2750575950759867E-002
   1.4781066825642925E-002   1.1172797206244023     
   1.9009758763406950E-002   1.1906837573368956     
   2.2558041930044626E-002   1.1237222579120252     
   2.7528404685550796E-002  0.49239143693297288     
   3.2924170772707526E-002  0.87258436177958432     
   3.9583345139207964E-002  0.71046728636905088     
   4.8482283607784241E-002   1.2775542234882022     
   5.9214978228736552E-002  0.78654674831874238     
   7.2080521460213362E-002   1.0795916784822053     
   8.7419255034663218E-002  0.79932780228079880     
  0.10579667824952024        1.1414975028948022     
  0.12854808104919171        1.1366316202000486     
  0.15632078169124311        1.3172109521826287     
  0.18975741449582317        1.0461239647997962     
  0.23032868064044379       0.82263796150079360     
  0.27962368063317661       0.84241405903973188     
  0.33948762138704197        1.6636313436690511     
  0.41220775775346907        2.1973353084870051     
  0.50048824219328136        1.4202929006890799     
  0.60768816316668328        1.4555825701288312     
  0.73829232115333110       0.67814652827753452     
   6.2831853071800003E-003   4.0828221104037397     
   8.8857658763173177E-003  -2.2653868503594530     
   1.0882796185406024E-002  -1.8414842143150338     
   1.2566370614360001E-002   3.0915786511408658     
   1.4781066825642925E-002   1.3421555196019532     
   1.9009758763406950E-002  0.24489152316625271     
   2.2558041930044626E-002 -0.38388803030207841     
   2.7528404685550796E-002  0.24713941070405851     
   3.2924170772707526E-002   1.1274059679775270     
   3.9583345139207964E-002  0.79577314450035164     
   4.8482283607784241E-002  -4.1773096980190542E-002
   5.9214978228736552E-002  0.95904095002303091     
   7.2080521460213362E-002  0.50312628428477990     
   8.7419255034663218E-002  0.73411627168064064     
  0.10579667824952024       0.62145257398140774     
  0.12854808104919171        1.0924064088964969     
  0.15632078169124311        1.4915680706594265     
  0.18975741449582317        2.7170599917477469     
  0.23032868064044379        2.8986395982243724     
  0.27962368063317661        2.9076473509710090     
  0.33948762138704197        2.5093862421548518     
  0.41220775775346907        2.5256084236225531     
  0.50048824219328136        2.1728000591834777     
  0.60768816316668328        2.4525081529286297     
  0.73829232115333110        2.8160153039629674     
   6.2831853071800003E-003  -1.3390713404271732     
   8.8857658763173177E-003  0.38763644329936120     
   1.0882796185406024E-002   2.2344495792767494     
   1.2566370614360001E-002   1.0039042254803348     
   1.4781066825642925E-002   1.4380202023678983     
   1.9009758763406950E-002   1.4586001911606985     
   2.2558041930044626E-002   1.1416340028806122     
   2.7528404685550796E-002  0.87090510020217982     
   3.2924170772707526E-002  0.74690953966501050     
   3.9583345139207964E-002   1.1451464984772972     
   4.8482283607784241E-002   1.1051937211124625     
   5.9214978228736552E-002  0.84923801186793857     
   7.2080521460213362E-002  0.97579224566818401     
   8.7419255034663218E-002  0.85647250143178466     
  0.10579667824952024       0.78743050908326817     
  0.12854808104919171       0.89334584699546782     
  0.15632078169124311       0.91197593356192985     
  0.18975741449582317       0.77540466817282394     
  0.23032868064044379        1.0404316679521304     
  0.27962368063317661        1.0362117658806684     
  0.33948762138704197        1.1368724420027512     
  0.41220775775346907        1.1227003686120414     
  0.50048824219328136        1.0685221700275840     
  0.60768816316668328       0.98878571194075282     
  0.73829232115333110       0.77626154730110142     
   6.2831853071800003E-003  -1.3154872033572640     
   8.8857658763173177E-003  0.37732928486370315     
   1.0882796185406024E-002   2.1285135822838734     
   1.2566370614360001E-002   1.1304298949650027     
   1.4781066825642925E-002   1.4517119911857739     
   1.9009758763406950E-002   1.4970029352504242     
   2.2558041930044626E-002   1.2760758675435726     
   2.7528404685550796E-002  0.83937150016267381     
   3.2924170772707526E-002  0.70817290714876879     
   3.9583345139207964E-002   1.2040512037256896     
   4.8482283607784241E-002   1.1244658565712735     
   5.9214978228736552E-002  0.89374451875442162     
   7.2080521460213362E-002  0.90049334280152182     
   8.7419255034663218E-002  0.83265559367992092     
  0.10579667824952024       0.74634608238844136     
  0.12854808104919171       0.79112262440026093     
  0.15632078169124311       0.92787711627974001     
  0.18975741449582317       0.63040232349400871     
  0.23032868064044379       0.86960855910265500     
  0.27962368063317661       0.88158902785909210     
  0.33948762138704197       0.87369924423136314     
  0.41220775775346907       0.96007478471212626     
  0.50048824219328136       0.75363241436784367     
  0.60768816316668328       0.90787070905505163     
  0.73829232115333110       0.62918756127978770     
   6.2831853071800003E-003 -0.44810990524731908     
   8.8857658763173177E-003  0.46049809064837360     
   1.0882796185406024E-002   1.3149353236457264     
   1.2566370614360001E-002  0.63774769498378958     
   1.4781066825642925E-002   1.1771384069324444     
   1.9009758763406950E-002   1.7742395912567961     
   2.2558041930044626E-002   1.0515527168267347     
   2.7528404685550796E-002  0.94167995132029358     
   3.2924170772707526E-002  0.79237741730686795     
   3.9583345139207964E-002   1.2195262792567401     
   4.8482283607784241E-002  0.91197504514590366     
   5.9214978228736552E-002  0.93736408963915785     
   7.2080521460213362E-002   1.0010190360549913     
   8.7419255034663218E-002  0.84020246754114303     
  0.10579667824952024       0.74758208066201737     
  0.12854808104919171       0.81091056469158174     
  0.15632078169124311       0.85053065068937106     
  0.18975741449582317       0.73213674798169237     
  0.23032868064044379       0.90033805085129115     
  0.27962368063317661        1.0186792175437012     
  0.33948762138704197       0.93154189064662274     
  0.41220775775346907        1.0599151735802810     
  0.50048824219328136       0.83544994268071560     
  0.60768816316668328        1.0550443281481636     
  0.73829232115333110       0.93493542540654850     
   6.2831853071800003E-003  -1.4897684518483574     
   8.8857658763173177E-003 -0.64898636958703548     
   1.0882796185406024E-002   3.2680982522062791     
   1.2566370614360001E-002 -0.70906330019993713     
   1.4781066825642925E-002   1.1064185907870947     
   1.9009758763406950E-002  0.92235916863873302     
   2.2558041930044626E-002   1.1517453954489225     
   2.7528404685550796E-002  0.83080805432134963     
   3.2924170772707526E-002  0.72345573368546434     
   3.9583345139207964E-002   1.2312388531549423     
   4.8482283607784241E-002  0.84264789672176432     
   5.9214978228736552E-002   1.0998729879063354     
   7.2080521460213362E-002  0.92242120194680965     
   8.7419255034663218E-002  0.80701338377361420     
  0.10579667824952024        1.0086892823887532     
  0.12854808104919171        1.0493422359085491     
  0.15632078169124311        1.2173197832025631     
  0.18975741449582317       0.79960323504068986     
  0.23032868064044379        1.2518603448319965     
  0.27962368063317661       0.77216799760722732     
  0.33948762138704197       0.66962546478214802     
  0.41220775775346907       0.46061400354627374     
  0.50048824219328136       0.35200389941076243     
  0.60768816316668328       0.30176179903492706     
  0.73829232115333110       0.46378049333061638     
   6.2831853071800003E-003  0.91404151574360826     
   8.8857658763173177E-003 -0.53543069115031272     
   1.0882796185406024E-002   2.3297350798001752     
   1.2566370614360001E-002 -0.86620222850787221     
   1.4781066825642925E-002   1.7446861486391709     
   1.9009758763406950E-002  0.79812757642042198     
   2.2558041930044626E-002   1.1777674335063568     
   2.7528404685550796E-002  0.54317104489659807     
   3.2924170772707526E-002  0.78447231723914590     
   3.9583345139207964E-002   1.1279316305464293     
   4.8482283607784241E-002   1.0392150853401541     
   5.9214978228736552E-002  0.79083708817443532     
   7.2080521460213362E-002   1.2314042664447911     
   8.7419255034663218E-002   1.0435468251458313     
  0.10579667824952024       0.97907769305204484     
  0.12854808104919171       0.97135721552502707     
  0.15632078169124311        1.5467365433923901     
  0.18975741449582317        1.0734591951400867     
  0.23032868064044379        1.3296008265206263     
  0.27962368063317661       0.47757856213977995     
  0.33948762138704197       0.86258936184045831     
  0.41220775775346907       0.28095834817150145     
  0.50048824219328136       0.61268996221311212     
  0.60768816316668328      -0.48448791011151193     
  0.73829232115333110      -0.70548377905659998     
   6.2831853071800003E-003  -4.4179032651529448     
   8.8857658763173177E-003   2.9383919870123214     
   1.0882796185406024E-002   2.5767149169066053     
   1.2566370614360001E-002  -1.2750575950759867E-002
   1.4781066825642925E-002   1.1172797206244023     
   1.9009758763406950E-002   1.1906837573368956     
   2.2558041930044626E-002   1.1237222579120252     
   2.7528404685550796E-002  0.49239143693297288     
   3.2924170772707526E-002  0.87258436177958432     
   3.9583345139207964E-002  0.71046728636905088     
   4.8482283607784241E-002   1.2775542234882022     
   5.9214978228736552E-002  0.78654674831874238     
   7.2080521460213362E-002   1.0795916784822053     
   8.7419255034663218E-002  0.79932780228079880     
  0.10579667824952024        1.1414975028948022     
  0.12854808104919171        1.1366316202000486     
  0.15632078169124311        1.3172109521826287     
  0.18975741449582317        1.0461239647997962     
  0.23032868064044379       0.82263796150079360     
  0.27962368063317661       0.84241405903973188     
  0.33948762138704197        1.6636313436690511     
  0.41220775775346907        2.1973353084870051     
  0.50048824219328136        1.4202929006890799     
  0.60768816316668328        1.4555825701288312     
  0.73829232115333110       0.67814652827753452     
   6.2831853071800003E-003  -9.2959134737373414     
   8.8857658763173177E-003   2.2874750331239770     
   1.0882796185406024E-002  0.28291948358487201     
   1.2566370614360001E-002  -6.9559340904989027     
   1.4781066825642925E-002   2.4650553101132560     
   1.9009758763406950E-002   3.9320162373715291     
   2.2558041930044626E-002   2.1111245893237203     
   2.7528404685550796E-002 -0.37897860263125172     
   3.2924170772707526E-002  -1.2577602859883596     
   3.9583345139207964E-002  0.59839303412023348     
   4.8482283607784241E-002  0.27886721970858203     
   5.9214978228736552E-002   1.2082457610624084     
   7.2080521460213362E-002  0.35581411308864808     
   8.7419255034663218E-002  0.95567373308716530     
  0.10579667824952024      -0.17059805546222639     
  0.12854808104919171        1.1169450109379684     
  0.15632078169124311       0.65441371601008580     
  0.18975741449582317       0.29493347690168747     
  0.23032868064044379       -4.3835488978988552E-003
  0.27962368063317661       0.10748841490080006     
  0.33948762138704197      -0.83960718787612842     
  0.41220775775346907      -0.86581406838765096     
  0.50048824219328136        4.1225469977746982     
  0.60768816316668328        12.344504547910352     
  0.73829232115333110        24.655480291001584     
   6.2831853071800003E-003  -3.0893156889090285     
   8.8857658763173177E-003  -8.9528880602823904     
   1.0882796185406024E-002  0.17924974721347769     
   1.2566370614360001E-002   4.8362588585255946     
   1.4781066825642925E-002   1.3235427119145222     
   1.9009758763406950E-002 -0.25904616269660569     
   2.2558041930044626E-002 -0.38286908435365230     
   2.7528404685550796E-002  0.18881348940767281     
   3.2924170772707526E-002   1.4233402677027351     
   3.9583345139207964E-002  0.82126657269334880     
   4.8482283607784241E-002   1.3255616769895673     
   5.9214978228736552E-002   1.0189647144484775     
   7.2080521460213362E-002  0.83202879107533467     
   8.7419255034663218E-002  0.44879230584532642     
  0.10579667824952024        1.4484515987192621     
  0.12854808104919171       0.77898312954777793     
  0.15632078169124311       0.78962224956000349     
  0.18975741449582317       0.41667768769669383     
  0.23032868064044379        1.0616816936233027     
  0.27962368063317661      -0.32807468450274635     
  0.33948762138704197       -1.3380473056908921     
  0.41220775775346907       -2.0328848498766807     
  0.50048824219328136       -1.6476476196759098     
  0.60768816316668328        1.6458517018211754     
  0.73829232115333110        2.4946624351696269     
   6.2831853071800003E-003  -1.1487505212954627     
   8.8857658763173177E-003   1.4042607764094495     
   1.0882796185406024E-002  0.30039383178532497     
   1.2566370614360001E-002   5.6446166237204665     
   1.4781066825642925E-002  0.21682799184970153     
   1.9009758763406950E-002  0.56891634828947968     
   2.2558041930044626E-002   1.4723142441532791     
   2.7528404685550796E-002  0.73517448259812057     
   3.2924170772707526E-002   1.6153443496700313     
   3.9583345139207964E-002   1.3057158974424756     
   4.8482283607784241E-002  0.92097570972653031     
   5.9214978228736552E-002  0.77514481816642500     
   7.2080521460213362E-002  0.90719865232148045     
   8.7419255034663218E-002  0.97961455451292112     
  0.10579667824952024        1.1512493855107431     
  0.12854808104919171       0.87472906428980757     
  0.15632078169124311        1.0609506885129221     
  0.18975741449582317        1.0056342680793349     
  0.23032868064044379       0.93195632275468676     
  0.27962368063317661        1.2073954603452735     
  0.33948762138704197       0.96770226751412458     
  0.41220775775346907        1.2054457209154152     
  0.50048824219328136        1.3801203215183016     
  0.60768816316668328        1.1916846309845361     
  0.73829232115333110       0.81308683627964351     
   6.2831853071800003E-003  -1.4302121266460970     
   8.8857658763173177E-003   1.5528948002753835     
   1.0882796185406024E-002  0.70167078130100013     
   1.2566370614360001E-002   4.3072385730570888     
   1.4781066825642925E-002  0.52249733519735686     
   1.9009758763406950E-002  0.64919753876840158     
   2.2558041930044626E-002   1.4758555114342702     
   2.7528404685550796E-002  0.76745792716750127     
   3.2924170772707526E-002   1.5189352210174032     
   3.9583345139207964E-002   1.4498880716738800     
   4.8482283607784241E-002   1.0623823175761491     
   5.9214978228736552E-002  0.62151371037729564     
   7.2080521460213362E-002  0.80351215108522522     
   8.7419255034663218E-002   1.0032399289419838     
  0.10579667824952024        1.0313916591054522     
  0.12854808104919171       0.84605912344447298     
  0.15632078169124311        1.0212700007976074     
  0.18975741449582317       0.89877819678557413     
  0.23032868064044379       0.72734583775625528     
  0.27962368063317661       0.91798332333029520     
  0.33948762138704197       0.94532468176607298     
  0.41220775775346907       0.78139069803522543     
  0.50048824219328136       0.77167925602901244     
  0.60768816316668328       0.40403838267982628     
  0.73829232115333110       0.34473889413074921     
   6.2831853071800003E-003  -2.1767746525163680     
   8.8857658763173177E-003   1.0431716487234868     
   1.0882796185406024E-002  0.63261121101820628     
   1.2566370614360001E-002   4.4600316061440042     
   1.4781066825642925E-002  0.49436879292614999     
   1.9009758763406950E-002 -0.22436286293187235     
   2.2558041930044626E-002   1.1493158149003921     
   2.7528404685550796E-002  0.74718738603784807     
   3.2924170772707526E-002   1.7503692806805116     
   3.9583345139207964E-002   1.3699740165206331     
   4.8482283607784241E-002  0.62814380288809235     
   5.9214978228736552E-002  0.50347094687545235     
   7.2080521460213362E-002  0.97463409665439893     
   8.7419255034663218E-002  0.65619081920018485     
  0.10579667824952024       0.96660747799926594     
  0.12854808104919171       0.84888180197072449     
  0.15632078169124311       0.81071878391538943     
  0.18975741449582317       0.72025611896238451     
  0.23032868064044379       0.67557942230268841     
  0.27962368063317661       0.89521393370229674     
  0.33948762138704197       0.61181750571234894     
  0.41220775775346907       -7.9937456921291172E-002
  0.50048824219328136       -2.3214869525522215E-002
  0.60768816316668328      -0.36779658950494593     
  0.73829232115333110       -8.2345085462529138E-002
   6.2831853071800003E-003   8.4273040602492900E-003
   8.8857658763173177E-003   3.8520346607906233     
   1.0882796185406024E-002 -0.47689376756940594     
   1.2566370614360001E-002  0.69070977530586253     
   1.4781066825642925E-002  0.13682754614402670     
   1.9009758763406950E-002  0.24493990373340219     
   2.2558041930044626E-002   1.4559303890875372     
   2.7528404685550796E-002  0.77230235822324478     
   3.2924170772707526E-002   1.6041257522595911     
   3.9583345139207964E-002   1.2230121678529482     
   4.8482283607784241E-002   1.1649944278555029     
   5.9214978228736552E-002  0.97386753463117381     
   7.2080521460213362E-002   1.0536777994199316     
   8.7419255034663218E-002   1.1139751024898079     
  0.10579667824952024        1.0166674963027746     
  0.12854808104919171       0.45356387001781540     
  0.15632078169124311       0.70704059709140965     
  0.18975741449582317        1.0175978233210126     
  0.23032868064044379       0.86079148332344924     
  0.27962368063317661        1.4330926649096865     
  0.33948762138704197       0.68255397258312955     
  0.41220775775346907       0.53068527535388332     
  0.50048824219328136        1.4888456014251550     
  0.60768816316668328        1.1208280779849642     
  0.73829232115333110      -0.73190396039009631     
   6.2831853071800003E-003  -5.7182695877782769E-002
   8.8857658763173177E-003   4.9903306646476056     
   1.0882796185406024E-002 -0.20769269629613224     
   1.2566370614360001E-002  -2.7037838298862340     
   1.4781066825642925E-002  0.40806868166984950     
   1.9009758763406950E-002  0.65394484131302488     
   2.2558041930044626E-002   2.6449040771291621     
   2.7528404685550796E-002  0.59754600287521020     
   3.2924170772707526E-002   1.5912172053442841     
   3.9583345139207964E-002  0.98594168824756501     
   4.8482283607784241E-002   1.1404352978452008     
   5.9214978228736552E-002  0.52288001179120658     
   7.2080521460213362E-002  0.51728636634218994     
   8.7419255034663218E-002   1.4311970943509713     
  0.10579667824952024        1.3243056702086440     
  0.12854808104919171        1.1122665351100265     
  0.15632078169124311        1.1108811963990901     
  0.18975741449582317        1.6302419869677469     
  0.23032868064044379        1.2784750342636972     
  0.27962368063317661        1.8239288739473121     
  0.33948762138704197        1.2518549637603424     
  0.41220775775346907       0.24898726672250515     
  0.50048824219328136       0.21046202363228153     
  0.60768816316668328      -0.60381578051400098     
  0.73829232115333110        1.4066409644687783     
   6.2831853071800003E-003   4.0828221104037397     
   8.8857658763173177E-003  -2.2653868503594530     
   1.0882796185406024E-002  -1.8414842143150338     
   1.2566370614360001E-002   3.0915786511408658     
   1.4781066825642925E-002   1.3421555196019532     
   1.9009758763406950E-002  0.24489152316625271     
   2.2558041930044626E-002 -0.38388803030207841     
   2.7528404685550796E-002  0.24713941070405851     
   3.2924170772707526E-002   1.1274059679775270     
   3.9583345139207964E-002  0.79577314450035164     
   4.8482283607784241E-002  -4.1773096980190542E-002
   5.9214978228736552E-002  0.95904095002303091     
   7.2080521460213362E-002  0.50312628428477990     
   8.7419255034663218E-002  0.73411627168064064     
  0.10579667824952024       0.62145257398140774     
  0.12854808104919171        1.0924064088964969     
  0.15632078169124311        1.4915680706594265     
  0.18975741449582317        2.7170599917477469     
  0.23032868064044379        2.8986395982243724     
  0.27962368063317661        2.9076473509710090     
  0.33948762138704197        2.5093862421548518     
  0.41220775775346907        2.5256084236225531     
  0.50048824219328136        2.1728000591834777     
  0.60768816316668328        2.4525081529286297     
  0.73829232115333110        2.8160153039629674     
   6.2831853071800003E-003  -3.0893156889090285     
   8.8857658763173177E-003  -8.9528880602823904     
   1.0882796185406024E-002  0.17924974721347769     
   1.2566370614360001E-002   4.8362588585255946     
   1.4781066825642925E-002   1.3235427119145222     
   1.9009758763406950E-002 -0.25904616269660569     
   2.2558041930044626E-002 -0.38286908435365230     
   2.7528404685550796E-002  0.18881348940767281     
   3.2924170772707526E-002   1.4233402677027351     
   3.9583345139207964E-002  0.82126657269334880     
   4.8482283607784241E-002   1.3255616769895673     
   5.9214978228736552E-002   1.0189647144484775     
   7.2080521460213362E-002  0.83202879107533467     
   8.7419255034663218E-002  0.44879230584532642     
  0.10579667824952024        1.4484515987192621     
  0.12854808104919171       0.77898312954777793     
  0.15632078169124311       0.78962224956000349     
  0.18975741449582317       0.41667768769669383     
  0.23032868064044379        1.0616816936233027     
  0.27962368063317661      -0.32807468450274635     
  0.33948762138704197       -1.3380473056908921     
  0.41220775775346907       -2.0328848498766807     
  0.50048824219328136       -1.6476476196759098     
  0.60768816316668328        1.6458517018211754     
  0.73829232115333110        2.4946624351696269     
   6.2831853071800003E-003  -1.6538633071612021     
   8.8857658763173177E-003   3.2606437790804024     
   1.0882796185406024E-002  0.18175012909586571     
   1.2566370614360001E-002   6.6547577355372027     
   1.4781066825642925E-002 -0.51874017501662095     
   1.9009758763406950E-002  0.83822551158625092     
   2.2558041930044626E-002   3.0089847462397303     
   2.7528404685550796E-002  0.40349139619819457     
   3.2924170772707526E-002   1.7171967275707705     
   3.9583345139207964E-002   9.9276127173411402E-002
   4.8482283607784241E-002  0.34859415894290813     
   5.9214978228736552E-002  -2.6760701062099056E-002
   7.2080521460213362E-002 -0.38593416499283906     
   8.7419255034663218E-002 -0.52434453085173216     
  0.10579667824952024      -0.82218221718435658     
  0.12854808104919171       0.61453147139836062     
  0.15632078169124311       0.68605701590390411     
  0.18975741449582317      -0.20807552210021418     
  0.23032868064044379        1.7515694560659134     
  0.27962368063317661       0.55192311821074769     
  0.33948762138704197        3.9310301107570349     
  0.41220775775346907        8.0266561848324045     
  0.50048824219328136        18.512707110600900     
  0.60768816316668328        42.744432987716166     
  0.73829232115333110        105.07318766027257     
