   6.2831853071800003E-003   1.1735897323346995     
   8.8857658763173177E-003  0.88769650935736988     
   1.0882796185406024E-002   1.0010378538126274     
   1.2566370614360001E-002   1.2407430583960981     
   1.4781066825642925E-002  0.93764621759630218     
   1.9009758763406950E-002   1.0923142439816309     
   2.2558041930044626E-002   1.0601692319512219     
   2.7528404685550796E-002   1.0134471809402581     
   3.2924170772707526E-002  0.97289375612294593     
   3.9583345139207964E-002  0.98899845067728820     
   4.8482283607784241E-002   1.0231698020156601     
   5.9214978228736552E-002  0.98115884999721048     
   7.2080521460213362E-002  0.99581453804152276     
   8.7419255034663218E-002   1.0208394337164555     
  0.10579667824952024        1.0597103825008694     
  0.12854808104919171       0.97998218584098096     
  0.15632078169124311        1.1089789131705172     
  0.18975741449582317        1.0639082070772419     
  0.23032868064044379        1.1779240690769628     
  0.27962368063317661        1.2491294532710187     
  0.33948762138704197        1.3305864430362102     
  0.41220775775346907        1.4566152834531396     
  0.50048824219328136        1.5970206043447168     
  0.60768816316668328        1.7782733192308144     
  0.73829232115333110        1.9968739968441065     
   6.2831853071800003E-003   1.1204451188490077     
   8.8857658763173177E-003  0.89876133569386918     
   1.0882796185406024E-002  0.90612165721403604     
   1.2566370614360001E-002   1.1642052941846737     
   1.4781066825642925E-002  0.95360354382030665     
   1.9009758763406950E-002   1.0899390836480740     
   2.2558041930044626E-002   1.0394889135975725     
   2.7528404685550796E-002   1.0347185555612486     
   3.2924170772707526E-002  0.97005423355452103     
   3.9583345139207964E-002   1.0143272741308849     
   4.8482283607784241E-002   1.0187936753400901     
   5.9214978228736552E-002  0.97352898033993385     
   7.2080521460213362E-002  0.99630865452246498     
   8.7419255034663218E-002   1.0232004947308171     
  0.10579667824952024        1.0655493494946462     
  0.12854808104919171       0.98134831399762901     
  0.15632078169124311        1.1064482117678822     
  0.18975741449582317        1.0675494683538385     
  0.23032868064044379        1.1774092831217937     
  0.27962368063317661        1.2593558242543657     
  0.33948762138704197        1.3425752864567833     
  0.41220775775346907        1.4606895776359730     
  0.50048824219328136        1.5914770807602845     
  0.60768816316668328        1.7593407060398929     
  0.73829232115333110        1.9585231124807048     
   6.2831853071800003E-003   1.0759682066135170     
   8.8857658763173177E-003   1.1572767612949275     
   1.0882796185406024E-002  0.67983887012251676     
   1.2566370614360001E-002   1.2394984421441719     
   1.4781066825642925E-002  0.98702981967027392     
   1.9009758763406950E-002   1.0510270869403604     
   2.2558041930044626E-002   1.0605072902197303     
   2.7528404685550796E-002   1.0201236998372269     
   3.2924170772707526E-002   1.0126363122204083     
   3.9583345139207964E-002  0.98098936330102959     
   4.8482283607784241E-002   1.0196335618003898     
   5.9214978228736552E-002  0.98780255152099505     
   7.2080521460213362E-002  0.99028335369161857     
   8.7419255034663218E-002   1.0085432482068430     
  0.10579667824952024        1.0511337189815513     
  0.12854808104919171       0.97044229430746509     
  0.15632078169124311        1.0854782695524305     
  0.18975741449582317        1.0464636475525328     
  0.23032868064044379        1.1474857414253681     
  0.27962368063317661        1.2340544058128056     
  0.33948762138704197        1.3006957397036840     
  0.41220775775346907        1.4112131061983983     
  0.50048824219328136        1.5361468836435617     
  0.60768816316668328        1.6970280168391261     
  0.73829232115333110        1.8661285992303496     
   6.2831853071800003E-003  0.81770651355413915     
   8.8857658763173177E-003   1.3755381465143910     
   1.0882796185406024E-002   1.1168398476199675     
   1.2566370614360001E-002  0.54009877582126709     
   1.4781066825642925E-002  0.86607335387096351     
   1.9009758763406950E-002   1.0430747826190359     
   2.2558041930044626E-002  0.98118398033417664     
   2.7528404685550796E-002   1.0344662161303939     
   3.2924170772707526E-002   1.0300729699241913     
   3.9583345139207964E-002   1.0064370901621178     
   4.8482283607784241E-002   1.0481881947557055     
   5.9214978228736552E-002   1.0053744432046323     
   7.2080521460213362E-002  0.99797023642194893     
   8.7419255034663218E-002  0.97458409828564185     
  0.10579667824952024        1.0157634787131098     
  0.12854808104919171       0.94558321111496879     
  0.15632078169124311        1.0729290536114269     
  0.18975741449582317        1.0186408381493350     
  0.23032868064044379        1.1303725734343342     
  0.27962368063317661        1.2079336666322473     
  0.33948762138704197        1.2736898838594877     
  0.41220775775346907        1.3930424004925037     
  0.50048824219328136        1.5242042383648746     
  0.60768816316668328        1.6613061956845334     
  0.73829232115333110        1.7797557773963657     
   6.2831853071800003E-003   1.0117455201099992     
   8.8857658763173177E-003  0.91190031669331129     
   1.0882796185406024E-002   1.5919169490967535     
   1.2566370614360001E-002  0.40802357425564972     
   1.4781066825642925E-002   1.1606917942624282     
   1.9009758763406950E-002   1.0097799047632523     
   2.2558041930044626E-002   1.1855149321503766     
   2.7528404685550796E-002   1.0310249729114542     
   3.2924170772707526E-002  0.98506463123657739     
   3.9583345139207964E-002   1.0781545952558558     
   4.8482283607784241E-002   1.0716587214168387     
   5.9214978228736552E-002   1.0466358314322808     
   7.2080521460213362E-002   1.0925995569401319     
   8.7419255034663218E-002   1.0616648687899679     
  0.10579667824952024        1.0448407478644901     
  0.12854808104919171       0.94434741965008639     
  0.15632078169124311        1.1177592398334135     
  0.18975741449582317        1.0867927316619483     
  0.23032868064044379        1.1716928979285348     
  0.27962368063317661        1.2216068315144066     
  0.33948762138704197        1.3429319926358281     
  0.41220775775346907        1.4410280888626066     
  0.50048824219328136        1.5918579807341435     
  0.60768816316668328        1.6966700235112426     
  0.73829232115333110        1.7295969734078704     
   6.2831853071800003E-003   2.3314831577226305     
   8.8857658763173177E-003  0.99709953878943258     
   1.0882796185406024E-002   1.5798300934674976     
   1.2566370614360001E-002   2.3564639404318637     
   1.4781066825642925E-002   1.2294879284938933     
   1.9009758763406950E-002   1.0978903266863531     
   2.2558041930044626E-002   1.1629335052699432     
   2.7528404685550796E-002   1.0587877585441137     
   3.2924170772707526E-002   1.1269856705144226     
   3.9583345139207964E-002  0.89698057546993237     
   4.8482283607784241E-002  0.83415209513410649     
   5.9214978228736552E-002   1.0024371352771972     
   7.2080521460213362E-002  0.87358429305737051     
   8.7419255034663218E-002  0.98208890675333360     
  0.10579667824952024        1.0184999869734255     
  0.12854808104919171       0.89887276308072439     
  0.15632078169124311       0.98056825708254336     
  0.18975741449582317        1.0034414870268760     
  0.23032868064044379        1.0781102062685155     
  0.27962368063317661        1.1507071847950914     
  0.33948762138704197        1.2083437062258271     
  0.41220775775346907        1.3669373817044257     
  0.50048824219328136        1.4390854363608461     
  0.60768816316668328        1.4284699243345320     
  0.73829232115333110        1.3638950797889267     
   6.2831853071800003E-003  -2.3802707907984267E-002
   8.8857658763173177E-003  0.61936295316239387     
   1.0882796185406024E-002   1.8294919371784488     
   1.2566370614360001E-002   3.7552868703538196     
   1.4781066825642925E-002   1.4658389484052949     
   1.9009758763406950E-002   1.3895632533176956     
   2.2558041930044626E-002   1.1750836368809479     
   2.7528404685550796E-002  0.66518394492760191     
   3.2924170772707526E-002   1.0039976019160739     
   3.9583345139207964E-002   1.1039816462866399     
   4.8482283607784241E-002  0.96905302649804959     
   5.9214978228736552E-002  0.87609816010339214     
   7.2080521460213362E-002  0.94867350062408806     
   8.7419255034663218E-002  0.77847392198107945     
  0.10579667824952024       0.75150396944684217     
  0.12854808104919171       0.80418558300650578     
  0.15632078169124311       0.83946112478954726     
  0.18975741449582317       0.79168957511724625     
  0.23032868064044379        1.0052203736337568     
  0.27962368063317661       0.96471382788252669     
  0.33948762138704197        1.0688029295949575     
  0.41220775775346907        1.1938623389678911     
  0.50048824219328136        1.1441883393182173     
  0.60768816316668328        1.0395960853373363     
  0.73829232115333110       0.81741325844496804     
   6.2831853071800003E-003  -4.1184907650831581     
   8.8857658763173177E-003   1.1587169409242506     
   1.0882796185406024E-002  0.13920964100815195     
   1.2566370614360001E-002  -4.5738677969068581E-002
   1.4781066825642925E-002  0.88418182241738963     
   1.9009758763406950E-002  0.20823872276171501     
   2.2558041930044626E-002  0.85449173743930651     
   2.7528404685550796E-002  0.93850502932011315     
   3.2924170772707526E-002   1.7358106282062205     
   3.9583345139207964E-002   1.5913963394162012     
   4.8482283607784241E-002   1.0399558648804366     
   5.9214978228736552E-002  0.50710545849868416     
   7.2080521460213362E-002   1.1206928166977981     
   8.7419255034663218E-002   1.1677998783748356     
  0.10579667824952024        1.3091574056998232     
  0.12854808104919171        1.0601789596567219     
  0.15632078169124311        1.3744809811196375     
  0.18975741449582317        1.1472136156772064     
  0.23032868064044379       0.98879579869601641     
  0.27962368063317661        1.3545672964044384     
  0.33948762138704197       0.96717614459529300     
  0.41220775775346907        1.1667666891760358     
  0.50048824219328136        1.2642967747308049     
  0.60768816316668328        1.2992110143558870     
  0.73829232115333110       0.71757445872988257     
   6.2831853071800003E-003   1.1204451188490077     
   8.8857658763173177E-003  0.89876133569386918     
   1.0882796185406024E-002  0.90612165721403604     
   1.2566370614360001E-002   1.1642052941846737     
   1.4781066825642925E-002  0.95360354382030665     
   1.9009758763406950E-002   1.0899390836480740     
   2.2558041930044626E-002   1.0394889135975725     
   2.7528404685550796E-002   1.0347185555612486     
   3.2924170772707526E-002  0.97005423355452103     
   3.9583345139207964E-002   1.0143272741308849     
   4.8482283607784241E-002   1.0187936753400901     
   5.9214978228736552E-002  0.97352898033993385     
   7.2080521460213362E-002  0.99630865452246498     
   8.7419255034663218E-002   1.0232004947308171     
  0.10579667824952024        1.0655493494946462     
  0.12854808104919171       0.98134831399762901     
  0.15632078169124311        1.1064482117678822     
  0.18975741449582317        1.0675494683538385     
  0.23032868064044379        1.1774092831217937     
  0.27962368063317661        1.2593558242543657     
  0.33948762138704197        1.3425752864567833     
  0.41220775775346907        1.4606895776359730     
  0.50048824219328136        1.5914770807602845     
  0.60768816316668328        1.7593407060398929     
  0.73829232115333110        1.9585231124807048     
   6.2831853071800003E-003   1.1321477807121629     
   8.8857658763173177E-003  0.87386826414186025     
   1.0882796185406024E-002  0.77946552540748915     
   1.2566370614360001E-002   1.1138683370045066     
   1.4781066825642925E-002  0.96747765797670915     
   1.9009758763406950E-002   1.0680455697566087     
   2.2558041930044626E-002   1.0301892196221092     
   2.7528404685550796E-002   1.0504533934431772     
   3.2924170772707526E-002  0.96594808646408570     
   3.9583345139207964E-002   1.0551599617282010     
   4.8482283607784241E-002   1.0147719937854269     
   5.9214978228736552E-002  0.96177785224923129     
   7.2080521460213362E-002   1.0008208432416044     
   8.7419255034663218E-002   1.0343312454971059     
  0.10579667824952024        1.0873186583661059     
  0.12854808104919171        1.0018441658196287     
  0.15632078169124311        1.1390561104042991     
  0.18975741449582317        1.1107394842365368     
  0.23032868064044379        1.2295140185601425     
  0.27962368063317661        1.3362922825774475     
  0.33948762138704197        1.4208148057415055     
  0.41220775775346907        1.5225142764203081     
  0.50048824219328136        1.6471584813834916     
  0.60768816316668328        1.7984341132206954     
  0.73829232115333110        1.9442101771971780     
   6.2831853071800003E-003  0.97754107468302920     
   8.8857658763173177E-003   1.2314854972192122     
   1.0882796185406024E-002  0.62574825239136533     
   1.2566370614360001E-002   1.2105517553612495     
   1.4781066825642925E-002   1.0051660673944931     
   1.9009758763406950E-002   1.0518423493263280     
   2.2558041930044626E-002   1.0236880035937066     
   2.7528404685550796E-002   1.0346733107424180     
   3.2924170772707526E-002  0.99782391892831290     
   3.9583345139207964E-002  0.99977326860675242     
   4.8482283607784241E-002   1.0142710469514089     
   5.9214978228736552E-002  0.99327932660070317     
   7.2080521460213362E-002  0.99629849344323362     
   8.7419255034663218E-002   1.0201238198315623     
  0.10579667824952024        1.0674741806982126     
  0.12854808104919171       0.99207341544585381     
  0.15632078169124311        1.1157365964799948     
  0.18975741449582317        1.0848919232588641     
  0.23032868064044379        1.2013953836053746     
  0.27962368063317661        1.2940270418393347     
  0.33948762138704197        1.3579866935610936     
  0.41220775775346907        1.4675717179350067     
  0.50048824219328136        1.5800968932270689     
  0.60768816316668328        1.6553029282634355     
  0.73829232115333110        1.7423600965166908     
   6.2831853071800003E-003  0.77232879471110716     
   8.8857658763173177E-003   1.4118843697594261     
   1.0882796185406024E-002   1.0081284337433671     
   1.2566370614360001E-002  0.31583226295424305     
   1.4781066825642925E-002  0.89407998717645520     
   1.9009758763406950E-002   1.0442599366457073     
   2.2558041930044626E-002  0.98260554865836425     
   2.7528404685550796E-002   1.0584632080168885     
   3.2924170772707526E-002   1.0152028887489406     
   3.9583345139207964E-002   1.0500928273655159     
   4.8482283607784241E-002   1.0386115326346943     
   5.9214978228736552E-002   1.0053453712830749     
   7.2080521460213362E-002   1.0073270964326411     
   8.7419255034663218E-002  0.99051249526179241     
  0.10579667824952024        1.0387367716932163     
  0.12854808104919171       0.97042218455092510     
  0.15632078169124311        1.0978529817814320     
  0.18975741449582317        1.0363979259566432     
  0.23032868064044379        1.1464694127850954     
  0.27962368063317661        1.1878961416945539     
  0.33948762138704197        1.2558180477843328     
  0.41220775775346907        1.2960522057893802     
  0.50048824219328136        1.3544086380598683     
  0.60768816316668328        1.4045430445420821     
  0.73829232115333110        1.3298504436547820     
   6.2831853071800003E-003   1.0110280146780810     
   8.8857658763173177E-003  0.75298575027112769     
   1.0882796185406024E-002   1.3188796873642943     
   1.2566370614360001E-002  0.42226263281854254     
   1.4781066825642925E-002   1.0959499461529330     
   1.9009758763406950E-002  0.98050400939204663     
   2.2558041930044626E-002   1.1477758041396404     
   2.7528404685550796E-002   1.0142246799796295     
   3.2924170772707526E-002  0.96368749815014854     
   3.9583345139207964E-002   1.0869055894034851     
   4.8482283607784241E-002   1.0052837943672490     
   5.9214978228736552E-002   1.0154744612632647     
   7.2080521460213362E-002   1.0420687382483715     
   8.7419255034663218E-002   1.0228973564847508     
  0.10579667824952024       0.98093154215135636     
  0.12854808104919171       0.89131615189869062     
  0.15632078169124311        1.0225725488196185     
  0.18975741449582317        1.0292098910447154     
  0.23032868064044379        1.0612195411126641     
  0.27962368063317661        1.0695942048055693     
  0.33948762138704197        1.0984131886989783     
  0.41220775775346907        1.1254316236539927     
  0.50048824219328136        1.1412817604972598     
  0.60768816316668328        1.1004986677387081     
  0.73829232115333110       0.93391620537608755     
   6.2831853071800003E-003   2.8366738409747323     
   8.8857658763173177E-003   1.1728886039765254     
   1.0882796185406024E-002   1.3581606128417907     
   1.2566370614360001E-002   2.1078134199898257     
   1.4781066825642925E-002   1.2652682341346788     
   1.9009758763406950E-002   1.2109454483494813     
   2.2558041930044626E-002  0.99923486564749364     
   2.7528404685550796E-002   1.0332599997363874     
   3.2924170772707526E-002   1.1351633884075176     
   3.9583345139207964E-002  0.88595660214142902     
   4.8482283607784241E-002  0.82715557574318443     
   5.9214978228736552E-002   1.0024655492554220     
   7.2080521460213362E-002  0.86414971207712488     
   8.7419255034663218E-002   1.0001379740718925     
  0.10579667824952024        1.0138905721239397     
  0.12854808104919171       0.87943865066722415     
  0.15632078169124311       0.97517649147099894     
  0.18975741449582317       0.93896896248283357     
  0.23032868064044379       0.98573331601970682     
  0.27962368063317661        1.0633763910614491     
  0.33948762138704197        1.1002841077681014     
  0.41220775775346907        1.1324250800926547     
  0.50048824219328136       0.98520972742355339     
  0.60768816316668328       0.96886507286428980     
  0.73829232115333110       0.70393528798022320     
   6.2831853071800003E-003  -8.4711745033915500E-002
   8.8857658763173177E-003  0.53650615558828729     
   1.0882796185406024E-002   1.6612121693348068     
   1.2566370614360001E-002   3.4473587070578824     
   1.4781066825642925E-002   1.3799331086150948     
   1.9009758763406950E-002   1.4879742138367560     
   2.2558041930044626E-002   1.1097287334320507     
   2.7528404685550796E-002  0.63156812319326916     
   3.2924170772707526E-002  0.97126387786342716     
   3.9583345139207964E-002   1.2379534395979594     
   4.8482283607784241E-002   1.0082791769536055     
   5.9214978228736552E-002  0.83655587906365769     
   7.2080521460213362E-002  0.91703432728160272     
   8.7419255034663218E-002  0.75875404620298792     
  0.10579667824952024       0.71851679280995784     
  0.12854808104919171       0.62284341127697540     
  0.15632078169124311       0.84619152110677121     
  0.18975741449582317       0.62069813826521580     
  0.23032868064044379       0.84815561399636330     
  0.27962368063317661       0.73430817025003248     
  0.33948762138704197       0.79138943768191461     
  0.41220775775346907       0.82650576658052821     
  0.50048824219328136       0.64722466289419234     
  0.60768816316668328       0.46544257369902686     
  0.73829232115333110       0.63670465297574330     
   6.2831853071800003E-003  -6.1841518890947187     
   8.8857658763173177E-003   1.1391155097150771     
   1.0882796185406024E-002  0.75180419885614169     
   1.2566370614360001E-002 -0.29324060918449357     
   1.4781066825642925E-002  0.97660363567458386     
   1.9009758763406950E-002  0.38681746089888236     
   2.2558041930044626E-002   1.0396234408808169     
   2.7528404685550796E-002  0.88781873612536422     
   3.2924170772707526E-002   1.6681912610331009     
   3.9583345139207964E-002   1.6840932615102406     
   4.8482283607784241E-002   1.1425332659177645     
   5.9214978228736552E-002  0.35007291849135036     
   7.2080521460213362E-002   1.0110328719542470     
   8.7419255034663218E-002   1.0468959002562774     
  0.10579667824952024        1.2663252552920361     
  0.12854808104919171       0.99669040029002720     
  0.15632078169124311        1.4511588954217498     
  0.18975741449582317       0.86739714229469178     
  0.23032868064044379       0.74195848251820407     
  0.27962368063317661       0.88234500329334076     
  0.33948762138704197       0.97597097831013946     
  0.41220775775346907       0.51582444411328598     
  0.50048824219328136       0.26838855948915402     
  0.60768816316668328       0.13482954789490367     
  0.73829232115333110      -0.60715038626398521     
   6.2831853071800003E-003   1.0759682066135170     
   8.8857658763173177E-003   1.1572767612949275     
   1.0882796185406024E-002  0.67983887012251676     
   1.2566370614360001E-002   1.2394984421441719     
   1.4781066825642925E-002  0.98702981967027392     
   1.9009758763406950E-002   1.0510270869403604     
   2.2558041930044626E-002   1.0605072902197303     
   2.7528404685550796E-002   1.0201236998372269     
   3.2924170772707526E-002   1.0126363122204083     
   3.9583345139207964E-002  0.98098936330102959     
   4.8482283607784241E-002   1.0196335618003898     
   5.9214978228736552E-002  0.98780255152099505     
   7.2080521460213362E-002  0.99028335369161857     
   8.7419255034663218E-002   1.0085432482068430     
  0.10579667824952024        1.0511337189815513     
  0.12854808104919171       0.97044229430746509     
  0.15632078169124311        1.0854782695524305     
  0.18975741449582317        1.0464636475525328     
  0.23032868064044379        1.1474857414253681     
  0.27962368063317661        1.2340544058128056     
  0.33948762138704197        1.3006957397036840     
  0.41220775775346907        1.4112131061983983     
  0.50048824219328136        1.5361468836435617     
  0.60768816316668328        1.6970280168391261     
  0.73829232115333110        1.8661285992303496     
   6.2831853071800003E-003  0.97754107468302920     
   8.8857658763173177E-003   1.2314854972192122     
   1.0882796185406024E-002  0.62574825239136533     
   1.2566370614360001E-002   1.2105517553612495     
   1.4781066825642925E-002   1.0051660673944931     
   1.9009758763406950E-002   1.0518423493263280     
   2.2558041930044626E-002   1.0236880035937066     
   2.7528404685550796E-002   1.0346733107424180     
   3.2924170772707526E-002  0.99782391892831290     
   3.9583345139207964E-002  0.99977326860675242     
   4.8482283607784241E-002   1.0142710469514089     
   5.9214978228736552E-002  0.99327932660070317     
   7.2080521460213362E-002  0.99629849344323362     
   8.7419255034663218E-002   1.0201238198315623     
  0.10579667824952024        1.0674741806982126     
  0.12854808104919171       0.99207341544585381     
  0.15632078169124311        1.1157365964799948     
  0.18975741449582317        1.0848919232588641     
  0.23032868064044379        1.2013953836053746     
  0.27962368063317661        1.2940270418393347     
  0.33948762138704197        1.3579866935610936     
  0.41220775775346907        1.4675717179350067     
  0.50048824219328136        1.5800968932270689     
  0.60768816316668328        1.6553029282634355     
  0.73829232115333110        1.7423600965166908     
   6.2831853071800003E-003  0.70844303402078179     
   8.8857658763173177E-003   1.5274294245224107     
   1.0882796185406024E-002  0.40416913993421083     
   1.2566370614360001E-002   1.1441433440684872     
   1.4781066825642925E-002  0.96218390357397043     
   1.9009758763406950E-002  0.98590396670564251     
   2.2558041930044626E-002   1.0667847687545335     
   2.7528404685550796E-002   1.0205432296815844     
   3.2924170772707526E-002   1.0405132671617450     
   3.9583345139207964E-002   1.0063900428127204     
   4.8482283607784241E-002   1.0193245747891619     
   5.9214978228736552E-002   1.0099709024371883     
   7.2080521460213362E-002   1.0103669232188310     
   8.7419255034663218E-002   1.0569803627973509     
  0.10579667824952024        1.1002669513056254     
  0.12854808104919171        1.0553421990826617     
  0.15632078169124311        1.1588716261032523     
  0.18975741449582317        1.1198930655045263     
  0.23032868064044379        1.2446896514692345     
  0.27962368063317661        1.3011043362783672     
  0.33948762138704197        1.3634972978785189     
  0.41220775775346907        1.4436664682349181     
  0.50048824219328136        1.5248120303074442     
  0.60768816316668328        1.5186867993424766     
  0.73829232115333110        1.5875609995101161     
   6.2831853071800003E-003  0.64015144880017538     
   8.8857658763173177E-003   1.7816513884938467     
   1.0882796185406024E-002  0.78763115750930468     
   1.2566370614360001E-002  0.42268514282723496     
   1.4781066825642925E-002  0.92764350643097171     
   1.9009758763406950E-002  0.96093913996867242     
   2.2558041930044626E-002  0.94526179664364807     
   2.7528404685550796E-002   1.0708319506646580     
   3.2924170772707526E-002   1.0669981377247355     
   3.9583345139207964E-002   1.0204706012296549     
   4.8482283607784241E-002   1.0458056410753327     
   5.9214978228736552E-002   1.0246222846159703     
   7.2080521460213362E-002   1.0226853298325929     
   8.7419255034663218E-002   1.0094462044318635     
  0.10579667824952024        1.0841786493147847     
  0.12854808104919171        1.0439084425082672     
  0.15632078169124311        1.1660408176107364     
  0.18975741449582317        1.1100925922963767     
  0.23032868064044379        1.2805001482236931     
  0.27962368063317661        1.3507587832246120     
  0.33948762138704197        1.4115063910142449     
  0.41220775775346907        1.4901117912089579     
  0.50048824219328136        1.5179478455532689     
  0.60768816316668328        1.5372858434767027     
  0.73829232115333110        1.3784955036681279     
   6.2831853071800003E-003   1.0953182009473339     
   8.8857658763173177E-003  0.77786477873965598     
   1.0882796185406024E-002  0.96579947664821242     
   1.2566370614360001E-002  0.71914601706176373     
   1.4781066825642925E-002   1.1361000646061017     
   1.9009758763406950E-002  0.90866300856262272     
   2.2558041930044626E-002   1.0957731032779503     
   2.7528404685550796E-002  0.91934253311064462     
   3.2924170772707526E-002  0.98651829271535274     
   3.9583345139207964E-002   1.0489629966466611     
   4.8482283607784241E-002  0.97181023955530121     
   5.9214978228736552E-002  0.98316263980801233     
   7.2080521460213362E-002   1.0730555641152857     
   8.7419255034663218E-002   1.0492446596062652     
  0.10579667824952024        1.0244959252741044     
  0.12854808104919171       0.96023588240578650     
  0.15632078169124311        1.1024800838204052     
  0.18975741449582317        1.0963788391106575     
  0.23032868064044379        1.2193155770354678     
  0.27962368063317661        1.2177447361703713     
  0.33948762138704197        1.2514794854031699     
  0.41220775775346907        1.2178318599949451     
  0.50048824219328136        1.1157395941722057     
  0.60768816316668328        1.0788280871158025     
  0.73829232115333110        1.0298419777388734     
   6.2831853071800003E-003   1.6433772996656903     
   8.8857658763173177E-003   1.8431302218737482     
   1.0882796185406024E-002  0.90249825236317383     
   1.2566370614360001E-002   2.8352789987264320     
   1.4781066825642925E-002   1.1783274531397829     
   1.9009758763406950E-002  0.97726346577152923     
   2.2558041930044626E-002   1.3370178407859163     
   2.7528404685550796E-002  0.94036806672492723     
   3.2924170772707526E-002   1.1535883024656259     
   3.9583345139207964E-002  0.96869811867294153     
   4.8482283607784241E-002  0.85451940481820832     
   5.9214978228736552E-002  0.97958232780897359     
   7.2080521460213362E-002  0.85396462525172978     
   8.7419255034663218E-002  0.96608380901332658     
  0.10579667824952024        1.0787459032740769     
  0.12854808104919171       0.85059553408657262     
  0.15632078169124311       0.94714245926927831     
  0.18975741449582317       0.98415526694106192     
  0.23032868064044379        1.0861364774168205     
  0.27962368063317661        1.1422141150667626     
  0.33948762138704197        1.1018402286372233     
  0.41220775775346907        1.1264454622229036     
  0.50048824219328136       0.90359098107817548     
  0.60768816316668328       0.63869106067254922     
  0.73829232115333110       0.36055804606609126     
   6.2831853071800003E-003  0.21570530110343650     
   8.8857658763173177E-003  0.67529934087712340     
   1.0882796185406024E-002   1.4813491604851086     
   1.2566370614360001E-002   4.2457978379752861     
   1.4781066825642925E-002   1.4895149289707819     
   1.9009758763406950E-002   1.3191881516357333     
   2.2558041930044626E-002   1.3035577002766001     
   2.7528404685550796E-002  0.78499362177392862     
   3.2924170772707526E-002   1.1374648184490725     
   3.9583345139207964E-002   1.1154249884969261     
   4.8482283607784241E-002  0.81412453852249855     
   5.9214978228736552E-002  0.88519331560347980     
   7.2080521460213362E-002   1.0357280926532189     
   8.7419255034663218E-002  0.83580697978570573     
  0.10579667824952024       0.68281081293260748     
  0.12854808104919171       0.71820786107317380     
  0.15632078169124311       0.74025684401373026     
  0.18975741449582317       0.78579252724528326     
  0.23032868064044379       0.95394369349308017     
  0.27962368063317661       0.96365165212444737     
  0.33948762138704197       0.95703032102464469     
  0.41220775775346907        1.0320964450545547     
  0.50048824219328136       0.63699433708159314     
  0.60768816316668328       0.29203547974050686     
  0.73829232115333110       0.28386015538033971     
   6.2831853071800003E-003  -4.3353079660543488     
   8.8857658763173177E-003   1.3210597533173787     
   1.0882796185406024E-002  0.97552574275462445     
   1.2566370614360001E-002  -1.1831512086423528     
   1.4781066825642925E-002  0.73377803713821177     
   1.9009758763406950E-002  0.44460950632613716     
   2.2558041930044626E-002  0.22107530151242183     
   2.7528404685550796E-002  0.86937199673559484     
   3.2924170772707526E-002   1.7978993987820704     
   3.9583345139207964E-002   1.4636782331581804     
   4.8482283607784241E-002  0.85533900131210905     
   5.9214978228736552E-002  0.42216970504314594     
   7.2080521460213362E-002   1.4472028614079502     
   8.7419255034663218E-002  0.94007702127089787     
  0.10579667824952024        1.1855735310827920     
  0.12854808104919171        1.1321833538528023     
  0.15632078169124311        1.5034611953450561     
  0.18975741449582317       0.80296039112366535     
  0.23032868064044379       0.84815930166718745     
  0.27962368063317661        1.0406573457440775     
  0.33948762138704197       0.91480703426963450     
  0.41220775775346907       0.84233830255135200     
  0.50048824219328136       0.65820025480108224     
  0.60768816316668328       0.47623484070333788     
  0.73829232115333110        1.3014342699596668     
   6.2831853071800003E-003  0.81770651355413915     
   8.8857658763173177E-003   1.3755381465143910     
   1.0882796185406024E-002   1.1168398476199675     
   1.2566370614360001E-002  0.54009877582126709     
   1.4781066825642925E-002  0.86607335387096351     
   1.9009758763406950E-002   1.0430747826190359     
   2.2558041930044626E-002  0.98118398033417664     
   2.7528404685550796E-002   1.0344662161303939     
   3.2924170772707526E-002   1.0300729699241913     
   3.9583345139207964E-002   1.0064370901621178     
   4.8482283607784241E-002   1.0481881947557055     
   5.9214978228736552E-002   1.0053744432046323     
   7.2080521460213362E-002  0.99797023642194893     
   8.7419255034663218E-002  0.97458409828564185     
  0.10579667824952024        1.0157634787131098     
  0.12854808104919171       0.94558321111496879     
  0.15632078169124311        1.0729290536114269     
  0.18975741449582317        1.0186408381493350     
  0.23032868064044379        1.1303725734343342     
  0.27962368063317661        1.2079336666322473     
  0.33948762138704197        1.2736898838594877     
  0.41220775775346907        1.3930424004925037     
  0.50048824219328136        1.5242042383648746     
  0.60768816316668328        1.6613061956845334     
  0.73829232115333110        1.7797557773963657     
   6.2831853071800003E-003  0.77232879471110716     
   8.8857658763173177E-003   1.4118843697594261     
   1.0882796185406024E-002   1.0081284337433671     
   1.2566370614360001E-002  0.31583226295424305     
   1.4781066825642925E-002  0.89407998717645520     
   1.9009758763406950E-002   1.0442599366457073     
   2.2558041930044626E-002  0.98260554865836425     
   2.7528404685550796E-002   1.0584632080168885     
   3.2924170772707526E-002   1.0152028887489406     
   3.9583345139207964E-002   1.0500928273655159     
   4.8482283607784241E-002   1.0386115326346943     
   5.9214978228736552E-002   1.0053453712830749     
   7.2080521460213362E-002   1.0073270964326411     
   8.7419255034663218E-002  0.99051249526179241     
  0.10579667824952024        1.0387367716932163     
  0.12854808104919171       0.97042218455092510     
  0.15632078169124311        1.0978529817814320     
  0.18975741449582317        1.0363979259566432     
  0.23032868064044379        1.1464694127850954     
  0.27962368063317661        1.1878961416945539     
  0.33948762138704197        1.2558180477843328     
  0.41220775775346907        1.2960522057893802     
  0.50048824219328136        1.3544086380598683     
  0.60768816316668328        1.4045430445420821     
  0.73829232115333110        1.3298504436547820     
   6.2831853071800003E-003  0.64015144880017538     
   8.8857658763173177E-003   1.7816513884938467     
   1.0882796185406024E-002  0.78763115750930468     
   1.2566370614360001E-002  0.42268514282723496     
   1.4781066825642925E-002  0.92764350643097171     
   1.9009758763406950E-002  0.96093913996867242     
   2.2558041930044626E-002  0.94526179664364807     
   2.7528404685550796E-002   1.0708319506646580     
   3.2924170772707526E-002   1.0669981377247355     
   3.9583345139207964E-002   1.0204706012296549     
   4.8482283607784241E-002   1.0458056410753327     
   5.9214978228736552E-002   1.0246222846159703     
   7.2080521460213362E-002   1.0226853298325929     
   8.7419255034663218E-002   1.0094462044318635     
  0.10579667824952024        1.0841786493147847     
  0.12854808104919171        1.0439084425082672     
  0.15632078169124311        1.1660408176107364     
  0.18975741449582317        1.1100925922963767     
  0.23032868064044379        1.2805001482236931     
  0.27962368063317661        1.3507587832246120     
  0.33948762138704197        1.4115063910142449     
  0.41220775775346907        1.4901117912089579     
  0.50048824219328136        1.5179478455532689     
  0.60768816316668328        1.5372858434767027     
  0.73829232115333110        1.3784955036681279     
   6.2831853071800003E-003  -4.2563298261969730E-002
   8.8857658763173177E-003   1.5579818196526565     
   1.0882796185406024E-002   1.1618496084091112     
   1.2566370614360001E-002   7.1750902053855731E-002
   1.4781066825642925E-002  0.65870459392025882     
   1.9009758763406950E-002  0.85062150424476912     
   2.2558041930044626E-002  0.81218098482432999     
   2.7528404685550796E-002  0.93079997567560246     
   3.2924170772707526E-002   1.0318771897873495     
   3.9583345139207964E-002   1.0598601809185828     
   4.8482283607784241E-002   1.1250339148524140     
   5.9214978228736552E-002   1.0483639810281300     
   7.2080521460213362E-002   1.0630947691646280     
   8.7419255034663218E-002  0.92651377473172913     
  0.10579667824952024        1.1715563138748866     
  0.12854808104919171        1.0820880620362698     
  0.15632078169124311        1.2127877206423747     
  0.18975741449582317        1.2018816167799289     
  0.23032868064044379        1.3292164171795331     
  0.27962368063317661        1.3253807459163698     
  0.33948762138704197        1.3950014920497245     
  0.41220775775346907        1.3887674292344545     
  0.50048824219328136        1.5190566224944293     
  0.60768816316668328        1.3715271063117713     
  0.73829232115333110        1.4865162679658286     
   6.2831853071800003E-003  -4.4405636678477030E-002
   8.8857658763173177E-003   1.2929311253586260     
   1.0882796185406024E-002   1.4947425302817747     
   1.2566370614360001E-002  0.78791181286404255     
   1.4781066825642925E-002  0.99398454930040270     
   1.9009758763406950E-002  0.83648309995536441     
   2.2558041930044626E-002  0.97586797473919595     
   2.7528404685550796E-002  0.84596560132268928     
   3.2924170772707526E-002  0.94895522976431879     
   3.9583345139207964E-002  0.96153161254495589     
   4.8482283607784241E-002   1.0116922011941327     
   5.9214978228736552E-002   1.0440658561218408     
   7.2080521460213362E-002   1.0635994184004709     
   8.7419255034663218E-002   1.0741454076883774     
  0.10579667824952024       0.99522799846743837     
  0.12854808104919171        1.0595748572369117     
  0.15632078169124311        1.2856825585012850     
  0.18975741449582317        1.1516577107342973     
  0.23032868064044379        1.3307623879534203     
  0.27962368063317661        1.2609746067093071     
  0.33948762138704197        1.2185850965330478     
  0.41220775775346907        1.2371708748100414     
  0.50048824219328136        1.1619976312838984     
  0.60768816316668328        1.1009586625837049     
  0.73829232115333110        1.1936274600155372     
   6.2831853071800003E-003   1.7332017448339518     
   8.8857658763173177E-003   1.5221893985837085     
   1.0882796185406024E-002   1.9725754736438390     
   1.2566370614360001E-002   1.3511987732711739     
   1.4781066825642925E-002   1.0525406071444803     
   1.9009758763406950E-002  0.61668510844363789     
   2.2558041930044626E-002  0.82129903944100202     
   2.7528404685550796E-002   1.0823791493164578     
   3.2924170772707526E-002   1.1048618530102157     
   3.9583345139207964E-002  0.89965028311540196     
   4.8482283607784241E-002  0.91823161446417023     
   5.9214978228736552E-002   1.0229858105051939     
   7.2080521460213362E-002  0.92060906194788894     
   8.7419255034663218E-002  0.83747034637443796     
  0.10579667824952024        1.1143087454751051     
  0.12854808104919171       0.89473622785566431     
  0.15632078169124311        1.0796510818878120     
  0.18975741449582317       0.93600935008799568     
  0.23032868064044379        1.0664157673182311     
  0.27962368063317661        1.0683549011498177     
  0.33948762138704197        1.2033633963183541     
  0.41220775775346907        1.2028389200614542     
  0.50048824219328136        1.1163214732813915     
  0.60768816316668328       0.83730188269110351     
  0.73829232115333110       0.52603334692898518     
   6.2831853071800003E-003 -0.80139774460789515     
   8.8857658763173177E-003  -1.6278218870159313E-002
   1.0882796185406024E-002   2.3111495859181508     
   1.2566370614360001E-002   1.0470649584872225     
   1.4781066825642925E-002  0.85673076262277170     
   1.9009758763406950E-002   1.3473936871716841     
   2.2558041930044626E-002   1.0666427684070747     
   2.7528404685550796E-002  0.79784676740001859     
   3.2924170772707526E-002  0.91337190962693482     
   3.9583345139207964E-002   1.3502479504026017     
   4.8482283607784241E-002  0.85267988801908123     
   5.9214978228736552E-002   1.0525501965885373     
   7.2080521460213362E-002  0.80972510452181135     
   8.7419255034663218E-002  0.65088517562151815     
  0.10579667824952024       0.85688957246507591     
  0.12854808104919171       0.64818943655891736     
  0.15632078169124311       0.86572131700229282     
  0.18975741449582317       0.63728871970821321     
  0.23032868064044379       0.97697053239860432     
  0.27962368063317661       0.66241107175868597     
  0.33948762138704197       0.74913899427523212     
  0.41220775775346907       0.38447615291201825     
  0.50048824219328136       0.58611710547984208     
  0.60768816316668328       0.72032106946130814     
  0.73829232115333110       0.62239601267717626     
   6.2831853071800003E-003  -1.8676623255476856     
   8.8857658763173177E-003   2.9791413651431045     
   1.0882796185406024E-002  0.90388557627407617     
   1.2566370614360001E-002  -1.7252665202321256     
   1.4781066825642925E-002  0.41059260871853454     
   1.9009758763406950E-002   5.9270808486457514E-002
   2.2558041930044626E-002  0.69710939358646651     
   2.7528404685550796E-002  0.82499668323862374     
   3.2924170772707526E-002   1.0659040819411190     
   3.9583345139207964E-002   1.4188202884989278     
   4.8482283607784241E-002   1.4123391502682576     
   5.9214978228736552E-002  0.66458456550975442     
   7.2080521460213362E-002   1.0822218620904589     
   8.7419255034663218E-002   1.2061915234373519     
  0.10579667824952024       0.96454647962343254     
  0.12854808104919171        1.0410992263143974     
  0.15632078169124311        1.0969837240668683     
  0.18975741449582317        1.3522182723844460     
  0.23032868064044379        1.2590129124176397     
  0.27962368063317661        1.4416974014441135     
  0.33948762138704197       0.85237770414190506     
  0.41220775775346907       0.34204516829375092     
  0.50048824219328136       0.44771452629291614     
  0.60768816316668328       0.29181080688488270     
  0.73829232115333110      -0.40615829091877614     
   6.2831853071800003E-003   1.0117455201099992     
   8.8857658763173177E-003  0.91190031669331129     
   1.0882796185406024E-002   1.5919169490967535     
   1.2566370614360001E-002  0.40802357425564972     
   1.4781066825642925E-002   1.1606917942624282     
   1.9009758763406950E-002   1.0097799047632523     
   2.2558041930044626E-002   1.1855149321503766     
   2.7528404685550796E-002   1.0310249729114542     
   3.2924170772707526E-002  0.98506463123657739     
   3.9583345139207964E-002   1.0781545952558558     
   4.8482283607784241E-002   1.0716587214168387     
   5.9214978228736552E-002   1.0466358314322808     
   7.2080521460213362E-002   1.0925995569401319     
   8.7419255034663218E-002   1.0616648687899679     
  0.10579667824952024        1.0448407478644901     
  0.12854808104919171       0.94434741965008639     
  0.15632078169124311        1.1177592398334135     
  0.18975741449582317        1.0867927316619483     
  0.23032868064044379        1.1716928979285348     
  0.27962368063317661        1.2216068315144066     
  0.33948762138704197        1.3429319926358281     
  0.41220775775346907        1.4410280888626066     
  0.50048824219328136        1.5918579807341435     
  0.60768816316668328        1.6966700235112426     
  0.73829232115333110        1.7295969734078704     
   6.2831853071800003E-003   1.0110280146780810     
   8.8857658763173177E-003  0.75298575027112769     
   1.0882796185406024E-002   1.3188796873642943     
   1.2566370614360001E-002  0.42226263281854254     
   1.4781066825642925E-002   1.0959499461529330     
   1.9009758763406950E-002  0.98050400939204663     
   2.2558041930044626E-002   1.1477758041396404     
   2.7528404685550796E-002   1.0142246799796295     
   3.2924170772707526E-002  0.96368749815014854     
   3.9583345139207964E-002   1.0869055894034851     
   4.8482283607784241E-002   1.0052837943672490     
   5.9214978228736552E-002   1.0154744612632647     
   7.2080521460213362E-002   1.0420687382483715     
   8.7419255034663218E-002   1.0228973564847508     
  0.10579667824952024       0.98093154215135636     
  0.12854808104919171       0.89131615189869062     
  0.15632078169124311        1.0225725488196185     
  0.18975741449582317        1.0292098910447154     
  0.23032868064044379        1.0612195411126641     
  0.27962368063317661        1.0695942048055693     
  0.33948762138704197        1.0984131886989783     
  0.41220775775346907        1.1254316236539927     
  0.50048824219328136        1.1412817604972598     
  0.60768816316668328        1.1004986677387081     
  0.73829232115333110       0.93391620537608755     
   6.2831853071800003E-003   1.0953182009473339     
   8.8857658763173177E-003  0.77786477873965598     
   1.0882796185406024E-002  0.96579947664821242     
   1.2566370614360001E-002  0.71914601706176373     
   1.4781066825642925E-002   1.1361000646061017     
   1.9009758763406950E-002  0.90866300856262272     
   2.2558041930044626E-002   1.0957731032779503     
   2.7528404685550796E-002  0.91934253311064462     
   3.2924170772707526E-002  0.98651829271535274     
   3.9583345139207964E-002   1.0489629966466611     
   4.8482283607784241E-002  0.97181023955530121     
   5.9214978228736552E-002  0.98316263980801233     
   7.2080521460213362E-002   1.0730555641152857     
   8.7419255034663218E-002   1.0492446596062652     
  0.10579667824952024        1.0244959252741044     
  0.12854808104919171       0.96023588240578650     
  0.15632078169124311        1.1024800838204052     
  0.18975741449582317        1.0963788391106575     
  0.23032868064044379        1.2193155770354678     
  0.27962368063317661        1.2177447361703713     
  0.33948762138704197        1.2514794854031699     
  0.41220775775346907        1.2178318599949451     
  0.50048824219328136        1.1157395941722057     
  0.60768816316668328        1.0788280871158025     
  0.73829232115333110        1.0298419777388734     
   6.2831853071800003E-003  -4.4405636678477030E-002
   8.8857658763173177E-003   1.2929311253586260     
   1.0882796185406024E-002   1.4947425302817747     
   1.2566370614360001E-002  0.78791181286404255     
   1.4781066825642925E-002  0.99398454930040270     
   1.9009758763406950E-002  0.83648309995536441     
   2.2558041930044626E-002  0.97586797473919595     
   2.7528404685550796E-002  0.84596560132268928     
   3.2924170772707526E-002  0.94895522976431879     
   3.9583345139207964E-002  0.96153161254495589     
   4.8482283607784241E-002   1.0116922011941327     
   5.9214978228736552E-002   1.0440658561218408     
   7.2080521460213362E-002   1.0635994184004709     
   8.7419255034663218E-002   1.0741454076883774     
  0.10579667824952024       0.99522799846743837     
  0.12854808104919171        1.0595748572369117     
  0.15632078169124311        1.2856825585012850     
  0.18975741449582317        1.1516577107342973     
  0.23032868064044379        1.3307623879534203     
  0.27962368063317661        1.2609746067093071     
  0.33948762138704197        1.2185850965330478     
  0.41220775775346907        1.2371708748100414     
  0.50048824219328136        1.1619976312838984     
  0.60768816316668328        1.1009586625837049     
  0.73829232115333110        1.1936274600155372     
   6.2831853071800003E-003   1.1259223998287988     
   8.8857658763173177E-003  -9.7472213448172820E-002
   1.0882796185406024E-002   1.9845324784797236     
   1.2566370614360001E-002  0.62723263622267234     
   1.4781066825642925E-002   1.1431513491492749     
   1.9009758763406950E-002  0.66529180804084342     
   2.2558041930044626E-002  0.77782268351822170     
   2.7528404685550796E-002  0.79419639796493291     
   3.2924170772707526E-002  0.84198309711016173     
   3.9583345139207964E-002  0.87206035478683952     
   4.8482283607784241E-002   1.1895498545253083     
   5.9214978228736552E-002   1.1113066411110766     
   7.2080521460213362E-002   1.2050388484263448     
   8.7419255034663218E-002   1.0412881282398196     
  0.10579667824952024        1.1285595259676020     
  0.12854808104919171       0.85478527987641018     
  0.15632078169124311        1.2488453532923718     
  0.18975741449582317        1.3477583737015535     
  0.23032868064044379        1.2351364950590784     
  0.27962368063317661        1.1438735225440120     
  0.33948762138704197        1.1734727856909528     
  0.41220775775346907        1.2680868766197182     
  0.50048824219328136        1.0234462852147408     
  0.60768816316668328        1.4223310528525510     
  0.73829232115333110        2.2461748483963420     
   6.2831853071800003E-003  0.69867794071989453     
   8.8857658763173177E-003  0.28562357193777727     
   1.0882796185406024E-002   1.9066051154665544     
   1.2566370614360001E-002   1.9250457594387502     
   1.4781066825642925E-002   1.2022680179725762     
   1.9009758763406950E-002  0.77483052538439701     
   2.2558041930044626E-002   1.1185157900530216     
   2.7528404685550796E-002   1.0130861109180958     
   3.2924170772707526E-002  0.81052516096731242     
   3.9583345139207964E-002   1.0790155808910833     
   4.8482283607784241E-002  0.81998555763212755     
   5.9214978228736552E-002   1.0070652455379661     
   7.2080521460213362E-002   1.0662153449691467     
   8.7419255034663218E-002   1.0984903908027115     
  0.10579667824952024        1.2149236968351464     
  0.12854808104919171        1.1325367236141912     
  0.15632078169124311        1.1040406107987706     
  0.18975741449582317        1.1165084315461655     
  0.23032868064044379        1.1112668928462113     
  0.27962368063317661       0.85470102313145391     
  0.33948762138704197        1.2221282921482624     
  0.41220775775346907        1.1498935408212312     
  0.50048824219328136       0.37175009704680045     
  0.60768816316668328       0.21812698066579858     
  0.73829232115333110       0.22427220982547544     
   6.2831853071800003E-003   1.5120435193691224     
   8.8857658763173177E-003 -0.30150958133213807     
   1.0882796185406024E-002   2.2277280070208563     
   1.2566370614360001E-002  0.72121517853112360     
   1.4781066825642925E-002   1.8009096791449350     
   1.9009758763406950E-002  0.38874928219787730     
   2.2558041930044626E-002   1.3949915632616650     
   2.7528404685550796E-002  0.49352014466998528     
   3.2924170772707526E-002  0.58004729230744012     
   3.9583345139207964E-002   1.0301029263462622     
   4.8482283607784241E-002  0.96727442679732201     
   5.9214978228736552E-002  0.98592769514049650     
   7.2080521460213362E-002   1.3387273790712912     
   8.7419255034663218E-002  0.93634180870924422     
  0.10579667824952024        1.3576512110251620     
  0.12854808104919171        1.0245046622091467     
  0.15632078169124311        1.6149675843065225     
  0.18975741449582317        1.5764837447247073     
  0.23032868064044379        2.0712105746879423     
  0.27962368063317661        1.9339468358044520     
  0.33948762138704197        2.0796683504627151     
  0.41220775775346907        2.2811326470213529     
  0.50048824219328136        2.9068330547330015     
  0.60768816316668328        2.6877397783724604     
  0.73829232115333110        2.5655328420129710     
   6.2831853071800003E-003 -0.39613608466635092     
   8.8857658763173177E-003   3.9052985600795425     
   1.0882796185406024E-002   5.8050837957409819E-002
   1.2566370614360001E-002  -7.9339426063641536     
   1.4781066825642925E-002  0.58664614063098808     
   1.9009758763406950E-002   1.0120999282888976     
   2.2558041930044626E-002  0.66894922114607147     
   2.7528404685550796E-002  0.90222066743786133     
   3.2924170772707526E-002   1.4782810583870236     
   3.9583345139207964E-002   1.3451219660956886     
   4.8482283607784241E-002   1.0680478109060512     
   5.9214978228736552E-002  0.32842641325105154     
   7.2080521460213362E-002  0.83534205758926450     
   8.7419255034663218E-002   1.9905765934285589     
  0.10579667824952024        1.5312178805319456     
  0.12854808104919171        1.6191676615941872     
  0.15632078169124311        2.2228269124757887     
  0.18975741449582317        2.0521011477784330     
  0.23032868064044379        2.0908007711686110     
  0.27962368063317661        2.4674131999711761     
  0.33948762138704197        3.5761461617774297     
  0.41220775775346907        4.1605679992391877     
  0.50048824219328136        5.2289909616886243     
  0.60768816316668328        2.3939949979394344     
  0.73829232115333110        1.3551314553669893     
   6.2831853071800003E-003   2.3314831577226305     
   8.8857658763173177E-003  0.99709953878943258     
   1.0882796185406024E-002   1.5798300934674976     
   1.2566370614360001E-002   2.3564639404318637     
   1.4781066825642925E-002   1.2294879284938933     
   1.9009758763406950E-002   1.0978903266863531     
   2.2558041930044626E-002   1.1629335052699432     
   2.7528404685550796E-002   1.0587877585441137     
   3.2924170772707526E-002   1.1269856705144226     
   3.9583345139207964E-002  0.89698057546993237     
   4.8482283607784241E-002  0.83415209513410649     
   5.9214978228736552E-002   1.0024371352771972     
   7.2080521460213362E-002  0.87358429305737051     
   8.7419255034663218E-002  0.98208890675333360     
  0.10579667824952024        1.0184999869734255     
  0.12854808104919171       0.89887276308072439     
  0.15632078169124311       0.98056825708254336     
  0.18975741449582317        1.0034414870268760     
  0.23032868064044379        1.0781102062685155     
  0.27962368063317661        1.1507071847950914     
  0.33948762138704197        1.2083437062258271     
  0.41220775775346907        1.3669373817044257     
  0.50048824219328136        1.4390854363608461     
  0.60768816316668328        1.4284699243345320     
  0.73829232115333110        1.3638950797889267     
   6.2831853071800003E-003   2.8366738409747323     
   8.8857658763173177E-003   1.1728886039765254     
   1.0882796185406024E-002   1.3581606128417907     
   1.2566370614360001E-002   2.1078134199898257     
   1.4781066825642925E-002   1.2652682341346788     
   1.9009758763406950E-002   1.2109454483494813     
   2.2558041930044626E-002  0.99923486564749364     
   2.7528404685550796E-002   1.0332599997363874     
   3.2924170772707526E-002   1.1351633884075176     
   3.9583345139207964E-002  0.88595660214142902     
   4.8482283607784241E-002  0.82715557574318443     
   5.9214978228736552E-002   1.0024655492554220     
   7.2080521460213362E-002  0.86414971207712488     
   8.7419255034663218E-002   1.0001379740718925     
  0.10579667824952024        1.0138905721239397     
  0.12854808104919171       0.87943865066722415     
  0.15632078169124311       0.97517649147099894     
  0.18975741449582317       0.93896896248283357     
  0.23032868064044379       0.98573331601970682     
  0.27962368063317661        1.0633763910614491     
  0.33948762138704197        1.1002841077681014     
  0.41220775775346907        1.1324250800926547     
  0.50048824219328136       0.98520972742355339     
  0.60768816316668328       0.96886507286428980     
  0.73829232115333110       0.70393528798022320     
   6.2831853071800003E-003   1.6433772996656903     
   8.8857658763173177E-003   1.8431302218737482     
   1.0882796185406024E-002  0.90249825236317383     
   1.2566370614360001E-002   2.8352789987264320     
   1.4781066825642925E-002   1.1783274531397829     
   1.9009758763406950E-002  0.97726346577152923     
   2.2558041930044626E-002   1.3370178407859163     
   2.7528404685550796E-002  0.94036806672492723     
   3.2924170772707526E-002   1.1535883024656259     
   3.9583345139207964E-002  0.96869811867294153     
   4.8482283607784241E-002  0.85451940481820832     
   5.9214978228736552E-002  0.97958232780897359     
   7.2080521460213362E-002  0.85396462525172978     
   8.7419255034663218E-002  0.96608380901332658     
  0.10579667824952024        1.0787459032740769     
  0.12854808104919171       0.85059553408657262     
  0.15632078169124311       0.94714245926927831     
  0.18975741449582317       0.98415526694106192     
  0.23032868064044379        1.0861364774168205     
  0.27962368063317661        1.1422141150667626     
  0.33948762138704197        1.1018402286372233     
  0.41220775775346907        1.1264454622229036     
  0.50048824219328136       0.90359098107817548     
  0.60768816316668328       0.63869106067254922     
  0.73829232115333110       0.36055804606609126     
   6.2831853071800003E-003   1.7332017448339518     
   8.8857658763173177E-003   1.5221893985837085     
   1.0882796185406024E-002   1.9725754736438390     
   1.2566370614360001E-002   1.3511987732711739     
   1.4781066825642925E-002   1.0525406071444803     
   1.9009758763406950E-002  0.61668510844363789     
   2.2558041930044626E-002  0.82129903944100202     
   2.7528404685550796E-002   1.0823791493164578     
   3.2924170772707526E-002   1.1048618530102157     
   3.9583345139207964E-002  0.89965028311540196     
   4.8482283607784241E-002  0.91823161446417023     
   5.9214978228736552E-002   1.0229858105051939     
   7.2080521460213362E-002  0.92060906194788894     
   8.7419255034663218E-002  0.83747034637443796     
  0.10579667824952024        1.1143087454751051     
  0.12854808104919171       0.89473622785566431     
  0.15632078169124311        1.0796510818878120     
  0.18975741449582317       0.93600935008799568     
  0.23032868064044379        1.0664157673182311     
  0.27962368063317661        1.0683549011498177     
  0.33948762138704197        1.2033633963183541     
  0.41220775775346907        1.2028389200614542     
  0.50048824219328136        1.1163214732813915     
  0.60768816316668328       0.83730188269110351     
  0.73829232115333110       0.52603334692898518     
   6.2831853071800003E-003  0.69867794071989453     
   8.8857658763173177E-003  0.28562357193777727     
   1.0882796185406024E-002   1.9066051154665544     
   1.2566370614360001E-002   1.9250457594387502     
   1.4781066825642925E-002   1.2022680179725762     
   1.9009758763406950E-002  0.77483052538439701     
   2.2558041930044626E-002   1.1185157900530216     
   2.7528404685550796E-002   1.0130861109180958     
   3.2924170772707526E-002  0.81052516096731242     
   3.9583345139207964E-002   1.0790155808910833     
   4.8482283607784241E-002  0.81998555763212755     
   5.9214978228736552E-002   1.0070652455379661     
   7.2080521460213362E-002   1.0662153449691467     
   8.7419255034663218E-002   1.0984903908027115     
  0.10579667824952024        1.2149236968351464     
  0.12854808104919171        1.1325367236141912     
  0.15632078169124311        1.1040406107987706     
  0.18975741449582317        1.1165084315461655     
  0.23032868064044379        1.1112668928462113     
  0.27962368063317661       0.85470102313145391     
  0.33948762138704197        1.2221282921482624     
  0.41220775775346907        1.1498935408212312     
  0.50048824219328136       0.37175009704680045     
  0.60768816316668328       0.21812698066579858     
  0.73829232115333110       0.22427220982547544     
   6.2831853071800003E-003  0.68509488648266514     
   8.8857658763173177E-003   2.9594623484902001     
   1.0882796185406024E-002  0.66259968187078244     
   1.2566370614360001E-002   1.1543129063766613     
   1.4781066825642925E-002   1.4784300940784456     
   1.9009758763406950E-002   1.2686518638514785     
   2.2558041930044626E-002   1.4441733406309973     
   2.7528404685550796E-002  0.76146297890583503     
   3.2924170772707526E-002  0.99113008220874399     
   3.9583345139207964E-002  0.64835259071684415     
   4.8482283607784241E-002  0.97990412564485474     
   5.9214978228736552E-002  0.66607370665361143     
   7.2080521460213362E-002  0.97972176145577206     
   8.7419255034663218E-002  0.70189263349031017     
  0.10579667824952024       0.90457341812300751     
  0.12854808104919171       0.62017104950790058     
  0.15632078169124311       0.81844307776502856     
  0.18975741449582317       0.68483625474198417     
  0.23032868064044379       0.52015828881660164     
  0.27962368063317661       0.66449997925865589     
  0.33948762138704197       0.14267229493137740     
  0.41220775775346907       -7.0281876790635855E-002
  0.50048824219328136       0.53593936949114862     
  0.60768816316668328        2.0211637583288447     
  0.73829232115333110        6.5336326057525014     
   6.2831853071800003E-003 -0.19148663435143640     
   8.8857658763173177E-003   3.6896064685049113     
   1.0882796185406024E-002   2.1860462205591467     
   1.2566370614360001E-002   5.7765123589715524     
   1.4781066825642925E-002   1.2417093509169834     
   1.9009758763406950E-002   1.5376062899456151     
   2.2558041930044626E-002   1.1063064841222228     
   2.7528404685550796E-002  0.19338553412191128     
   3.2924170772707526E-002   1.1021246300738605     
   3.9583345139207964E-002  0.26950015941190913     
   4.8482283607784241E-002  0.79974924780928969     
   5.9214978228736552E-002   1.0654021506980673     
   7.2080521460213362E-002  0.94242839285423452     
   8.7419255034663218E-002  0.57836123285658059     
  0.10579667824952024       0.55139074825594148     
  0.12854808104919171       0.42367229236935378     
  0.15632078169124311       0.74613441673428083     
  0.18975741449582317       0.53085875041745256     
  0.23032868064044379       0.32696993117313272     
  0.27962368063317661       -2.6731578258691737E-002
  0.33948762138704197       0.21226490767224829     
  0.41220775775346907       0.15348561514829231     
  0.50048824219328136       0.37073922709013651     
  0.60768816316668328        1.1606518827312298     
  0.73829232115333110        1.9957543468401377     
   6.2831853071800003E-003  -12.146315735496682     
   8.8857658763173177E-003 -0.34386258605208370     
   1.0882796185406024E-002  0.59362580547502086     
   1.2566370614360001E-002  -5.0232177940341760     
   1.4781066825642925E-002   3.1263854686034969     
   1.9009758763406950E-002 -0.58215654722762322     
   2.2558041930044626E-002  -1.3885455176217150     
   2.7528404685550796E-002  0.25921813503027114     
   3.2924170772707526E-002   1.4100417873133348     
   3.9583345139207964E-002   1.7595866408364125     
   4.8482283607784241E-002  0.77224117976833051     
   5.9214978228736552E-002  0.39840739918133500     
   7.2080521460213362E-002  0.82424609906006996     
   8.7419255034663218E-002   1.5364181425043897     
  0.10579667824952024       0.43087954578888082     
  0.12854808104919171        2.0551689736759187     
  0.15632078169124311        1.9324846739402717     
  0.18975741449582317        4.9402364555543965     
  0.23032868064044379        3.4564121986021821     
  0.27962368063317661        6.2987766045008442     
  0.33948762138704197        5.0475421571891861     
  0.41220775775346907        4.5507689561740241     
  0.50048824219328136       0.96752461074291651     
  0.60768816316668328       -2.0895659083090061     
  0.73829232115333110       -2.9739710163238371     
   6.2831853071800003E-003  -2.3802707907984267E-002
   8.8857658763173177E-003  0.61936295316239387     
   1.0882796185406024E-002   1.8294919371784488     
   1.2566370614360001E-002   3.7552868703538196     
   1.4781066825642925E-002   1.4658389484052949     
   1.9009758763406950E-002   1.3895632533176956     
   2.2558041930044626E-002   1.1750836368809479     
   2.7528404685550796E-002  0.66518394492760191     
   3.2924170772707526E-002   1.0039976019160739     
   3.9583345139207964E-002   1.1039816462866399     
   4.8482283607784241E-002  0.96905302649804959     
   5.9214978228736552E-002  0.87609816010339214     
   7.2080521460213362E-002  0.94867350062408806     
   8.7419255034663218E-002  0.77847392198107945     
  0.10579667824952024       0.75150396944684217     
  0.12854808104919171       0.80418558300650578     
  0.15632078169124311       0.83946112478954726     
  0.18975741449582317       0.79168957511724625     
  0.23032868064044379        1.0052203736337568     
  0.27962368063317661       0.96471382788252669     
  0.33948762138704197        1.0688029295949575     
  0.41220775775346907        1.1938623389678911     
  0.50048824219328136        1.1441883393182173     
  0.60768816316668328        1.0395960853373363     
  0.73829232115333110       0.81741325844496804     
   6.2831853071800003E-003  -8.4711745033915500E-002
   8.8857658763173177E-003  0.53650615558828729     
   1.0882796185406024E-002   1.6612121693348068     
   1.2566370614360001E-002   3.4473587070578824     
   1.4781066825642925E-002   1.3799331086150948     
   1.9009758763406950E-002   1.4879742138367560     
   2.2558041930044626E-002   1.1097287334320507     
   2.7528404685550796E-002  0.63156812319326916     
   3.2924170772707526E-002  0.97126387786342716     
   3.9583345139207964E-002   1.2379534395979594     
   4.8482283607784241E-002   1.0082791769536055     
   5.9214978228736552E-002  0.83655587906365769     
   7.2080521460213362E-002  0.91703432728160272     
   8.7419255034663218E-002  0.75875404620298792     
  0.10579667824952024       0.71851679280995784     
  0.12854808104919171       0.62284341127697540     
  0.15632078169124311       0.84619152110677121     
  0.18975741449582317       0.62069813826521580     
  0.23032868064044379       0.84815561399636330     
  0.27962368063317661       0.73430817025003248     
  0.33948762138704197       0.79138943768191461     
  0.41220775775346907       0.82650576658052821     
  0.50048824219328136       0.64722466289419234     
  0.60768816316668328       0.46544257369902686     
  0.73829232115333110       0.63670465297574330     
   6.2831853071800003E-003  0.21570530110343650     
   8.8857658763173177E-003  0.67529934087712340     
   1.0882796185406024E-002   1.4813491604851086     
   1.2566370614360001E-002   4.2457978379752861     
   1.4781066825642925E-002   1.4895149289707819     
   1.9009758763406950E-002   1.3191881516357333     
   2.2558041930044626E-002   1.3035577002766001     
   2.7528404685550796E-002  0.78499362177392862     
   3.2924170772707526E-002   1.1374648184490725     
   3.9583345139207964E-002   1.1154249884969261     
   4.8482283607784241E-002  0.81412453852249855     
   5.9214978228736552E-002  0.88519331560347980     
   7.2080521460213362E-002   1.0357280926532189     
   8.7419255034663218E-002  0.83580697978570573     
  0.10579667824952024       0.68281081293260748     
  0.12854808104919171       0.71820786107317380     
  0.15632078169124311       0.74025684401373026     
  0.18975741449582317       0.78579252724528326     
  0.23032868064044379       0.95394369349308017     
  0.27962368063317661       0.96365165212444737     
  0.33948762138704197       0.95703032102464469     
  0.41220775775346907        1.0320964450545547     
  0.50048824219328136       0.63699433708159314     
  0.60768816316668328       0.29203547974050686     
  0.73829232115333110       0.28386015538033971     
   6.2831853071800003E-003 -0.80139774460789515     
   8.8857658763173177E-003  -1.6278218870159313E-002
   1.0882796185406024E-002   2.3111495859181508     
   1.2566370614360001E-002   1.0470649584872225     
   1.4781066825642925E-002  0.85673076262277170     
   1.9009758763406950E-002   1.3473936871716841     
   2.2558041930044626E-002   1.0666427684070747     
   2.7528404685550796E-002  0.79784676740001859     
   3.2924170772707526E-002  0.91337190962693482     
   3.9583345139207964E-002   1.3502479504026017     
   4.8482283607784241E-002  0.85267988801908123     
   5.9214978228736552E-002   1.0525501965885373     
   7.2080521460213362E-002  0.80972510452181135     
   8.7419255034663218E-002  0.65088517562151815     
  0.10579667824952024       0.85688957246507591     
  0.12854808104919171       0.64818943655891736     
  0.15632078169124311       0.86572131700229282     
  0.18975741449582317       0.63728871970821321     
  0.23032868064044379       0.97697053239860432     
  0.27962368063317661       0.66241107175868597     
  0.33948762138704197       0.74913899427523212     
  0.41220775775346907       0.38447615291201825     
  0.50048824219328136       0.58611710547984208     
  0.60768816316668328       0.72032106946130814     
  0.73829232115333110       0.62239601267717626     
   6.2831853071800003E-003   1.5120435193691224     
   8.8857658763173177E-003 -0.30150958133213807     
   1.0882796185406024E-002   2.2277280070208563     
   1.2566370614360001E-002  0.72121517853112360     
   1.4781066825642925E-002   1.8009096791449350     
   1.9009758763406950E-002  0.38874928219787730     
   2.2558041930044626E-002   1.3949915632616650     
   2.7528404685550796E-002  0.49352014466998528     
   3.2924170772707526E-002  0.58004729230744012     
   3.9583345139207964E-002   1.0301029263462622     
   4.8482283607784241E-002  0.96727442679732201     
   5.9214978228736552E-002  0.98592769514049650     
   7.2080521460213362E-002   1.3387273790712912     
   8.7419255034663218E-002  0.93634180870924422     
  0.10579667824952024        1.3576512110251620     
  0.12854808104919171        1.0245046622091467     
  0.15632078169124311        1.6149675843065225     
  0.18975741449582317        1.5764837447247073     
  0.23032868064044379        2.0712105746879423     
  0.27962368063317661        1.9339468358044520     
  0.33948762138704197        2.0796683504627151     
  0.41220775775346907        2.2811326470213529     
  0.50048824219328136        2.9068330547330015     
  0.60768816316668328        2.6877397783724604     
  0.73829232115333110        2.5655328420129710     
   6.2831853071800003E-003 -0.19148663435143640     
   8.8857658763173177E-003   3.6896064685049113     
   1.0882796185406024E-002   2.1860462205591467     
   1.2566370614360001E-002   5.7765123589715524     
   1.4781066825642925E-002   1.2417093509169834     
   1.9009758763406950E-002   1.5376062899456151     
   2.2558041930044626E-002   1.1063064841222228     
   2.7528404685550796E-002  0.19338553412191128     
   3.2924170772707526E-002   1.1021246300738605     
   3.9583345139207964E-002  0.26950015941190913     
   4.8482283607784241E-002  0.79974924780928969     
   5.9214978228736552E-002   1.0654021506980673     
   7.2080521460213362E-002  0.94242839285423452     
   8.7419255034663218E-002  0.57836123285658059     
  0.10579667824952024       0.55139074825594148     
  0.12854808104919171       0.42367229236935378     
  0.15632078169124311       0.74613441673428083     
  0.18975741449582317       0.53085875041745256     
  0.23032868064044379       0.32696993117313272     
  0.27962368063317661       -2.6731578258691737E-002
  0.33948762138704197       0.21226490767224829     
  0.41220775775346907       0.15348561514829231     
  0.50048824219328136       0.37073922709013651     
  0.60768816316668328        1.1606518827312298     
  0.73829232115333110        1.9957543468401377     
   6.2831853071800003E-003  -8.1292264518259092     
   8.8857658763173177E-003   1.7082463852926493     
   1.0882796185406024E-002  0.35011299767925530     
   1.2566370614360001E-002  0.16095409213100825     
   1.4781066825642925E-002   2.8746050275590633     
   1.9009758763406950E-002   2.2923251681330781     
   2.2558041930044626E-002   1.3799958623720747     
   2.7528404685550796E-002 -0.49522613896990370     
   3.2924170772707526E-002  0.57819753268505714     
   3.9583345139207964E-002  0.43484311086155075     
   4.8482283607784241E-002  0.49857885829679088     
   5.9214978228736552E-002  0.84154183837949925     
   7.2080521460213362E-002   1.3882908395220261     
   8.7419255034663218E-002  0.75727629903790394     
  0.10579667824952024       0.28891291070808933     
  0.12854808104919171        1.2036711821864634     
  0.15632078169124311        2.3448561042910043     
  0.18975741449582317        1.6124977034970813     
  0.23032868064044379        1.8192255934037338     
  0.27962368063317661      -0.93818572187301152     
  0.33948762138704197       -1.9528965370010389     
  0.41220775775346907       -2.7560392020554372     
  0.50048824219328136       -1.1875491366334545     
  0.60768816316668328        8.1055309344545456     
  0.73829232115333110        17.698666906357495     
   6.2831853071800003E-003 -0.75111329565856255     
   8.8857658763173177E-003  -8.3737387467910622     
   1.0882796185406024E-002   1.9564032927555477     
   1.2566370614360001E-002  0.45993847225160772     
   1.4781066825642925E-002   2.1491965954844048     
   1.9009758763406950E-002 -0.31140125915606459     
   2.2558041930044626E-002  0.24676518517907492     
   2.7528404685550796E-002  0.71818152115336276     
   3.2924170772707526E-002   1.4827122863785591     
   3.9583345139207964E-002  0.81359688158216392     
   4.8482283607784241E-002   1.3218210047663526     
   5.9214978228736552E-002  -5.1359211512560258E-003
   7.2080521460213362E-002  0.60900367732187077     
   8.7419255034663218E-002   1.0525272306068958     
  0.10579667824952024        1.5082024965202845     
  0.12854808104919171        1.4585529780454967     
  0.15632078169124311        1.0310998188756040     
  0.18975741449582317       0.65793608117001323     
  0.23032868064044379       0.72773220088844459     
  0.27962368063317661      -0.18326952651972850     
  0.33948762138704197       -1.5747392419097177     
  0.41220775775346907      -0.79681442679134507     
  0.50048824219328136       -2.2496138554147356     
  0.60768816316668328      -0.26897436962578680     
  0.73829232115333110        2.4083581204816658     
   6.2831853071800003E-003  -4.1184907650831581     
   8.8857658763173177E-003   1.1587169409242506     
   1.0882796185406024E-002  0.13920964100815195     
   1.2566370614360001E-002  -4.5738677969068581E-002
   1.4781066825642925E-002  0.88418182241738963     
   1.9009758763406950E-002  0.20823872276171501     
   2.2558041930044626E-002  0.85449173743930651     
   2.7528404685550796E-002  0.93850502932011315     
   3.2924170772707526E-002   1.7358106282062205     
   3.9583345139207964E-002   1.5913963394162012     
   4.8482283607784241E-002   1.0399558648804366     
   5.9214978228736552E-002  0.50710545849868416     
   7.2080521460213362E-002   1.1206928166977981     
   8.7419255034663218E-002   1.1677998783748356     
  0.10579667824952024        1.3091574056998232     
  0.12854808104919171        1.0601789596567219     
  0.15632078169124311        1.3744809811196375     
  0.18975741449582317        1.1472136156772064     
  0.23032868064044379       0.98879579869601641     
  0.27962368063317661        1.3545672964044384     
  0.33948762138704197       0.96717614459529300     
  0.41220775775346907        1.1667666891760358     
  0.50048824219328136        1.2642967747308049     
  0.60768816316668328        1.2992110143558870     
  0.73829232115333110       0.71757445872988257     
   6.2831853071800003E-003  -6.1841518890947187     
   8.8857658763173177E-003   1.1391155097150771     
   1.0882796185406024E-002  0.75180419885614169     
   1.2566370614360001E-002 -0.29324060918449357     
   1.4781066825642925E-002  0.97660363567458386     
   1.9009758763406950E-002  0.38681746089888236     
   2.2558041930044626E-002   1.0396234408808169     
   2.7528404685550796E-002  0.88781873612536422     
   3.2924170772707526E-002   1.6681912610331009     
   3.9583345139207964E-002   1.6840932615102406     
   4.8482283607784241E-002   1.1425332659177645     
   5.9214978228736552E-002  0.35007291849135036     
   7.2080521460213362E-002   1.0110328719542470     
   8.7419255034663218E-002   1.0468959002562774     
  0.10579667824952024        1.2663252552920361     
  0.12854808104919171       0.99669040029002720     
  0.15632078169124311        1.4511588954217498     
  0.18975741449582317       0.86739714229469178     
  0.23032868064044379       0.74195848251820407     
  0.27962368063317661       0.88234500329334076     
  0.33948762138704197       0.97597097831013946     
  0.41220775775346907       0.51582444411328598     
  0.50048824219328136       0.26838855948915402     
  0.60768816316668328       0.13482954789490367     
  0.73829232115333110      -0.60715038626398521     
   6.2831853071800003E-003  -4.3353079660543488     
   8.8857658763173177E-003   1.3210597533173787     
   1.0882796185406024E-002  0.97552574275462445     
   1.2566370614360001E-002  -1.1831512086423528     
   1.4781066825642925E-002  0.73377803713821177     
   1.9009758763406950E-002  0.44460950632613716     
   2.2558041930044626E-002  0.22107530151242183     
   2.7528404685550796E-002  0.86937199673559484     
   3.2924170772707526E-002   1.7978993987820704     
   3.9583345139207964E-002   1.4636782331581804     
   4.8482283607784241E-002  0.85533900131210905     
   5.9214978228736552E-002  0.42216970504314594     
   7.2080521460213362E-002   1.4472028614079502     
   8.7419255034663218E-002  0.94007702127089787     
  0.10579667824952024        1.1855735310827920     
  0.12854808104919171        1.1321833538528023     
  0.15632078169124311        1.5034611953450561     
  0.18975741449582317       0.80296039112366535     
  0.23032868064044379       0.84815930166718745     
  0.27962368063317661        1.0406573457440775     
  0.33948762138704197       0.91480703426963450     
  0.41220775775346907       0.84233830255135200     
  0.50048824219328136       0.65820025480108224     
  0.60768816316668328       0.47623484070333788     
  0.73829232115333110        1.3014342699596668     
   6.2831853071800003E-003  -1.8676623255476856     
   8.8857658763173177E-003   2.9791413651431045     
   1.0882796185406024E-002  0.90388557627407617     
   1.2566370614360001E-002  -1.7252665202321256     
   1.4781066825642925E-002  0.41059260871853454     
   1.9009758763406950E-002   5.9270808486457514E-002
   2.2558041930044626E-002  0.69710939358646651     
   2.7528404685550796E-002  0.82499668323862374     
   3.2924170772707526E-002   1.0659040819411190     
   3.9583345139207964E-002   1.4188202884989278     
   4.8482283607784241E-002   1.4123391502682576     
   5.9214978228736552E-002  0.66458456550975442     
   7.2080521460213362E-002   1.0822218620904589     
   8.7419255034663218E-002   1.2061915234373519     
  0.10579667824952024       0.96454647962343254     
  0.12854808104919171        1.0410992263143974     
  0.15632078169124311        1.0969837240668683     
  0.18975741449582317        1.3522182723844460     
  0.23032868064044379        1.2590129124176397     
  0.27962368063317661        1.4416974014441135     
  0.33948762138704197       0.85237770414190506     
  0.41220775775346907       0.34204516829375092     
  0.50048824219328136       0.44771452629291614     
  0.60768816316668328       0.29181080688488270     
  0.73829232115333110      -0.40615829091877614     
   6.2831853071800003E-003 -0.39613608466635092     
   8.8857658763173177E-003   3.9052985600795425     
   1.0882796185406024E-002   5.8050837957409819E-002
   1.2566370614360001E-002  -7.9339426063641536     
   1.4781066825642925E-002  0.58664614063098808     
   1.9009758763406950E-002   1.0120999282888976     
   2.2558041930044626E-002  0.66894922114607147     
   2.7528404685550796E-002  0.90222066743786133     
   3.2924170772707526E-002   1.4782810583870236     
   3.9583345139207964E-002   1.3451219660956886     
   4.8482283607784241E-002   1.0680478109060512     
   5.9214978228736552E-002  0.32842641325105154     
   7.2080521460213362E-002  0.83534205758926450     
   8.7419255034663218E-002   1.9905765934285589     
  0.10579667824952024        1.5312178805319456     
  0.12854808104919171        1.6191676615941872     
  0.15632078169124311        2.2228269124757887     
  0.18975741449582317        2.0521011477784330     
  0.23032868064044379        2.0908007711686110     
  0.27962368063317661        2.4674131999711761     
  0.33948762138704197        3.5761461617774297     
  0.41220775775346907        4.1605679992391877     
  0.50048824219328136        5.2289909616886243     
  0.60768816316668328        2.3939949979394344     
  0.73829232115333110        1.3551314553669893     
   6.2831853071800003E-003  -12.146315735496682     
   8.8857658763173177E-003 -0.34386258605208370     
   1.0882796185406024E-002  0.59362580547502086     
   1.2566370614360001E-002  -5.0232177940341760     
   1.4781066825642925E-002   3.1263854686034969     
   1.9009758763406950E-002 -0.58215654722762322     
   2.2558041930044626E-002  -1.3885455176217150     
   2.7528404685550796E-002  0.25921813503027114     
   3.2924170772707526E-002   1.4100417873133348     
   3.9583345139207964E-002   1.7595866408364125     
   4.8482283607784241E-002  0.77224117976833051     
   5.9214978228736552E-002  0.39840739918133500     
   7.2080521460213362E-002  0.82424609906006996     
   8.7419255034663218E-002   1.5364181425043897     
  0.10579667824952024       0.43087954578888082     
  0.12854808104919171        2.0551689736759187     
  0.15632078169124311        1.9324846739402717     
  0.18975741449582317        4.9402364555543965     
  0.23032868064044379        3.4564121986021821     
  0.27962368063317661        6.2987766045008442     
  0.33948762138704197        5.0475421571891861     
  0.41220775775346907        4.5507689561740241     
  0.50048824219328136       0.96752461074291651     
  0.60768816316668328       -2.0895659083090061     
  0.73829232115333110       -2.9739710163238371     
   6.2831853071800003E-003 -0.75111329565856255     
   8.8857658763173177E-003  -8.3737387467910622     
   1.0882796185406024E-002   1.9564032927555477     
   1.2566370614360001E-002  0.45993847225160772     
   1.4781066825642925E-002   2.1491965954844048     
   1.9009758763406950E-002 -0.31140125915606459     
   2.2558041930044626E-002  0.24676518517907492     
   2.7528404685550796E-002  0.71818152115336276     
   3.2924170772707526E-002   1.4827122863785591     
   3.9583345139207964E-002  0.81359688158216392     
   4.8482283607784241E-002   1.3218210047663526     
   5.9214978228736552E-002  -5.1359211512560258E-003
   7.2080521460213362E-002  0.60900367732187077     
   8.7419255034663218E-002   1.0525272306068958     
  0.10579667824952024        1.5082024965202845     
  0.12854808104919171        1.4585529780454967     
  0.15632078169124311        1.0310998188756040     
  0.18975741449582317       0.65793608117001323     
  0.23032868064044379       0.72773220088844459     
  0.27962368063317661      -0.18326952651972850     
  0.33948762138704197       -1.5747392419097177     
  0.41220775775346907      -0.79681442679134507     
  0.50048824219328136       -2.2496138554147356     
  0.60768816316668328      -0.26897436962578680     
  0.73829232115333110        2.4083581204816658     
   6.2831853071800003E-003  -14.622001754365241     
   8.8857658763173177E-003   3.0567189371346024     
   1.0882796185406024E-002  -9.0621522452497043     
   1.2566370614360001E-002  -13.901482357310336     
   1.4781066825642925E-002  -2.0473693490436924     
   1.9009758763406950E-002 -0.86495418124001955     
   2.2558041930044626E-002 -0.60553998372999618     
   2.7528404685550796E-002  -2.6025879320569798     
   3.2924170772707526E-002  0.92327511735870416     
   3.9583345139207964E-002 -0.46202279391306766     
   4.8482283607784241E-002  0.49126909489143195     
   5.9214978228736552E-002  0.97850221103702872     
   7.2080521460213362E-002   1.2269825834533339     
   8.7419255034663218E-002   3.2897430682554275E-002
  0.10579667824952024       -1.9034577477987424     
  0.12854808104919171        1.4176393883355507     
  0.15632078169124311      -0.59961476251449963     
  0.18975741449582317      -0.14214628060693577     
  0.23032868064044379        1.1586609244566808     
  0.27962368063317661        1.6698797177771614     
  0.33948762138704197        2.9344450351259237     
  0.41220775775346907        7.4243861979251031     
  0.50048824219328136        19.300381652849346     
  0.60768816316668328        43.223366020131962     
  0.73829232115333110        115.22310201526852     
