   907465875134.50098        4.1379709601700566E-015   4.2906729114471443E-015
   996449110089.84851        3.1888936753163472E-015   3.5969878317099346E-015
   1094157759763.3474        2.9419416643106976E-015   3.0151856481732857E-015
   1201447410738.7168        2.4382509475245536E-015   2.5271394603550363E-015
   1319257545715.3203        2.0076365693467287E-015   2.1178373784851904E-015
   1448619770096.0466        1.7567822513757968E-015   1.7746310416733158E-015
   1590666845248.3909        1.4261539809256707E-015   1.4867905983102843E-015
   1746642607538.5598        1.1529744959243638E-015   1.2454767427224237E-015
   1917912859994.7070        1.0325900671642875E-015   1.0431284456619339E-015
   2105977331972.2314        8.2964686220034641E-016   8.7352214791516295E-016
   2312482811546.0454        7.1861714444574796E-016   7.3133278214094718E-016
   2539237565623.7188        6.1287667222596641E-016   6.1217763620066094E-016
   2788227174049.3262        4.8252714353987171E-016   5.1230824480264688E-016
   3061631916349.4629        4.2059585557747821E-016   4.2863853801305395E-016
   3361845863368.6118        3.5063548162145339E-016   3.5852852433878285E-016
   3691497840969.9233        2.9612687227842141E-016   2.9981369017207720E-016
   4053474449370.2100        2.4311062728608681E-016   2.5063135643504492E-016
   4450945339678.1768        2.0651730811702762E-016   2.0946238890115255E-016
   4887390968970.0654        1.7399829924925271E-016   1.7499450750580105E-016
   5366633076940.2949        1.4150244188152769E-016   1.4615148976909489E-016
   5892868150996.0986        1.1950333698583911E-016   1.2201306855906489E-016
   6470704172833.5605        1.0024541400520777E-016   1.0182265863635877E-016
   7105200968266.7285        8.3514592545337006E-017   8.4933414276746482E-017
   7801914513633.4160        7.0014855501930960E-017   7.0815165819159258E-017
   8566945586747.0820        5.8025676508000046E-017   5.9012297980380449E-017
   9406993188407.2617        4.8662296785698151E-017   4.9153544908283004E-017
   10329413202254.428        4.0306753588189616E-017   4.0918076235362590E-017
   11342282806624.777        3.3503933913593133E-017   3.4043530164945527E-017
   12454471202427.873        2.8093197334104359E-017   2.8305254594757736E-017
   13675717276376.373        2.3143310083452582E-017   2.3519325747804466E-017
   15016714879626.568        1.9247693255827300E-017   1.9528091750197464E-017
   16489206468572.789        1.6176305779026597E-017   1.6202314461673275E-017
   18106085927762.125        1.3425611423359999E-017   1.3431537210827078E-017
   19881511475299.078        1.0950655328282312E-017   1.1125796032897056E-017
   21831029639397.273        8.9839508668169432E-018   9.2073132205676601E-018
   23971711391679.938        7.5580134639441522E-018   7.6123677789681184E-018
   26322301629281.414        6.1665157268380754E-018   6.2874905660502419E-018
   28903383314691.039        5.1033966974676683E-018   5.1873420009940615E-018
   31737557710631.195        4.1749153977334244E-018   4.2748910434767453E-018
   34849642288197.789        3.4853295610929173E-018   3.5184164560973870E-018
   38266888041247.070        2.8442804116715779E-018   2.8921734230667617E-018
   42019218109944.703        2.3120552804458591E-018   2.3739997328127854E-018
   46139489802985.531        1.9244671127491370E-018   1.9458767876729793E-018
   50663782312883.484        1.5380964640734235E-018   1.5923750321652994E-018
   55631712643713.500        1.2883693931110241E-018   1.3009942539228693E-018
   61086782517729.562        1.0415883216854262E-018   1.0609962485152847E-018
   67076759298548.664        8.5170933046208898E-019   8.6369191305293907E-019
   73654094266457.531        6.9135408680447036E-019   7.0163877943764048E-019
   80876381908473.938        5.5073226249795667E-019   5.6880384019459544E-019
   88806864244940.156        4.3440537396416472E-019   4.6004741924341885E-019
   97514984608787.531        3.5901042453522292E-019   3.7120377137586539E-019
   107076995726643.53        2.8902599347214946E-019   2.9872840812679465E-019
   117576627426451.81        2.3394947052315987E-019   2.3976196382587630E-019
   129105819818391.00        1.9021235709092467E-019   1.9186422443764077E-019
   141765528369194.78        1.4955658840127920E-019   1.5307114707703839E-019
   155666607919514.62        1.1128127057971205E-019   1.2171345442821656E-019
   170930783385232.09        9.1965918456402040E-020   9.6446248497707345E-020
   187691715642673.78        7.2479939526435364E-020   7.6134818266052566E-020
   206096171931158.75        6.0355600869784217E-020   5.9865793979699517E-020
   226305311021518.75        4.2924343311531739E-020   4.6871207007807426E-020
   248496094404183.94        3.4059646565868907E-020   3.6533940449631751E-020
   272862835853911.69        2.6710038191439041E-020   2.8337963529987990E-020
   299618902939929.50        1.9652459597960695E-020   2.1869262510325411E-020
   328998585380788.44        1.5493833021495814E-020   1.6783945607819350E-020
   361259146604181.19        1.1447921325453998E-020   1.2806869670968762E-020
   396683076476236.19        9.3210953115870587E-021   9.7109071704332023E-021
   435580564926326.94        7.3846943469246028E-021   7.3146485172529309E-021
   478292218127697.62        5.4963744860230230E-021   5.4710959356080128E-021
   525192041018186.31        3.2963354521437724E-021   4.0610017761375040E-021
   576690712277502.00        2.9278488507884653E-021   2.9903373300382545E-021
   633239180438413.25        2.1769901043087412E-021   2.1828800847185063E-021
   695332612621229.62        1.5676246912021024E-021   1.5789645526416464E-021
   763514730468712.00        6.5783194644233589E-022   1.1308631945864586E-021
   838382571249055.50        7.7753888308433969E-022   8.0148500158043632E-022
   920591715817568.88        5.2237210114318027E-022   5.6162404171622454E-022
   1010862029215746.5        4.7572409981583068E-022   3.8886254308115252E-022
   1109983964175350.9        1.7329671217149045E-022   2.6577082485576069E-022
   1218825482724180.0        1.2274986770899118E-022   1.7916809282519176E-022
   1338339656502602.5        5.5894131970839382E-023   1.1900334193336198E-022
   1469573012343098.0        8.7261887155449483E-023   7.7807148964385794E-023
   1613674696190966.5        3.9734685891920739E-023   5.0011588829224951E-023
   1771906535610140.8        2.4124243537034726E-023   3.1571011219334303E-023
   1945654088986456.0        1.6477455460309978E-023   1.9543911775307625E-023
   2136438778180912.5        0.0000000000000000        1.1849916538358222E-023
   2345931210872563.0        0.0000000000000000        7.0251271711154044E-024
   2575965809248190.5        0.0000000000000000        4.0661376300393449E-024
   2828556873135088.0        0.0000000000000000        2.2932551667948909E-024
   3105916218233814.5        0.0000000000000000        1.2581085989205692E-024
   3410472543900336.5        0.0000000000000000        6.6987818398525730E-025
   3744892700071688.0        0.0000000000000000        3.4547175814302946E-025
   4112105039559011.5        0.0000000000000000        1.7211879371272750E-025
   4515325060192744.0        0.0000000000000000        8.2642012357475816E-026
   4958083561355490.0        0.0000000000000000        3.8125364265489990E-026
   5444257561455431.0        0.0000000000000000        1.6851123800497694E-026
   5978104247069502.0        0.0000000000000000        7.1107985256409872E-027
   6564298251032146.0        0.0000000000000000        2.8550478632633129E-027
   7207972585895685.0        0.0000000000000000        1.0862649609685318E-027
   7914763591196472.0        0.0000000000000000        3.9002860593410569E-028
   8690860288107631.0        0.0000000000000000        1.3156944869605844E-028
   9543058573653238.0        0.0000000000000000        4.1481353770116138E-029
