   907465875134.50098        4.1048328060601237E-015   4.2935351713759573E-015
   996449110089.84851        3.1559478333799707E-015   3.5969070253007730E-015
   1094157759763.3474        2.9108440095994258E-015   3.0129580206376831E-015
   1201447410738.7168        2.4152315459661642E-015   2.5233913875388770E-015
   1319257545715.3203        1.9784428305344644E-015   2.1130580408863499E-015
   1448619770096.0466        1.7395348122164822E-015   1.7691991239822700E-015
   1590666845248.3909        1.4042323749422786E-015   1.4809965524461001E-015
   1746642607538.5598        1.1373606049438813E-015   1.2395400617705812E-015
   1917912859994.7070        1.0159745719112985E-015   1.0372127288866672E-015
   2105977331972.2314        8.1589536067394887E-016   8.6774621483266529E-016
   2312482811546.0454        7.0647721725121290E-016   7.2578080609400747E-016
   2539237565623.7188        6.0017109789256534E-016   6.0690620788883193E-016
   2788227174049.3262        4.7269240045367179E-016   5.0735312036173521E-016
   3061631916349.4629        4.1237584346214975E-016   4.2401903746749061E-016
   3361845863368.6118        3.4349918208887889E-016   3.5425201470114800E-016
   3691497840969.9233        2.8945994309600225E-016   2.9587813439963965E-016
   4053474449370.2100        2.3648541846345753E-016   2.4702840149306889E-016
   4450945339678.1768        2.0134807293274627E-016   2.0617867736693980E-016
   4887390968970.0654        1.6941749779999999E-016   1.7201380034678115E-016
   5366633076940.2949        1.3756567871185966E-016   1.4345543801462554E-016
   5892868150996.0986        1.1556450351694411E-016   1.1958244291541385E-016
   6470704172833.5605        9.7931639066225318E-017   9.9637734478766139E-017
   7105200968266.7285        8.0477944385900422E-017   8.2974744376959300E-017
   7801914513633.4160        6.7605509488395142E-017   6.9063662893033603E-017
   8566945586747.0820        5.5759136227779132E-017   5.7449773291091193E-017
   9406993188407.2617        4.6977587986249318E-017   4.7762587735931171E-017
   10329413202254.428        3.8506605969004556E-017   3.9682440870048550E-017
   11342282806624.777        3.2219742070954565E-017   3.2947994513265477E-017
   12454471202427.873        2.6764088184398249E-017   2.7335797491280023E-017
   13675717276376.373        2.2055573728110515E-017   2.2662968059452949E-017
   15016714879626.568        1.8489797987684580E-017   1.8773000262424595E-017
   16489206468572.789        1.5286479343345366E-017   1.5537647624324393E-017
   18106085927762.125        1.2795852449045798E-017   1.2847486790657931E-017
   19881511475299.078        1.0242756979126674E-017   1.0613412974494758E-017
   21831029639397.273        8.5228337896883231E-018   8.7585631848031657E-018
   23971711391679.938        7.0422283054102724E-018   7.2200003555412571E-018
   26322301629281.414        5.8295476543332625E-018   5.9449842814566405E-018
   28903383314691.039        4.7218343275635433E-018   4.8888788224559530E-018
   31737557710631.195        3.9324814041558724E-018   4.0152455509664882E-018
   34849642288197.789        3.1826707297715453E-018   3.2929484467327165E-018
   38266888041247.070        2.5965752840179019E-018   2.6967254514309021E-018
   42019218109944.703        2.1378436571804959E-018   2.2048940333172576E-018
   46139489802985.531        1.7507578415297541E-018   1.7998346044523005E-018
   50663782312883.484        1.4216634898319905E-018   1.4665056167546205E-018
   55631712643713.500        1.1496780703398656E-018   1.1927265015863107E-018
   61086782517729.562        9.6199096085793727E-019   9.6807104860761254E-019
   67076759298548.664        7.5611905768295435E-019   7.8410703266982147E-019
   73654094266457.531        6.0357460673800560E-019   6.3363991435058120E-019
   80876381908473.938        4.8730820155769301E-019   5.1084244880711708E-019
   88806864244940.156        3.9950854336870550E-019   4.1077028919232163E-019
   97514984608787.531        3.1868202519793294E-019   3.2942018233931912E-019
   107076995726643.53        2.4641062772193962E-019   2.6340117613969839E-019
   117576627426451.81        2.0622818516590899E-019   2.0998047132771738E-019
   129105819818391.00        1.6256617464167801E-019   1.6683826804481800E-019
   141765528369194.78        1.2415307514965064E-019   1.3210967922348448E-019
   155666607919514.62        9.8924312711514542E-020   1.0421890850394739E-019
   170930783385232.09        8.0649921691882143E-020   8.1898642269009984E-020
   187691715642673.78        5.9156839880570569E-020   6.4086130369440787E-020
   206096171931158.75        4.7237072502039020E-020   4.9927891258281991E-020
   226305311021518.75        3.4849466846986162E-020   3.8711179268405773E-020
   248496094404183.94        2.7866983553892738E-020   2.9864927043590978E-020
   272862835853911.69        2.1109546312588917E-020   2.2915172262917280E-020
   299618902939929.50        1.6478105869796443E-020   1.7483086702472651E-020
   328998585380788.44        1.2148204507420199E-020   1.3256580244973593E-020
   361259146604181.19        9.4659814577397408E-021   9.9871338723956924E-021
   396683076476236.19        7.0581704382537850E-021   7.4714847845249565E-021
   435580564926326.94        5.2747816763747164E-021   5.5482892301793830E-021
   478292218127697.62        3.4631627859088151E-021   4.0879628893323316E-021
   525192041018186.31        2.8283372089381752E-021   2.9864759282739115E-021
   576690712277502.00        2.1680906046977876E-021   2.1624283054909276E-021
   633239180438413.25        1.1644365674209546E-021   1.5506861524300589E-021
   695332612621229.62        9.6823877986012213E-022   1.1007490213147071E-021
   763514730468712.00        6.8582479522711610E-022   7.7280136926391412E-022
   838382571249055.50        4.2063578920956082E-022   5.3626994519405902E-022
   920591715817568.88        4.1789768091454420E-022   3.6746743642810529E-022
   1010862029215746.5        1.6914634660118424E-022   2.4846952070279910E-022
   1109983964175350.9        9.6275951206383576E-023   1.6560296123422433E-022
   1218825482724180.0        1.0521417232199244E-022   1.0870350256641924E-022
   1338339656502602.5        7.9848759958341978E-023   7.0187154268677660E-023
   1469573012343098.0        2.9087295718483157E-023   4.4532699480044835E-023
   1613674696190966.5        2.6489790594613824E-023   2.7725855121684547E-023
   1771906535610140.8        6.0310608842586815E-024   1.6919833259474888E-023
   1945654088986456.0        0.0000000000000000        1.0103930681082246E-023
   2136438778180912.5        0.0000000000000000        5.8962878285931286E-024
   2345931210872563.0        0.0000000000000000        3.3561823212913988E-024
   2575965809248190.5        0.0000000000000000        1.8602404399161813E-024
   2828556873135088.0        0.0000000000000000        1.0018949198950358E-024
   3105916218233814.5        0.0000000000000000        5.2332375880991671E-025
   3410472543900336.5        0.0000000000000000        2.6444542962727511E-025
   3744892700071688.0        0.0000000000000000        1.2898653511250467E-025
   4112105039559011.5        0.0000000000000000        6.0554301408655624E-026
   4515325060192744.0        0.0000000000000000        2.7288303293542757E-026
   4958083561355490.0        0.0000000000000000        1.1765048212172362E-026
   5444257561455431.0        0.0000000000000000        4.8374687581953113E-027
   5978104247069502.0        0.0000000000000000        1.8896077393393248E-027
   6564298251032146.0        0.0000000000000000        6.9858825484413801E-028
   7207972585895685.0        0.0000000000000000        2.4333879310382145E-028
   7914763591196472.0        0.0000000000000000        7.9498754726698971E-029
   8690860288107631.0        0.0000000000000000        2.4239230164819994E-029
   9543058573653238.0        0.0000000000000000        6.8580607906556560E-030
