   1.2566370614360001E-002   1.2821144353860603     
   1.7771531752634635E-002   1.1391988682390715     
   2.1765592370812048E-002  0.88925286929330172     
   2.5132741228720001E-002  0.82616341492106660     
   2.9562133651285849E-002  0.97613156215052943     
   3.8019517526813901E-002  0.96002552646660422     
   4.5116083860089251E-002   1.0539965254157388     
   5.5056809371101592E-002  0.99286819066516951     
   6.5848341545415051E-002   1.0441469079502685     
   7.9166690278415927E-002   1.0162564588150020     
   9.6964567215568481E-002   1.0912532844410829     
  0.11842995645747310        1.0581780191441710     
  0.14416104292042672        1.0940972796956308     
  0.17483851006932644        1.0980011932004707     
  0.21159335649904049        1.1814011944083920     
  0.25709616209838343        1.1928754804615656     
  0.31264156338248622        1.3032696826288606     
  0.37951482899164635        1.4150015124178199     
  0.46065736128088758        1.5537882080213283     
  0.55924736126635322        1.7367073436842015     
  0.67897524277408394        1.9548296948795938     
  0.82441551550693815        2.1815487134865044     
   1.0009764843865627        2.4541841192741041     
   1.2153763263333666        2.7425929671470408     
   1.4765846423066622        3.0156048607416639     
   1.2566370614360001E-002   1.2718193424668303     
   1.7771531752634635E-002   1.2051175702467702     
   2.1765592370812048E-002  0.81324123555101080     
   2.5132741228720001E-002  0.95914019767075553     
   2.9562133651285849E-002  0.98077560962592247     
   3.8019517526813901E-002  0.94757490722900473     
   4.5116083860089251E-002   1.1046261435637093     
   5.5056809371101592E-002  0.97863876447161036     
   6.5848341545415051E-002   1.0451579615509907     
   7.9166690278415927E-002   1.0046205732400577     
   9.6964567215568481E-002   1.1172792627986681     
  0.11842995645747310        1.0828869566362760     
  0.14416104292042672        1.1208188183522894     
  0.17483851006932644        1.1281181483434868     
  0.21159335649904049        1.1814528429913014     
  0.25709616209838343        1.2021655267741482     
  0.31264156338248622        1.3157559430950563     
  0.37951482899164635        1.4365480304669314     
  0.46065736128088758        1.5592742879744694     
  0.55924736126635322        1.7455398668571549     
  0.67897524277408394        1.9570954237405120     
  0.82441551550693815        2.1599869974418473     
   1.0009764843865627        2.3212064295915931     
   1.2153763263333666        2.5046834400884710     
   1.4765846423066622        2.6268460883819214     
   1.2566370614360001E-002   1.2360034447167454     
   1.7771531752634635E-002  0.89782438889325711     
   2.1765592370812048E-002  0.84264627158650185     
   2.5132741228720001E-002   1.0371346067395881     
   2.9562133651285849E-002   1.0397753717319653     
   3.8019517526813901E-002  0.97687588176915008     
   4.5116083860089251E-002   1.1111150243812462     
   5.5056809371101592E-002  0.97548361078387802     
   6.5848341545415051E-002   1.0039140757789975     
   7.9166690278415927E-002   1.0197562187875790     
   9.6964567215568481E-002   1.0672062526130806     
  0.11842995645747310       0.99998289847837352     
  0.14416104292042672        1.0748949303095590     
  0.17483851006932644        1.0949311997846602     
  0.21159335649904049        1.1169187274117351     
  0.25709616209838343        1.1890421490195080     
  0.31264156338248622        1.2872615601405364     
  0.37951482899164635        1.3537535288784244     
  0.46065736128088758        1.4732395313772999     
  0.55924736126635322        1.6325171220244155     
  0.67897524277408394        1.7767981757070599     
  0.82441551550693815        1.9104821538783694     
   1.0009764843865627        1.9934583595349253     
   1.2153763263333666        2.0547734749825004     
   1.4765846423066622        1.8279517056754802     
   1.2566370614360001E-002  0.32451232879752906     
   1.7771531752634635E-002   1.3327425390841208     
   2.1765592370812048E-002   1.1676757978193966     
   2.5132741228720001E-002   1.0340656046154999     
   2.9562133651285849E-002  0.92114734306636126     
   3.8019517526813901E-002   1.0480650754687615     
   4.5116083860089251E-002   1.0164823208981257     
   5.5056809371101592E-002   1.0179266688141313     
   6.5848341545415051E-002   1.0274401481682809     
   7.9166690278415927E-002   1.0184529472386605     
   9.6964567215568481E-002   1.0953813878539400     
  0.11842995645747310       0.95319436978673211     
  0.14416104292042672        1.0169821324360548     
  0.17483851006932644        1.0506514046867585     
  0.21159335649904049        1.1193692313652206     
  0.25709616209838343        1.1307443501817298     
  0.31264156338248622        1.2211840640577862     
  0.37951482899164635        1.3287994732797637     
  0.46065736128088758        1.4682461861737028     
  0.55924736126635322        1.5593193763124691     
  0.67897524277408394        1.7161466799863692     
  0.82441551550693815        1.7409432789308581     
   1.0009764843865627        1.7424124532082621     
   1.2153763263333666        1.4765122848921732     
   1.4765846423066622       0.96950965980183657     
   1.2566370614360001E-002  0.38243704364694797     
   1.7771531752634635E-002   1.8713355361639161     
   2.1765592370812048E-002   1.3720928006020525     
   2.5132741228720001E-002   1.4163861261287201     
   2.9562133651285849E-002   1.2499997008276351     
   3.8019517526813901E-002  0.86781331840965814     
   4.5116083860089251E-002   1.2617139709784735     
   5.5056809371101592E-002   1.2637028435217164     
   6.5848341545415051E-002   1.4661918747455698     
   7.9166690278415927E-002   1.3448969641232675     
   9.6964567215568481E-002   1.4931564194471318     
  0.11842995645747310        1.1487678821406946     
  0.14416104292042672        1.4907731485994831     
  0.17483851006932644        1.5359430623367036     
  0.21159335649904049        1.4322683806333498     
  0.25709616209838343        1.4644604007670008     
  0.31264156338248622        1.6433919842762574     
  0.37951482899164635        1.8468131274759816     
  0.46065736128088758        1.8522392271040178     
  0.55924736126635322        2.0460804744360903     
  0.67897524277408394        2.1890968448747059     
  0.82441551550693815        2.1611771821605434     
   1.0009764843865627        1.6862386324197705     
   1.2153763263333666        1.0194430002790704     
   1.4765846423066622      -0.16714626048656342     
   1.2566370614360001E-002   2.5209498171201776     
   1.7771531752634635E-002   1.7218712669616909     
   2.1765592370812048E-002   1.6969516271014282     
   2.5132741228720001E-002  0.74917808933722474     
   2.9562133651285849E-002  0.68922129676013610     
   3.8019517526813901E-002   1.3919862555642979     
   4.5116083860089251E-002  0.58115811245600146     
   5.5056809371101592E-002   1.0965111048519602     
   6.5848341545415051E-002  0.88416522300873956     
   7.9166690278415927E-002  0.93145503213687997     
   9.6964567215568481E-002  0.90447702097424132     
  0.11842995645747310       0.90993644255409778     
  0.14416104292042672       0.83971871406306942     
  0.17483851006932644       0.73718964129633258     
  0.21159335649904049       0.91810792981952727     
  0.25709616209838343        1.0262982324529917     
  0.31264156338248622       0.98542989873862086     
  0.37951482899164635        1.0403646132652258     
  0.46065736128088758        1.1515722238516024     
  0.55924736126635322        1.3460135512909244     
  0.67897524277408394        1.1843808693200477     
  0.82441551550693815        1.1360667826052235     
   1.0009764843865627       0.55735317095653747     
   1.2153763263333666       -5.8484876225980802E-004
   1.4765846423066622       -1.2482390039017697     
   1.2566370614360001E-002  0.90201626834184245     
   1.7771531752634635E-002 -0.15475359542786313     
   2.1765592370812048E-002   3.0354951405538375     
   2.5132741228720001E-002  -6.1957641667184288E-002
   2.9562133651285849E-002   1.1543716985749881     
   3.8019517526813901E-002   1.7211569755302234     
   4.5116083860089251E-002  0.78231281569490185     
   5.5056809371101592E-002  0.86825958822131410     
   6.5848341545415051E-002  0.64498581681385148     
   7.9166690278415927E-002  0.65888305015087056     
   9.6964567215568481E-002  0.70087617298003024     
  0.11842995645747310       0.87299505223753027     
  0.14416104292042672       0.90915707678568336     
  0.17483851006932644       0.71298744404688619     
  0.21159335649904049       0.56828782042178450     
  0.25709616209838343       0.79092579104004401     
  0.31264156338248622       0.66469834200909372     
  0.37951482899164635       0.89430907441466212     
  0.46065736128088758        1.0192953094697303     
  0.55924736126635322        1.0080140763200396     
  0.67897524277408394       0.91010019810920451     
  0.82441551550693815       0.40115946427888644     
   1.0009764843865627      -0.21176229152619808     
   1.2153763263333666      -0.83357936030795377     
   1.4765846423066622       -2.4355642052484017     
   1.2566370614360001E-002   3.7153869502954069     
   1.7771531752634635E-002 -0.60898590397884089     
   2.1765592370812048E-002   1.6081661529056770     
   2.5132741228720001E-002   2.8162457898358118     
   2.9562133651285849E-002  0.63982221496660951     
   3.8019517526813901E-002  0.56660065588854636     
   4.5116083860089251E-002  0.95565989337250445     
   5.5056809371101592E-002  0.48760830180705234     
   6.5848341545415051E-002   1.0395253415651224     
   7.9166690278415927E-002  0.95095683744302484     
   9.6964567215568481E-002   1.1391321664530236     
  0.11842995645747310       0.90484937309816604     
  0.14416104292042672       0.72626118209665713     
  0.17483851006932644       0.73646830535970709     
  0.21159335649904049       0.61472078310688039     
  0.25709616209838343       0.60555464891735744     
  0.31264156338248622       0.45054460114450678     
  0.37951482899164635        1.0836650883687893     
  0.46065736128088758       0.89579504391552045     
  0.55924736126635322        1.0513186137482355     
  0.67897524277408394       0.64944934396839715     
  0.82441551550693815        5.4850538411304460E-002
   1.0009764843865627      -0.55444164197350432     
   1.2153763263333666       -1.3504632563491519     
   1.4765846423066622       -2.0412684193870425     
   1.2566370614360001E-002   1.2718193424668303     
   1.7771531752634635E-002   1.2051175702467702     
   2.1765592370812048E-002  0.81324123555101080     
   2.5132741228720001E-002  0.95914019767075553     
   2.9562133651285849E-002  0.98077560962592247     
   3.8019517526813901E-002  0.94757490722900473     
   4.5116083860089251E-002   1.1046261435637093     
   5.5056809371101592E-002  0.97863876447161036     
   6.5848341545415051E-002   1.0451579615509907     
   7.9166690278415927E-002   1.0046205732400577     
   9.6964567215568481E-002   1.1172792627986681     
  0.11842995645747310        1.0828869566362760     
  0.14416104292042672        1.1208188183522894     
  0.17483851006932644        1.1281181483434868     
  0.21159335649904049        1.1814528429913014     
  0.25709616209838343        1.2021655267741482     
  0.31264156338248622        1.3157559430950563     
  0.37951482899164635        1.4365480304669314     
  0.46065736128088758        1.5592742879744694     
  0.55924736126635322        1.7455398668571549     
  0.67897524277408394        1.9570954237405120     
  0.82441551550693815        2.1599869974418473     
   1.0009764843865627        2.3212064295915931     
   1.2153763263333666        2.5046834400884710     
   1.4765846423066622        2.6268460883819214     
   1.2566370614360001E-002   1.2429484342600896     
   1.7771531752634635E-002   1.2386527410780535     
   2.1765592370812048E-002  0.71904709334256067     
   2.5132741228720001E-002   1.1083089917078068     
   2.9562133651285849E-002  0.97325132572911899     
   3.8019517526813901E-002   1.0012470548908043     
   4.5116083860089251E-002   1.1768684056802952     
   5.5056809371101592E-002  0.95419525742030098     
   6.5848341545415051E-002   1.0121864996532544     
   7.9166690278415927E-002  0.99116269741668594     
   9.6964567215568481E-002   1.1361794379027093     
  0.11842995645747310        1.1046918431900388     
  0.14416104292042672        1.1515779216383180     
  0.17483851006932644        1.1819469091106034     
  0.21159335649904049        1.2245957432589651     
  0.25709616209838343        1.2885614477579663     
  0.31264156338248622        1.3848979386246276     
  0.37951482899164635        1.5128072616841182     
  0.46065736128088758        1.6149018776905493     
  0.55924736126635322        1.7842570923422554     
  0.67897524277408394        1.9346858423685531     
  0.82441551550693815        2.0096894083191303     
   1.0009764843865627        2.1123521171386512     
   1.2153763263333666        2.0996380898551799     
   1.4765846423066622        2.1229032898825682     
   1.2566370614360001E-002   1.2153431811202957     
   1.7771531752634635E-002  0.96639507784162804     
   2.1765592370812048E-002  0.70509613247035041     
   2.5132741228720001E-002   1.1564136380633254     
   2.9562133651285849E-002   1.0296879066516991     
   3.8019517526813901E-002  0.98743700530599188     
   4.5116083860089251E-002   1.1838224851108270     
   5.5056809371101592E-002  0.96385328478527554     
   6.5848341545415051E-002   1.0163817375372526     
   7.9166690278415927E-002   1.0242228369910911     
   9.6964567215568481E-002   1.0623104809556916     
  0.11842995645747310        1.0204035619243219     
  0.14416104292042672        1.1077285367332039     
  0.17483851006932644        1.1293380271128748     
  0.21159335649904049        1.1468117403021283     
  0.25709616209838343        1.2674108194857900     
  0.31264156338248622        1.3174738596564228     
  0.37951482899164635        1.4492461630113171     
  0.46065736128088758        1.5390926083411469     
  0.55924736126635322        1.6108869380878166     
  0.67897524277408394        1.7617746412265209     
  0.82441551550693815        1.8400920209149416     
   1.0009764843865627        1.7174007947760341     
   1.2153763263333666        1.6057124799571216     
   1.4765846423066622        1.3028268151510773     
   1.2566370614360001E-002   9.7988237849946522E-002
   1.7771531752634635E-002   1.2145458365067701     
   2.1765592370812048E-002   1.0735805100533915     
   2.5132741228720001E-002   1.0959512942164960     
   2.9562133651285849E-002   1.0213450850622769     
   3.8019517526813901E-002  0.99956889092842116     
   4.5116083860089251E-002   1.0861835424379722     
   5.5056809371101592E-002  0.98340104783254079     
   6.5848341545415051E-002   1.0817533381600273     
   7.9166690278415927E-002   1.0212556366451582     
   9.6964567215568481E-002   1.1470534035605306     
  0.11842995645747310       0.95630576706881310     
  0.14416104292042672        1.0557163323196415     
  0.17483851006932644        1.1550041623725467     
  0.21159335649904049        1.1905794320806629     
  0.25709616209838343        1.1573225831407783     
  0.31264156338248622        1.1845398567475098     
  0.37951482899164635        1.3542269092119168     
  0.46065736128088758        1.4071362675908332     
  0.55924736126635322        1.4156624229079093     
  0.67897524277408394        1.4240381034386553     
  0.82441551550693815        1.5055393616062454     
   1.0009764843865627        1.1303983433765270     
   1.2153763263333666       0.88969234980838918     
   1.4765846423066622       0.13358307948278555     
   1.2566370614360001E-002  0.34984905416653173     
   1.7771531752634635E-002   1.3369445929184129     
   2.1765592370812048E-002   1.3622669730483563     
   2.5132741228720001E-002   1.4619134716318896     
   2.9562133651285849E-002   1.1625213203542848     
   3.8019517526813901E-002  0.90983634813657754     
   4.5116083860089251E-002  0.97636594416226596     
   5.5056809371101592E-002   1.1282433744263571     
   6.5848341545415051E-002   1.3390919360985585     
   7.9166690278415927E-002   1.1869998400065540     
   9.6964567215568481E-002   1.5396790940325638     
  0.11842995645747310        1.1709104509161705     
  0.14416104292042672        1.3180557113329756     
  0.17483851006932644        1.3852390180695928     
  0.21159335649904049        1.2306967643108442     
  0.25709616209838343        1.3315802073638816     
  0.31264156338248622        1.3620441572732156     
  0.37951482899164635        1.4224840775068135     
  0.46065736128088758        1.3380713962231205     
  0.55924736126635322        1.3622003010849286     
  0.67897524277408394        1.4648367716024282     
  0.82441551550693815        1.3395911831207854     
   1.0009764843865627       0.83700709834106379     
   1.2153763263333666       0.16352264418890963     
   1.4765846423066622      -0.82507726801713199     
   1.2566370614360001E-002   2.4851518950509455     
   1.7771531752634635E-002   1.9859382628560036     
   2.1765592370812048E-002   1.1157976788532022     
   2.5132741228720001E-002  0.76989637403765077     
   2.9562133651285849E-002  0.70869572554427340     
   3.8019517526813901E-002   1.3753838616496343     
   4.5116083860089251E-002  0.58738844276733482     
   5.5056809371101592E-002   1.2251930517325373     
   6.5848341545415051E-002  0.89589064709004507     
   7.9166690278415927E-002  0.87236396124091675     
   9.6964567215568481E-002  0.87039992698377211     
  0.11842995645747310       0.85921307576708739     
  0.14416104292042672        1.0000403165205054     
  0.17483851006932644       0.87831304264496279     
  0.21159335649904049       0.88991695640233481     
  0.25709616209838343       0.95954952434264895     
  0.31264156338248622       0.85743231821522647     
  0.37951482899164635       0.90084639952110279     
  0.46065736128088758       0.87561971893387991     
  0.55924736126635322       0.68330609809262854     
  0.67897524277408394       0.79271854264727404     
  0.82441551550693815       0.48086412673478646     
   1.0009764843865627       0.12805900752564112     
   1.2153763263333666       -9.8354804903681391E-003
   1.4765846423066622       -1.4203941723173792     
   1.2566370614360001E-002   1.0687717957413279     
   1.7771531752634635E-002  0.11981072490477557     
   2.1765592370812048E-002   2.9989168827384827     
   2.5132741228720001E-002  -7.5242720037766969E-002
   2.9562133651285849E-002   1.4742585300413378     
   3.8019517526813901E-002   1.9712348084962754     
   4.5116083860089251E-002  0.85467307588371422     
   5.5056809371101592E-002  0.78261658009032997     
   6.5848341545415051E-002  0.71900353089759639     
   7.9166690278415927E-002  0.55858387801821530     
   9.6964567215568481E-002  0.87408091788371012     
  0.11842995645747310       0.85787085249711292     
  0.14416104292042672       0.80425095837514837     
  0.17483851006932644       0.73798756148673106     
  0.21159335649904049       0.49215493069956057     
  0.25709616209838343       0.73418114686857860     
  0.31264156338248622       0.48865516803055770     
  0.37951482899164635       0.84650247739226103     
  0.46065736128088758       0.94381704722670856     
  0.55924736126635322       0.85753730980045029     
  0.67897524277408394       0.87648121740340545     
  0.82441551550693815       0.22173742304287491     
   1.0009764843865627      -0.42008924713976226     
   1.2153763263333666      -0.94499666409734029     
   1.4765846423066622       -1.0487117512659028     
   1.2566370614360001E-002   2.8966945891206937     
   1.7771531752634635E-002 -0.53670319567705971     
   2.1765592370812048E-002   1.7462766874887776     
   2.5132741228720001E-002   3.7808354288077557     
   2.9562133651285849E-002  0.76106228453883551     
   3.8019517526813901E-002  0.40319930148584565     
   4.5116083860089251E-002  0.80444259332210311     
   5.5056809371101592E-002  0.36399802675932408     
   6.5848341545415051E-002   1.2152901127615068     
   7.9166690278415927E-002  0.87805924480433961     
   9.6964567215568481E-002   1.3823817796135516     
  0.11842995645747310       0.73267699174303924     
  0.14416104292042672       0.83641087709438344     
  0.17483851006932644       0.69612899965747288     
  0.21159335649904049       0.86114452275935927     
  0.25709616209838343       0.42999560471696380     
  0.31264156338248622       0.22158343824206736     
  0.37951482899164635       0.99833719666086762     
  0.46065736128088758       0.45280951956620058     
  0.55924736126635322       0.38071303878995555     
  0.67897524277408394       -2.8333930393964552E-002
  0.82441551550693815      -0.17014072097824695     
   1.0009764843865627      -0.38478665639612525     
   1.2153763263333666      -0.69733140558714135     
   1.4765846423066622       -1.2427298652930059     
   1.2566370614360001E-002   1.2360034447167454     
   1.7771531752634635E-002  0.89782438889325711     
   2.1765592370812048E-002  0.84264627158650185     
   2.5132741228720001E-002   1.0371346067395881     
   2.9562133651285849E-002   1.0397753717319653     
   3.8019517526813901E-002  0.97687588176915008     
   4.5116083860089251E-002   1.1111150243812462     
   5.5056809371101592E-002  0.97548361078387802     
   6.5848341545415051E-002   1.0039140757789975     
   7.9166690278415927E-002   1.0197562187875790     
   9.6964567215568481E-002   1.0672062526130806     
  0.11842995645747310       0.99998289847837352     
  0.14416104292042672        1.0748949303095590     
  0.17483851006932644        1.0949311997846602     
  0.21159335649904049        1.1169187274117351     
  0.25709616209838343        1.1890421490195080     
  0.31264156338248622        1.2872615601405364     
  0.37951482899164635        1.3537535288784244     
  0.46065736128088758        1.4732395313772999     
  0.55924736126635322        1.6325171220244155     
  0.67897524277408394        1.7767981757070599     
  0.82441551550693815        1.9104821538783694     
   1.0009764843865627        1.9934583595349253     
   1.2153763263333666        2.0547734749825004     
   1.4765846423066622        1.8279517056754802     
   1.2566370614360001E-002   1.2153431811202957     
   1.7771531752634635E-002  0.96639507784162804     
   2.1765592370812048E-002  0.70509613247035041     
   2.5132741228720001E-002   1.1564136380633254     
   2.9562133651285849E-002   1.0296879066516991     
   3.8019517526813901E-002  0.98743700530599188     
   4.5116083860089251E-002   1.1838224851108270     
   5.5056809371101592E-002  0.96385328478527554     
   6.5848341545415051E-002   1.0163817375372526     
   7.9166690278415927E-002   1.0242228369910911     
   9.6964567215568481E-002   1.0623104809556916     
  0.11842995645747310        1.0204035619243219     
  0.14416104292042672        1.1077285367332039     
  0.17483851006932644        1.1293380271128748     
  0.21159335649904049        1.1468117403021283     
  0.25709616209838343        1.2674108194857900     
  0.31264156338248622        1.3174738596564228     
  0.37951482899164635        1.4492461630113171     
  0.46065736128088758        1.5390926083411469     
  0.55924736126635322        1.6108869380878166     
  0.67897524277408394        1.7617746412265209     
  0.82441551550693815        1.8400920209149416     
   1.0009764843865627        1.7174007947760341     
   1.2153763263333666        1.6057124799571216     
   1.4765846423066622        1.3028268151510773     
   1.2566370614360001E-002   1.0814567386626437     
   1.7771531752634635E-002  0.66183477719805051     
   2.1765592370812048E-002  0.85417746032615327     
   2.5132741228720001E-002   1.2180581455520274     
   2.9562133651285849E-002   1.0750219693690168     
   3.8019517526813901E-002  0.92093695066424552     
   4.5116083860089251E-002   1.2359123684183420     
   5.5056809371101592E-002  0.94720254259205805     
   6.5848341545415051E-002   1.0014643605605600     
   7.9166690278415927E-002   1.0262122301875307     
   9.6964567215568481E-002   1.1688411454008254     
  0.11842995645747310        1.0775639595823190     
  0.14416104292042672        1.1574109078120018     
  0.17483851006932644        1.1282791873201106     
  0.21159335649904049        1.2801750185399940     
  0.25709616209838343        1.3626998326959214     
  0.31264156338248622        1.4729990470007734     
  0.37951482899164635        1.4912682454563915     
  0.46065736128088758        1.5614082859800815     
  0.55924736126635322        1.6789629344244354     
  0.67897524277408394        1.6437249770297555     
  0.82441551550693815        1.4656140350145164     
   1.0009764843865627        1.3459751821559502     
   1.2153763263333666        1.1251645715062200     
   1.4765846423066622        1.3410662238034645     
   1.2566370614360001E-002  0.27110460508322320     
   1.7771531752634635E-002  0.76123884254715990     
   2.1765592370812048E-002   1.0638791026341403     
   2.5132741228720001E-002   1.2760867961531810     
   2.9562133651285849E-002   1.0086627978812985     
   3.8019517526813901E-002   1.0088082883386691     
   4.5116083860089251E-002   1.0420612553182491     
   5.5056809371101592E-002   1.0154470673158511     
   6.5848341545415051E-002   1.0270394913530940     
   7.9166690278415927E-002   1.1292562535746087     
   9.6964567215568481E-002   1.0562546880384744     
  0.11842995645747310        1.0298248946958446     
  0.14416104292042672        1.0885448152318757     
  0.17483851006932644        1.1640840315088001     
  0.21159335649904049        1.3393023390379304     
  0.25709616209838343        1.3508204764130343     
  0.31264156338248622        1.4448579753434263     
  0.37951482899164635        1.5012069633012635     
  0.46065736128088758        1.5669547903521621     
  0.55924736126635322        1.5110044090571655     
  0.67897524277408394        1.5575231345831568     
  0.82441551550693815        1.2292460186378273     
   1.0009764843865627       0.98296012747291661     
   1.2153763263333666       0.63188889533584636     
   1.4765846423066622        8.2577669858955691E-002
   1.2566370614360001E-002  0.66601158792751891     
   1.7771531752634635E-002  0.73151106138668487     
   2.1765592370812048E-002  0.76667785242654984     
   2.5132741228720001E-002   1.5966189933259411     
   2.9562133651285849E-002   1.0728839596410582     
   3.8019517526813901E-002  0.77179008878822397     
   4.5116083860089251E-002   1.0612269424655818     
   5.5056809371101592E-002   1.0210965764923507     
   6.5848341545415051E-002   1.1910794056933478     
   7.9166690278415927E-002  0.95133733362550876     
   9.6964567215568481E-002   1.2282096295865235     
  0.11842995645747310       0.95599186793649249     
  0.14416104292042672        1.2733346269439885     
  0.17483851006932644        1.3412107976700076     
  0.21159335649904049        1.3453571467159509     
  0.25709616209838343        1.1460456550723255     
  0.31264156338248622        1.4873934127008457     
  0.37951482899164635        1.4902272481997456     
  0.46065736128088758        1.3750276268532835     
  0.55924736126635322        1.6157984051450667     
  0.67897524277408394        1.6281161531197113     
  0.82441551550693815        1.2105146401767561     
   1.0009764843865627       0.85051523608853796     
   1.2153763263333666       -6.7324292352289768E-003
   1.4765846423066622      -0.64752863307624620     
   1.2566370614360001E-002   3.0730991027152448     
   1.7771531752634635E-002   1.1959290856776739     
   2.1765592370812048E-002   1.8197631780455961     
   2.5132741228720001E-002  0.96052681555115005     
   2.9562133651285849E-002  0.59638095738090258     
   3.8019517526813901E-002   1.2274032051162205     
   4.5116083860089251E-002  0.50380334680670813     
   5.5056809371101592E-002   1.0669811502229909     
   6.5848341545415051E-002  0.97867329840278028     
   7.9166690278415927E-002   1.0349868713596613     
   9.6964567215568481E-002  0.71596836644967354     
  0.11842995645747310       0.65052813486293681     
  0.14416104292042672       0.85749252460791170     
  0.17483851006932644       0.67216730020707760     
  0.21159335649904049       0.95423412823703979     
  0.25709616209838343        1.2171558883717619     
  0.31264156338248622       0.93782814668952641     
  0.37951482899164635        1.0048856341898462     
  0.46065736128088758       0.82086676787729240     
  0.55924736126635322       0.74495855841773584     
  0.67897524277408394       0.37944344536101482     
  0.82441551550693815       -4.4571705026046543E-002
   1.0009764843865627      -0.20707692707352385     
   1.2153763263333666      -0.65389062936356801     
   1.4765846423066622       -1.1228730163657019     
   1.2566370614360001E-002  0.74971116417337080     
   1.7771531752634635E-002  -7.5873470667522938E-002
   2.1765592370812048E-002   4.1557237748860674     
   2.5132741228720001E-002   8.5451893803256518E-002
   2.9562133651285849E-002   1.4482417922093911     
   3.8019517526813901E-002   2.4153020697661178     
   4.5116083860089251E-002   1.2217655732704988     
   5.5056809371101592E-002   1.7302062763810664     
   6.5848341545415051E-002  0.53984462704226943     
   7.9166690278415927E-002   1.0225994559923464     
   9.6964567215568481E-002  0.71400513974275925     
  0.11842995645747310        1.0780430747983250     
  0.14416104292042672       0.93744897940225869     
  0.17483851006932644        1.2006911006869809     
  0.21159335649904049       0.58413468903839283     
  0.25709616209838343        1.1548160435581434     
  0.31264156338248622       0.95494861795604424     
  0.37951482899164635        1.1773570345279847     
  0.46065736128088758        1.5351171425744314     
  0.55924736126635322       0.23203301561965078     
  0.67897524277408394        1.6368093913999091     
  0.82441551550693815       0.83303376274022989     
   1.0009764843865627       0.56751976987992780     
   1.2153763263333666       0.76857157743919824     
   1.4765846423066622       -1.0570923773531860     
   1.2566370614360001E-002   2.6556954567175781     
   1.7771531752634635E-002 -0.28078576672149314     
   2.1765592370812048E-002   2.0167092636438855     
   2.5132741228720001E-002   3.4691420304368012     
   2.9562133651285849E-002  0.92680581032477227     
   3.8019517526813901E-002  0.33648763574038271     
   4.5116083860089251E-002  0.88843873311376187     
   5.5056809371101592E-002  0.28661891687480806     
   6.5848341545415051E-002  0.76521844025645969     
   7.9166690278415927E-002  0.87911675677304213     
   9.6964567215568481E-002  0.88661533345101040     
  0.11842995645747310       0.43214763698734349     
  0.14416104292042672       0.98350413206701182     
  0.17483851006932644       0.19765651048513058     
  0.21159335649904049        1.3461152209588033E-002
  0.25709616209838343       0.48430166508739730     
  0.31264156338248622       0.32483377405282138     
  0.37951482899164635       0.43752463601437758     
  0.46065736128088758      -0.42955972962901523     
  0.55924736126635322       -3.3524627995163349E-002
  0.67897524277408394      -0.75799677027142265     
  0.82441551550693815       0.36015340412422897     
   1.0009764843865627       0.11620453864064419     
   1.2153763263333666      -0.38625375681212798     
   1.4765846423066622       -1.6279217178800609     
   1.2566370614360001E-002  0.32451232879752906     
   1.7771531752634635E-002   1.3327425390841208     
   2.1765592370812048E-002   1.1676757978193966     
   2.5132741228720001E-002   1.0340656046154999     
   2.9562133651285849E-002  0.92114734306636126     
   3.8019517526813901E-002   1.0480650754687615     
   4.5116083860089251E-002   1.0164823208981257     
   5.5056809371101592E-002   1.0179266688141313     
   6.5848341545415051E-002   1.0274401481682809     
   7.9166690278415927E-002   1.0184529472386605     
   9.6964567215568481E-002   1.0953813878539400     
  0.11842995645747310       0.95319436978673211     
  0.14416104292042672        1.0169821324360548     
  0.17483851006932644        1.0506514046867585     
  0.21159335649904049        1.1193692313652206     
  0.25709616209838343        1.1307443501817298     
  0.31264156338248622        1.2211840640577862     
  0.37951482899164635        1.3287994732797637     
  0.46065736128088758        1.4682461861737028     
  0.55924736126635322        1.5593193763124691     
  0.67897524277408394        1.7161466799863692     
  0.82441551550693815        1.7409432789308581     
   1.0009764843865627        1.7424124532082621     
   1.2153763263333666        1.4765122848921732     
   1.4765846423066622       0.96950965980183657     
   1.2566370614360001E-002   9.7988237849946522E-002
   1.7771531752634635E-002   1.2145458365067701     
   2.1765592370812048E-002   1.0735805100533915     
   2.5132741228720001E-002   1.0959512942164960     
   2.9562133651285849E-002   1.0213450850622769     
   3.8019517526813901E-002  0.99956889092842116     
   4.5116083860089251E-002   1.0861835424379722     
   5.5056809371101592E-002  0.98340104783254079     
   6.5848341545415051E-002   1.0817533381600273     
   7.9166690278415927E-002   1.0212556366451582     
   9.6964567215568481E-002   1.1470534035605306     
  0.11842995645747310       0.95630576706881310     
  0.14416104292042672        1.0557163323196415     
  0.17483851006932644        1.1550041623725467     
  0.21159335649904049        1.1905794320806629     
  0.25709616209838343        1.1573225831407783     
  0.31264156338248622        1.1845398567475098     
  0.37951482899164635        1.3542269092119168     
  0.46065736128088758        1.4071362675908332     
  0.55924736126635322        1.4156624229079093     
  0.67897524277408394        1.4240381034386553     
  0.82441551550693815        1.5055393616062454     
   1.0009764843865627        1.1303983433765270     
   1.2153763263333666       0.88969234980838918     
   1.4765846423066622       0.13358307948278555     
   1.2566370614360001E-002  0.27110460508322320     
   1.7771531752634635E-002  0.76123884254715990     
   2.1765592370812048E-002   1.0638791026341403     
   2.5132741228720001E-002   1.2760867961531810     
   2.9562133651285849E-002   1.0086627978812985     
   3.8019517526813901E-002   1.0088082883386691     
   4.5116083860089251E-002   1.0420612553182491     
   5.5056809371101592E-002   1.0154470673158511     
   6.5848341545415051E-002   1.0270394913530940     
   7.9166690278415927E-002   1.1292562535746087     
   9.6964567215568481E-002   1.0562546880384744     
  0.11842995645747310        1.0298248946958446     
  0.14416104292042672        1.0885448152318757     
  0.17483851006932644        1.1640840315088001     
  0.21159335649904049        1.3393023390379304     
  0.25709616209838343        1.3508204764130343     
  0.31264156338248622        1.4448579753434263     
  0.37951482899164635        1.5012069633012635     
  0.46065736128088758        1.5669547903521621     
  0.55924736126635322        1.5110044090571655     
  0.67897524277408394        1.5575231345831568     
  0.82441551550693815        1.2292460186378273     
   1.0009764843865627       0.98296012747291661     
   1.2153763263333666       0.63188889533584636     
   1.4765846423066622        8.2577669858955691E-002
   1.2566370614360001E-002  -1.2403629875692422E-002
   1.7771531752634635E-002   1.4269861146805705     
   2.1765592370812048E-002   1.3023128338743077     
   2.5132741228720001E-002   1.2660803190459740     
   2.9562133651285849E-002  0.73248381628581771     
   3.8019517526813901E-002   1.3128003987395074     
   4.5116083860089251E-002  0.87159197463771287     
   5.5056809371101592E-002  0.80678594373076096     
   6.5848341545415051E-002  0.97627714629698037     
   7.9166690278415927E-002   1.1444820230799193     
   9.6964567215568481E-002   1.2261506861269866     
  0.11842995645747310        1.0570476866941778     
  0.14416104292042672        1.3075397466732508     
  0.17483851006932644        1.3244652044836531     
  0.21159335649904049        1.5856800725836580     
  0.25709616209838343        1.3337034442579310     
  0.31264156338248622        1.3963577770918241     
  0.37951482899164635        1.3626610042808533     
  0.46065736128088758        1.5692332892170107     
  0.55924736126635322        1.7882045606175738     
  0.67897524277408394        1.1618816900073037     
  0.82441551550693815       0.83837996984196195     
   1.0009764843865627       0.80831670423772295     
   1.2153763263333666        8.2941646557924825E-002
   1.4765846423066622        2.1217269964982433     
   1.2566370614360001E-002  0.47837914527539516     
   1.7771531752634635E-002   2.4940894476000985     
   2.1765592370812048E-002   1.8656977125635885     
   2.5132741228720001E-002   1.6677891048292386     
   2.9562133651285849E-002  0.88302582374309735     
   3.8019517526813901E-002  0.93031958238346257     
   4.5116083860089251E-002  0.69232631329599115     
   5.5056809371101592E-002  0.98250137465888898     
   6.5848341545415051E-002   1.2590194909256740     
   7.9166690278415927E-002  0.93346198884738307     
   9.6964567215568481E-002   1.4910606967802034     
  0.11842995645747310        1.2321448678369473     
  0.14416104292042672        1.4475596542795059     
  0.17483851006932644        1.4083151249206529     
  0.21159335649904049        1.4911278686798015     
  0.25709616209838343        1.4443653351654879     
  0.31264156338248622        1.5949351000847367     
  0.37951482899164635        1.5127886733152807     
  0.46065736128088758        1.2452684037757589     
  0.55924736126635322        1.3823211159414703     
  0.67897524277408394        1.2546123832252933     
  0.82441551550693815        1.2638424989664603     
   1.0009764843865627        1.1585466393173269     
   1.2153763263333666       0.79341390156285752     
   1.4765846423066622      -0.38924342355344210     
   1.2566370614360001E-002   1.0501237593135317     
   1.7771531752634635E-002   1.5030785030992064     
   2.1765592370812048E-002   1.7263120815223818     
   2.5132741228720001E-002  0.63003303632038965     
   2.9562133651285849E-002  0.79835324347363412     
   3.8019517526813901E-002   1.6159541275014246     
   4.5116083860089251E-002  0.48819929727513334     
   5.5056809371101592E-002  0.96007118764291899     
   6.5848341545415051E-002  0.92171430656496400     
   7.9166690278415927E-002  0.98516131139466467     
   9.6964567215568481E-002   1.2333575667292738     
  0.11842995645747310       0.74724762560759139     
  0.14416104292042672       0.90132260211065884     
  0.17483851006932644       0.74676142733584372     
  0.21159335649904049        1.1136327483173050     
  0.25709616209838343        1.0309655163530560     
  0.31264156338248622       0.91391196424193422     
  0.37951482899164635        1.5106759407151098     
  0.46065736128088758       0.91735931291776251     
  0.55924736126635322        1.3025398998068718     
  0.67897524277408394        1.0199537851317846     
  0.82441551550693815        1.3671344536422378     
   1.0009764843865627       0.56602848547328666     
   1.2153763263333666       0.37716416644836182     
   1.4765846423066622        8.3035589940206572E-002
   1.2566370614360001E-002 -0.63901809399773357     
   1.7771531752634635E-002  0.13232479111594880     
   2.1765592370812048E-002   2.8713334853342958     
   2.5132741228720001E-002  0.14034997745094935     
   2.9562133651285849E-002   1.0962545136703992     
   3.8019517526813901E-002   2.2926908463336075     
   4.5116083860089251E-002  0.94943248997311058     
   5.5056809371101592E-002  0.95045523059628501     
   6.5848341545415051E-002   1.0397308425928922     
   7.9166690278415927E-002  0.68147640247601771     
   9.6964567215568481E-002  0.47233996412172824     
  0.11842995645747310        1.4274717183749681     
  0.14416104292042672       0.66729499167902451     
  0.17483851006932644       0.78108361013789651     
  0.21159335649904049       0.63582035318650765     
  0.25709616209838343        1.0994738546003340     
  0.31264156338248622      -0.19594866587907117     
  0.37951482899164635       0.76456423841047483     
  0.46065736128088758        7.1214202279770544E-002
  0.55924736126635322       -9.5206200242359484E-002
  0.67897524277408394       0.82757962412166430     
  0.82441551550693815      -0.44305254840864433     
   1.0009764843865627       -1.8135344472447423     
   1.2153763263333666      -0.30469089662591814     
   1.4765846423066622      -0.75940520579537008     
   1.2566370614360001E-002  0.37947724656056026     
   1.7771531752634635E-002  -1.2692867870060449     
   2.1765592370812048E-002   2.0876043993519735     
   2.5132741228720001E-002   3.3906642785329639     
   2.9562133651285849E-002  0.80420218673511501     
   3.8019517526813901E-002  0.81335773154485724     
   4.5116083860089251E-002   1.1659125176111291     
   5.5056809371101592E-002  0.76063746561423529     
   6.5848341545415051E-002  0.71960888047563798     
   7.9166690278415927E-002  0.99012427162238026     
   9.6964567215568481E-002  0.86299266964920640     
  0.11842995645747310       0.37719460026137491     
  0.14416104292042672       0.28189034641762456     
  0.17483851006932644        1.5796084982360518E-002
  0.21159335649904049       0.83440896888995431     
  0.25709616209838343      -0.19175745834353847     
  0.31264156338248622       0.14737595838545051     
  0.37951482899164635       0.82150486506902876     
  0.46065736128088758       0.17877650232361356     
  0.55924736126635322        1.1163195806146486     
  0.67897524277408394       -7.8100664573948222E-002
  0.82441551550693815      -0.75456758975853144     
   1.0009764843865627       -1.0832250775191947     
   1.2153763263333666       -1.1981672969503987     
   1.4765846423066622        4.1231014993709566E-003
   1.2566370614360001E-002  0.38243704364694797     
   1.7771531752634635E-002   1.8713355361639161     
   2.1765592370812048E-002   1.3720928006020525     
   2.5132741228720001E-002   1.4163861261287201     
   2.9562133651285849E-002   1.2499997008276351     
   3.8019517526813901E-002  0.86781331840965814     
   4.5116083860089251E-002   1.2617139709784735     
   5.5056809371101592E-002   1.2637028435217164     
   6.5848341545415051E-002   1.4661918747455698     
   7.9166690278415927E-002   1.3448969641232675     
   9.6964567215568481E-002   1.4931564194471318     
  0.11842995645747310        1.1487678821406946     
  0.14416104292042672        1.4907731485994831     
  0.17483851006932644        1.5359430623367036     
  0.21159335649904049        1.4322683806333498     
  0.25709616209838343        1.4644604007670008     
  0.31264156338248622        1.6433919842762574     
  0.37951482899164635        1.8468131274759816     
  0.46065736128088758        1.8522392271040178     
  0.55924736126635322        2.0460804744360903     
  0.67897524277408394        2.1890968448747059     
  0.82441551550693815        2.1611771821605434     
   1.0009764843865627        1.6862386324197705     
   1.2153763263333666        1.0194430002790704     
   1.4765846423066622      -0.16714626048656342     
   1.2566370614360001E-002  0.34984905416653173     
   1.7771531752634635E-002   1.3369445929184129     
   2.1765592370812048E-002   1.3622669730483563     
   2.5132741228720001E-002   1.4619134716318896     
   2.9562133651285849E-002   1.1625213203542848     
   3.8019517526813901E-002  0.90983634813657754     
   4.5116083860089251E-002  0.97636594416226596     
   5.5056809371101592E-002   1.1282433744263571     
   6.5848341545415051E-002   1.3390919360985585     
   7.9166690278415927E-002   1.1869998400065540     
   9.6964567215568481E-002   1.5396790940325638     
  0.11842995645747310        1.1709104509161705     
  0.14416104292042672        1.3180557113329756     
  0.17483851006932644        1.3852390180695928     
  0.21159335649904049        1.2306967643108442     
  0.25709616209838343        1.3315802073638816     
  0.31264156338248622        1.3620441572732156     
  0.37951482899164635        1.4224840775068135     
  0.46065736128088758        1.3380713962231205     
  0.55924736126635322        1.3622003010849286     
  0.67897524277408394        1.4648367716024282     
  0.82441551550693815        1.3395911831207854     
   1.0009764843865627       0.83700709834106379     
   1.2153763263333666       0.16352264418890963     
   1.4765846423066622      -0.82507726801713199     
   1.2566370614360001E-002  0.66601158792751891     
   1.7771531752634635E-002  0.73151106138668487     
   2.1765592370812048E-002  0.76667785242654984     
   2.5132741228720001E-002   1.5966189933259411     
   2.9562133651285849E-002   1.0728839596410582     
   3.8019517526813901E-002  0.77179008878822397     
   4.5116083860089251E-002   1.0612269424655818     
   5.5056809371101592E-002   1.0210965764923507     
   6.5848341545415051E-002   1.1910794056933478     
   7.9166690278415927E-002  0.95133733362550876     
   9.6964567215568481E-002   1.2282096295865235     
  0.11842995645747310       0.95599186793649249     
  0.14416104292042672        1.2733346269439885     
  0.17483851006932644        1.3412107976700076     
  0.21159335649904049        1.3453571467159509     
  0.25709616209838343        1.1460456550723255     
  0.31264156338248622        1.4873934127008457     
  0.37951482899164635        1.4902272481997456     
  0.46065736128088758        1.3750276268532835     
  0.55924736126635322        1.6157984051450667     
  0.67897524277408394        1.6281161531197113     
  0.82441551550693815        1.2105146401767561     
   1.0009764843865627       0.85051523608853796     
   1.2153763263333666       -6.7324292352289768E-003
   1.4765846423066622      -0.64752863307624620     
   1.2566370614360001E-002  0.47837914527539516     
   1.7771531752634635E-002   2.4940894476000985     
   2.1765592370812048E-002   1.8656977125635885     
   2.5132741228720001E-002   1.6677891048292386     
   2.9562133651285849E-002  0.88302582374309735     
   3.8019517526813901E-002  0.93031958238346257     
   4.5116083860089251E-002  0.69232631329599115     
   5.5056809371101592E-002  0.98250137465888898     
   6.5848341545415051E-002   1.2590194909256740     
   7.9166690278415927E-002  0.93346198884738307     
   9.6964567215568481E-002   1.4910606967802034     
  0.11842995645747310        1.2321448678369473     
  0.14416104292042672        1.4475596542795059     
  0.17483851006932644        1.4083151249206529     
  0.21159335649904049        1.4911278686798015     
  0.25709616209838343        1.4443653351654879     
  0.31264156338248622        1.5949351000847367     
  0.37951482899164635        1.5127886733152807     
  0.46065736128088758        1.2452684037757589     
  0.55924736126635322        1.3823211159414703     
  0.67897524277408394        1.2546123832252933     
  0.82441551550693815        1.2638424989664603     
   1.0009764843865627        1.1585466393173269     
   1.2153763263333666       0.79341390156285752     
   1.4765846423066622      -0.38924342355344210     
   1.2566370614360001E-002 -0.25325325508325508     
   1.7771531752634635E-002   2.0650070106498175     
   2.1765592370812048E-002   2.2448473091993173     
   2.5132741228720001E-002   2.3723704289951288     
   2.9562133651285849E-002  0.72639881699765319     
   3.8019517526813901E-002  0.45522150782327736     
   4.5116083860089251E-002  0.96020882125434248     
   5.5056809371101592E-002  0.65149436323664012     
   6.5848341545415051E-002   1.2852153813125908     
   7.9166690278415927E-002  0.88541159194505936     
   9.6964567215568481E-002   1.4175991689810579     
  0.11842995645747310       0.88360383361332206     
  0.14416104292042672        1.5841682801671608     
  0.17483851006932644        1.6522293627746714     
  0.21159335649904049        1.8800711758719819     
  0.25709616209838343        1.4682964810572139     
  0.31264156338248622        1.2638882183783278     
  0.37951482899164635        2.1063109457002982     
  0.46065736128088758        2.1308383908078650     
  0.55924736126635322       0.76807852636274032     
  0.67897524277408394        1.6838952628759525     
  0.82441551550693815      -0.42609083157416522     
   1.0009764843865627      -0.94022676246623471     
   1.2153763263333666       0.58214913729002626     
   1.4765846423066622        6.9959414197732004     
   1.2566370614360001E-002   2.5137603703195746     
   1.7771531752634635E-002   1.4454529218479726     
   2.1765592370812048E-002  0.74694324370640353     
   2.5132741228720001E-002   1.4302189262497844     
   2.9562133651285849E-002   1.0464032495375077     
   3.8019517526813901E-002  0.87013035933422966     
   4.5116083860089251E-002  0.78489421279424842     
   5.5056809371101592E-002   1.0045129348638264     
   6.5848341545415051E-002  0.78498216253942377     
   7.9166690278415927E-002  0.78642377407986674     
   9.6964567215568481E-002   1.1844186797101039     
  0.11842995645747310       0.47508995921218455     
  0.14416104292042672        1.0714790086689610     
  0.17483851006932644       0.32461274956049102     
  0.21159335649904049       0.71788558469687391     
  0.25709616209838343        1.1467073999093120     
  0.31264156338248622        1.7876099143239226     
  0.37951482899164635        1.2006523089763725     
  0.46065736128088758        1.1339079587475793     
  0.55924736126635322       0.71612087450213413     
  0.67897524277408394      -0.37908654082993809     
  0.82441551550693815       0.90041782821762073     
   1.0009764843865627        1.3053809791619246     
   1.2153763263333666        1.3965436285556170     
   1.4765846423066622       -3.6511795688931792     
   1.2566370614360001E-002 -0.86351195308471118     
   1.7771531752634635E-002  0.27198596562856742     
   2.1765592370812048E-002   3.3708925095721542     
   2.5132741228720001E-002 -0.56423941586982229     
   2.9562133651285849E-002  0.16922479046732886     
   3.8019517526813901E-002  0.91202885044488302     
   4.5116083860089251E-002 -0.18808015668078792     
   5.5056809371101592E-002   1.2129461734662408     
   6.5848341545415051E-002   1.1211662730292098     
   7.9166690278415927E-002   1.2609796136398828     
   9.6964567215568481E-002  0.81267137466568873     
  0.11842995645747310        1.0058772737260471     
  0.14416104292042672       0.74935683172915191     
  0.17483851006932644        1.8281571866951585     
  0.21159335649904049       0.34904671581734953     
  0.25709616209838343        1.1053245728593313     
  0.31264156338248622      -0.37940355289675676     
  0.37951482899164635      -0.43490244668387712     
  0.46065736128088758        1.6031896351987744     
  0.55924736126635322        5.8863924589142913E-002
  0.67897524277408394       -1.4131983115596916     
  0.82441551550693815       -1.2003129834724910     
   1.0009764843865627       -1.6020330576742523     
   1.2153763263333666       -2.9361276454312457     
   1.4765846423066622        2.8747445293956004     
   1.2566370614360001E-002  -1.8039083127072604     
   1.7771531752634635E-002  -3.4101928839150886     
   2.1765592370812048E-002   2.4198651911779940     
   2.5132741228720001E-002   4.1158155730149355     
   2.9562133651285849E-002  0.65571711541826549     
   3.8019517526813901E-002  0.24916375669678711     
   4.5116083860089251E-002  0.98019876248694304     
   5.5056809371101592E-002  0.71607252923570497     
   6.5848341545415051E-002  0.23456237765479018     
   7.9166690278415927E-002   1.0170505941924048     
   9.6964567215568481E-002  0.99994593911246032     
  0.11842995645747310       0.30545999600603146     
  0.14416104292042672       0.43645720436202967     
  0.17483851006932644        1.1364010655141528     
  0.21159335649904049       0.77201645988471446     
  0.25709616209838343        1.9438184544926618     
  0.31264156338248622        1.1385717193678759     
  0.37951482899164635       0.12848914218413263     
  0.46065736128088758       -9.3425861691045609E-002
  0.55924736126635322       -1.8463964379650748     
  0.67897524277408394       0.34884598970500519     
  0.82441551550693815        1.8389703901406653     
   1.0009764843865627      -0.54298618158134215     
   1.2153763263333666      -0.71097270121040435     
   1.4765846423066622      -0.95456922840484004     
   1.2566370614360001E-002   2.5209498171201776     
   1.7771531752634635E-002   1.7218712669616909     
   2.1765592370812048E-002   1.6969516271014282     
   2.5132741228720001E-002  0.74917808933722474     
   2.9562133651285849E-002  0.68922129676013610     
   3.8019517526813901E-002   1.3919862555642979     
   4.5116083860089251E-002  0.58115811245600146     
   5.5056809371101592E-002   1.0965111048519602     
   6.5848341545415051E-002  0.88416522300873956     
   7.9166690278415927E-002  0.93145503213687997     
   9.6964567215568481E-002  0.90447702097424132     
  0.11842995645747310       0.90993644255409778     
  0.14416104292042672       0.83971871406306942     
  0.17483851006932644       0.73718964129633258     
  0.21159335649904049       0.91810792981952727     
  0.25709616209838343        1.0262982324529917     
  0.31264156338248622       0.98542989873862086     
  0.37951482899164635        1.0403646132652258     
  0.46065736128088758        1.1515722238516024     
  0.55924736126635322        1.3460135512909244     
  0.67897524277408394        1.1843808693200477     
  0.82441551550693815        1.1360667826052235     
   1.0009764843865627       0.55735317095653747     
   1.2153763263333666       -5.8484876225980802E-004
   1.4765846423066622       -1.2482390039017697     
   1.2566370614360001E-002   2.4851518950509455     
   1.7771531752634635E-002   1.9859382628560036     
   2.1765592370812048E-002   1.1157976788532022     
   2.5132741228720001E-002  0.76989637403765077     
   2.9562133651285849E-002  0.70869572554427340     
   3.8019517526813901E-002   1.3753838616496343     
   4.5116083860089251E-002  0.58738844276733482     
   5.5056809371101592E-002   1.2251930517325373     
   6.5848341545415051E-002  0.89589064709004507     
   7.9166690278415927E-002  0.87236396124091675     
   9.6964567215568481E-002  0.87039992698377211     
  0.11842995645747310       0.85921307576708739     
  0.14416104292042672        1.0000403165205054     
  0.17483851006932644       0.87831304264496279     
  0.21159335649904049       0.88991695640233481     
  0.25709616209838343       0.95954952434264895     
  0.31264156338248622       0.85743231821522647     
  0.37951482899164635       0.90084639952110279     
  0.46065736128088758       0.87561971893387991     
  0.55924736126635322       0.68330609809262854     
  0.67897524277408394       0.79271854264727404     
  0.82441551550693815       0.48086412673478646     
   1.0009764843865627       0.12805900752564112     
   1.2153763263333666       -9.8354804903681391E-003
   1.4765846423066622       -1.4203941723173792     
   1.2566370614360001E-002   3.0730991027152448     
   1.7771531752634635E-002   1.1959290856776739     
   2.1765592370812048E-002   1.8197631780455961     
   2.5132741228720001E-002  0.96052681555115005     
   2.9562133651285849E-002  0.59638095738090258     
   3.8019517526813901E-002   1.2274032051162205     
   4.5116083860089251E-002  0.50380334680670813     
   5.5056809371101592E-002   1.0669811502229909     
   6.5848341545415051E-002  0.97867329840278028     
   7.9166690278415927E-002   1.0349868713596613     
   9.6964567215568481E-002  0.71596836644967354     
  0.11842995645747310       0.65052813486293681     
  0.14416104292042672       0.85749252460791170     
  0.17483851006932644       0.67216730020707760     
  0.21159335649904049       0.95423412823703979     
  0.25709616209838343        1.2171558883717619     
  0.31264156338248622       0.93782814668952641     
  0.37951482899164635        1.0048856341898462     
  0.46065736128088758       0.82086676787729240     
  0.55924736126635322       0.74495855841773584     
  0.67897524277408394       0.37944344536101482     
  0.82441551550693815       -4.4571705026046543E-002
   1.0009764843865627      -0.20707692707352385     
   1.2153763263333666      -0.65389062936356801     
   1.4765846423066622       -1.1228730163657019     
   1.2566370614360001E-002   1.0501237593135317     
   1.7771531752634635E-002   1.5030785030992064     
   2.1765592370812048E-002   1.7263120815223818     
   2.5132741228720001E-002  0.63003303632038965     
   2.9562133651285849E-002  0.79835324347363412     
   3.8019517526813901E-002   1.6159541275014246     
   4.5116083860089251E-002  0.48819929727513334     
   5.5056809371101592E-002  0.96007118764291899     
   6.5848341545415051E-002  0.92171430656496400     
   7.9166690278415927E-002  0.98516131139466467     
   9.6964567215568481E-002   1.2333575667292738     
  0.11842995645747310       0.74724762560759139     
  0.14416104292042672       0.90132260211065884     
  0.17483851006932644       0.74676142733584372     
  0.21159335649904049        1.1136327483173050     
  0.25709616209838343        1.0309655163530560     
  0.31264156338248622       0.91391196424193422     
  0.37951482899164635        1.5106759407151098     
  0.46065736128088758       0.91735931291776251     
  0.55924736126635322        1.3025398998068718     
  0.67897524277408394        1.0199537851317846     
  0.82441551550693815        1.3671344536422378     
   1.0009764843865627       0.56602848547328666     
   1.2153763263333666       0.37716416644836182     
   1.4765846423066622        8.3035589940206572E-002
   1.2566370614360001E-002   2.5137603703195746     
   1.7771531752634635E-002   1.4454529218479726     
   2.1765592370812048E-002  0.74694324370640353     
   2.5132741228720001E-002   1.4302189262497844     
   2.9562133651285849E-002   1.0464032495375077     
   3.8019517526813901E-002  0.87013035933422966     
   4.5116083860089251E-002  0.78489421279424842     
   5.5056809371101592E-002   1.0045129348638264     
   6.5848341545415051E-002  0.78498216253942377     
   7.9166690278415927E-002  0.78642377407986674     
   9.6964567215568481E-002   1.1844186797101039     
  0.11842995645747310       0.47508995921218455     
  0.14416104292042672        1.0714790086689610     
  0.17483851006932644       0.32461274956049102     
  0.21159335649904049       0.71788558469687391     
  0.25709616209838343        1.1467073999093120     
  0.31264156338248622        1.7876099143239226     
  0.37951482899164635        1.2006523089763725     
  0.46065736128088758        1.1339079587475793     
  0.55924736126635322       0.71612087450213413     
  0.67897524277408394      -0.37908654082993809     
  0.82441551550693815       0.90041782821762073     
   1.0009764843865627        1.3053809791619246     
   1.2153763263333666        1.3965436285556170     
   1.4765846423066622       -3.6511795688931792     
   1.2566370614360001E-002   4.3263842160033716     
   1.7771531752634635E-002  0.49080420247283191     
   2.1765592370812048E-002   3.4884800778474299     
   2.5132741228720001E-002 -0.18737086123356936     
   2.9562133651285849E-002  0.62375656068420959     
   3.8019517526813901E-002  0.92601270770616562     
   4.5116083860089251E-002 -0.36956222066568523     
   5.5056809371101592E-002  0.95356063339452202     
   6.5848341545415051E-002  0.71551650238129172     
   7.9166690278415927E-002  0.67619569001683177     
   9.6964567215568481E-002  0.53559660816485999     
  0.11842995645747310       0.23081746785400581     
  0.14416104292042672       0.35489290237849097     
  0.17483851006932644       0.69828595557180706     
  0.21159335649904049       0.82639972248834970     
  0.25709616209838343        1.1053583650179357     
  0.31264156338248622        1.6123134983414245     
  0.37951482899164635       -6.4366291383901389E-002
  0.46065736128088758       0.70435240693376489     
  0.55924736126635322       0.81665398527158239     
  0.67897524277408394        1.0189981030417283     
  0.82441551550693815       -1.9632792392252760     
   1.0009764843865627      -0.45572093857129831     
   1.2153763263333666        2.4059743635755186     
   1.4765846423066622        8.1315249424558278     
   1.2566370614360001E-002  -1.3858142082182947E-002
   1.7771531752634635E-002  -7.3625217294220240E-003
   2.1765592370812048E-002   5.3747547338794410     
   2.5132741228720001E-002 -0.81439652069864010     
   2.9562133651285849E-002   1.1003315492189609     
   3.8019517526813901E-002  0.41621622633698740     
   4.5116083860089251E-002  0.63970022844241314     
   5.5056809371101592E-002   1.4429545433457265     
   6.5848341545415051E-002  0.58763594627790772     
   7.9166690278415927E-002  0.56227127224508311     
   9.6964567215568481E-002 -0.16521225002349119     
  0.11842995645747310        1.5894925989318107     
  0.14416104292042672        1.7358309324968177     
  0.17483851006932644        1.6126939741075024     
  0.21159335649904049       0.85007811872586025     
  0.25709616209838343      -0.62161674493605723     
  0.31264156338248622        2.1771851383008500     
  0.37951482899164635        2.0970455061224644     
  0.46065736128088758        1.8144738720965814     
  0.55924736126635322       0.29302604927944220     
  0.67897524277408394        1.2535892501141728     
  0.82441551550693815       -1.0732482147671214     
   1.0009764843865627        1.6096802041314251     
   1.2153763263333666       -10.623389331076499     
   1.4765846423066622        3.1069663978232276     
   1.2566370614360001E-002   2.5734589028679613     
   1.7771531752634635E-002  -1.8858588105704110     
   2.1765592370812048E-002   1.7618237824812806     
   2.5132741228720001E-002   1.2605427372706977     
   2.9562133651285849E-002   1.4778940217431824     
   3.8019517526813901E-002  0.16618947516711827     
   4.5116083860089251E-002  0.63253040981776854     
   5.5056809371101592E-002  0.88451418261838710     
   6.5848341545415051E-002   5.7506408184759196E-002
   7.9166690278415927E-002  0.52112800973518358     
   9.6964567215568481E-002  0.67647896273703367     
  0.11842995645747310        1.6100277911934184     
  0.14416104292042672        1.8443518626052140     
  0.17483851006932644        1.8269158106786882     
  0.21159335649904049        1.9862742670033204     
  0.25709616209838343        4.7466241521510435     
  0.31264156338248622        1.1729275589987926     
  0.37951482899164635        1.9355520370371793     
  0.46065736128088758       0.23798050795492962     
  0.55924736126635322       0.28006374326629452     
  0.67897524277408394       0.70113869660708228     
  0.82441551550693815        1.9722309146458794     
   1.0009764843865627        4.4709839786413204     
   1.2153763263333666        1.6574282035250751     
   1.4765846423066622       -9.0882697518070295     
   1.2566370614360001E-002  0.90201626834184245     
   1.7771531752634635E-002 -0.15475359542786313     
   2.1765592370812048E-002   3.0354951405538375     
   2.5132741228720001E-002  -6.1957641667184288E-002
   2.9562133651285849E-002   1.1543716985749881     
   3.8019517526813901E-002   1.7211569755302234     
   4.5116083860089251E-002  0.78231281569490185     
   5.5056809371101592E-002  0.86825958822131410     
   6.5848341545415051E-002  0.64498581681385148     
   7.9166690278415927E-002  0.65888305015087056     
   9.6964567215568481E-002  0.70087617298003024     
  0.11842995645747310       0.87299505223753027     
  0.14416104292042672       0.90915707678568336     
  0.17483851006932644       0.71298744404688619     
  0.21159335649904049       0.56828782042178450     
  0.25709616209838343       0.79092579104004401     
  0.31264156338248622       0.66469834200909372     
  0.37951482899164635       0.89430907441466212     
  0.46065736128088758        1.0192953094697303     
  0.55924736126635322        1.0080140763200396     
  0.67897524277408394       0.91010019810920451     
  0.82441551550693815       0.40115946427888644     
   1.0009764843865627      -0.21176229152619808     
   1.2153763263333666      -0.83357936030795377     
   1.4765846423066622       -2.4355642052484017     
   1.2566370614360001E-002   1.0687717957413279     
   1.7771531752634635E-002  0.11981072490477557     
   2.1765592370812048E-002   2.9989168827384827     
   2.5132741228720001E-002  -7.5242720037766969E-002
   2.9562133651285849E-002   1.4742585300413378     
   3.8019517526813901E-002   1.9712348084962754     
   4.5116083860089251E-002  0.85467307588371422     
   5.5056809371101592E-002  0.78261658009032997     
   6.5848341545415051E-002  0.71900353089759639     
   7.9166690278415927E-002  0.55858387801821530     
   9.6964567215568481E-002  0.87408091788371012     
  0.11842995645747310       0.85787085249711292     
  0.14416104292042672       0.80425095837514837     
  0.17483851006932644       0.73798756148673106     
  0.21159335649904049       0.49215493069956057     
  0.25709616209838343       0.73418114686857860     
  0.31264156338248622       0.48865516803055770     
  0.37951482899164635       0.84650247739226103     
  0.46065736128088758       0.94381704722670856     
  0.55924736126635322       0.85753730980045029     
  0.67897524277408394       0.87648121740340545     
  0.82441551550693815       0.22173742304287491     
   1.0009764843865627      -0.42008924713976226     
   1.2153763263333666      -0.94499666409734029     
   1.4765846423066622       -1.0487117512659028     
   1.2566370614360001E-002  0.74971116417337080     
   1.7771531752634635E-002  -7.5873470667522938E-002
   2.1765592370812048E-002   4.1557237748860674     
   2.5132741228720001E-002   8.5451893803256518E-002
   2.9562133651285849E-002   1.4482417922093911     
   3.8019517526813901E-002   2.4153020697661178     
   4.5116083860089251E-002   1.2217655732704988     
   5.5056809371101592E-002   1.7302062763810664     
   6.5848341545415051E-002  0.53984462704226943     
   7.9166690278415927E-002   1.0225994559923464     
   9.6964567215568481E-002  0.71400513974275925     
  0.11842995645747310        1.0780430747983250     
  0.14416104292042672       0.93744897940225869     
  0.17483851006932644        1.2006911006869809     
  0.21159335649904049       0.58413468903839283     
  0.25709616209838343        1.1548160435581434     
  0.31264156338248622       0.95494861795604424     
  0.37951482899164635        1.1773570345279847     
  0.46065736128088758        1.5351171425744314     
  0.55924736126635322       0.23203301561965078     
  0.67897524277408394        1.6368093913999091     
  0.82441551550693815       0.83303376274022989     
   1.0009764843865627       0.56751976987992780     
   1.2153763263333666       0.76857157743919824     
   1.4765846423066622       -1.0570923773531860     
   1.2566370614360001E-002 -0.63901809399773357     
   1.7771531752634635E-002  0.13232479111594880     
   2.1765592370812048E-002   2.8713334853342958     
   2.5132741228720001E-002  0.14034997745094935     
   2.9562133651285849E-002   1.0962545136703992     
   3.8019517526813901E-002   2.2926908463336075     
   4.5116083860089251E-002  0.94943248997311058     
   5.5056809371101592E-002  0.95045523059628501     
   6.5848341545415051E-002   1.0397308425928922     
   7.9166690278415927E-002  0.68147640247601771     
   9.6964567215568481E-002  0.47233996412172824     
  0.11842995645747310        1.4274717183749681     
  0.14416104292042672       0.66729499167902451     
  0.17483851006932644       0.78108361013789651     
  0.21159335649904049       0.63582035318650765     
  0.25709616209838343        1.0994738546003340     
  0.31264156338248622      -0.19594866587907117     
  0.37951482899164635       0.76456423841047483     
  0.46065736128088758        7.1214202279770544E-002
  0.55924736126635322       -9.5206200242359484E-002
  0.67897524277408394       0.82757962412166430     
  0.82441551550693815      -0.44305254840864433     
   1.0009764843865627       -1.8135344472447423     
   1.2153763263333666      -0.30469089662591814     
   1.4765846423066622      -0.75940520579537008     
   1.2566370614360001E-002 -0.86351195308471118     
   1.7771531752634635E-002  0.27198596562856742     
   2.1765592370812048E-002   3.3708925095721542     
   2.5132741228720001E-002 -0.56423941586982229     
   2.9562133651285849E-002  0.16922479046732886     
   3.8019517526813901E-002  0.91202885044488302     
   4.5116083860089251E-002 -0.18808015668078792     
   5.5056809371101592E-002   1.2129461734662408     
   6.5848341545415051E-002   1.1211662730292098     
   7.9166690278415927E-002   1.2609796136398828     
   9.6964567215568481E-002  0.81267137466568873     
  0.11842995645747310        1.0058772737260471     
  0.14416104292042672       0.74935683172915191     
  0.17483851006932644        1.8281571866951585     
  0.21159335649904049       0.34904671581734953     
  0.25709616209838343        1.1053245728593313     
  0.31264156338248622      -0.37940355289675676     
  0.37951482899164635      -0.43490244668387712     
  0.46065736128088758        1.6031896351987744     
  0.55924736126635322        5.8863924589142913E-002
  0.67897524277408394       -1.4131983115596916     
  0.82441551550693815       -1.2003129834724910     
   1.0009764843865627       -1.6020330576742523     
   1.2153763263333666       -2.9361276454312457     
   1.4765846423066622        2.8747445293956004     
   1.2566370614360001E-002  -1.3858142082182947E-002
   1.7771531752634635E-002  -7.3625217294220240E-003
   2.1765592370812048E-002   5.3747547338794410     
   2.5132741228720001E-002 -0.81439652069864010     
   2.9562133651285849E-002   1.1003315492189609     
   3.8019517526813901E-002  0.41621622633698740     
   4.5116083860089251E-002  0.63970022844241314     
   5.5056809371101592E-002   1.4429545433457265     
   6.5848341545415051E-002  0.58763594627790772     
   7.9166690278415927E-002  0.56227127224508311     
   9.6964567215568481E-002 -0.16521225002349119     
  0.11842995645747310        1.5894925989318107     
  0.14416104292042672        1.7358309324968177     
  0.17483851006932644        1.6126939741075024     
  0.21159335649904049       0.85007811872586025     
  0.25709616209838343      -0.62161674493605723     
  0.31264156338248622        2.1771851383008500     
  0.37951482899164635        2.0970455061224644     
  0.46065736128088758        1.8144738720965814     
  0.55924736126635322       0.29302604927944220     
  0.67897524277408394        1.2535892501141728     
  0.82441551550693815       -1.0732482147671214     
   1.0009764843865627        1.6096802041314251     
   1.2153763263333666       -10.623389331076499     
   1.4765846423066622        3.1069663978232276     
   1.2566370614360001E-002  -4.9441798872746219     
   1.7771531752634635E-002  0.28674370483456119     
   2.1765592370812048E-002   5.2792415468885476     
   2.5132741228720001E-002  -2.3526684876020756     
   2.9562133651285849E-002  0.12128320292824636     
   3.8019517526813901E-002  -2.0830402869960278     
   4.5116083860089251E-002   1.0166100963627880     
   5.5056809371101592E-002   2.6141050485543498     
   6.5848341545415051E-002  0.23493932453187003     
   7.9166690278415927E-002 -0.20006481774191762     
   9.6964567215568481E-002 -0.52736089652233287     
  0.11842995645747310      -0.45410986206738324     
  0.14416104292042672       0.80025326004158104     
  0.17483851006932644        1.0922764274099488     
  0.21159335649904049      -0.25544283007911378     
  0.25709616209838343       -1.3151833475128270     
  0.31264156338248622       0.65480917904814295     
  0.37951482899164635       -3.0500359402030743     
  0.46065736128088758      -0.21505718525305642     
  0.55924736126635322        1.3537111139486084     
  0.67897524277408394       0.40868061890486762     
  0.82441551550693815       -7.4603197468209261     
   1.0009764843865627       -3.9691845138723694     
   1.2153763263333666       -10.574648989972895     
   1.4765846423066622       -11.359169011459336     
   1.2566370614360001E-002   2.3831636209475557     
   1.7771531752634635E-002  -3.2225793186447320     
   2.1765592370812048E-002   1.3734428877022127     
   2.5132741228720001E-002  0.63120664764478496     
   2.9562133651285849E-002   1.2284527578122064     
   3.8019517526813901E-002  0.96344819104414603     
   4.5116083860089251E-002  0.63583912872034765     
   5.5056809371101592E-002  -1.1795475524384563E-002
   6.5848341545415051E-002  0.87819927242133022     
   7.9166690278415927E-002 -0.35634630683497415     
   9.6964567215568481E-002 -0.41033683256887393     
  0.11842995645747310       0.83085807801481903     
  0.14416104292042672       0.60756588271346124     
  0.17483851006932644       0.16676382680875509     
  0.21159335649904049       0.39692143134005203     
  0.25709616209838343       0.29316404659403406     
  0.31264156338248622      -0.57842893459977063     
  0.37951482899164635      -0.57143995090848598     
  0.46065736128088758       -1.2479389170189634     
  0.55924736126635322       -1.4415640687934033E-002
  0.67897524277408394        2.5344022932850714     
  0.82441551550693815      -0.12813999662115444     
   1.0009764843865627       -1.7780739326923598     
   1.2153763263333666       0.31240605283121187     
   1.4765846423066622        1.9108035772748873     
   1.2566370614360001E-002   3.7153869502954069     
   1.7771531752634635E-002 -0.60898590397884089     
   2.1765592370812048E-002   1.6081661529056770     
   2.5132741228720001E-002   2.8162457898358118     
   2.9562133651285849E-002  0.63982221496660951     
   3.8019517526813901E-002  0.56660065588854636     
   4.5116083860089251E-002  0.95565989337250445     
   5.5056809371101592E-002  0.48760830180705234     
   6.5848341545415051E-002   1.0395253415651224     
   7.9166690278415927E-002  0.95095683744302484     
   9.6964567215568481E-002   1.1391321664530236     
  0.11842995645747310       0.90484937309816604     
  0.14416104292042672       0.72626118209665713     
  0.17483851006932644       0.73646830535970709     
  0.21159335649904049       0.61472078310688039     
  0.25709616209838343       0.60555464891735744     
  0.31264156338248622       0.45054460114450678     
  0.37951482899164635        1.0836650883687893     
  0.46065736128088758       0.89579504391552045     
  0.55924736126635322        1.0513186137482355     
  0.67897524277408394       0.64944934396839715     
  0.82441551550693815        5.4850538411304460E-002
   1.0009764843865627      -0.55444164197350432     
   1.2153763263333666       -1.3504632563491519     
   1.4765846423066622       -2.0412684193870425     
   1.2566370614360001E-002   2.8966945891206937     
   1.7771531752634635E-002 -0.53670319567705971     
   2.1765592370812048E-002   1.7462766874887776     
   2.5132741228720001E-002   3.7808354288077557     
   2.9562133651285849E-002  0.76106228453883551     
   3.8019517526813901E-002  0.40319930148584565     
   4.5116083860089251E-002  0.80444259332210311     
   5.5056809371101592E-002  0.36399802675932408     
   6.5848341545415051E-002   1.2152901127615068     
   7.9166690278415927E-002  0.87805924480433961     
   9.6964567215568481E-002   1.3823817796135516     
  0.11842995645747310       0.73267699174303924     
  0.14416104292042672       0.83641087709438344     
  0.17483851006932644       0.69612899965747288     
  0.21159335649904049       0.86114452275935927     
  0.25709616209838343       0.42999560471696380     
  0.31264156338248622       0.22158343824206736     
  0.37951482899164635       0.99833719666086762     
  0.46065736128088758       0.45280951956620058     
  0.55924736126635322       0.38071303878995555     
  0.67897524277408394       -2.8333930393964552E-002
  0.82441551550693815      -0.17014072097824695     
   1.0009764843865627      -0.38478665639612525     
   1.2153763263333666      -0.69733140558714135     
   1.4765846423066622       -1.2427298652930059     
   1.2566370614360001E-002   2.6556954567175781     
   1.7771531752634635E-002 -0.28078576672149314     
   2.1765592370812048E-002   2.0167092636438855     
   2.5132741228720001E-002   3.4691420304368012     
   2.9562133651285849E-002  0.92680581032477227     
   3.8019517526813901E-002  0.33648763574038271     
   4.5116083860089251E-002  0.88843873311376187     
   5.5056809371101592E-002  0.28661891687480806     
   6.5848341545415051E-002  0.76521844025645969     
   7.9166690278415927E-002  0.87911675677304213     
   9.6964567215568481E-002  0.88661533345101040     
  0.11842995645747310       0.43214763698734349     
  0.14416104292042672       0.98350413206701182     
  0.17483851006932644       0.19765651048513058     
  0.21159335649904049        1.3461152209588033E-002
  0.25709616209838343       0.48430166508739730     
  0.31264156338248622       0.32483377405282138     
  0.37951482899164635       0.43752463601437758     
  0.46065736128088758      -0.42955972962901523     
  0.55924736126635322       -3.3524627995163349E-002
  0.67897524277408394      -0.75799677027142265     
  0.82441551550693815       0.36015340412422897     
   1.0009764843865627       0.11620453864064419     
   1.2153763263333666      -0.38625375681212798     
   1.4765846423066622       -1.6279217178800609     
   1.2566370614360001E-002  0.37947724656056026     
   1.7771531752634635E-002  -1.2692867870060449     
   2.1765592370812048E-002   2.0876043993519735     
   2.5132741228720001E-002   3.3906642785329639     
   2.9562133651285849E-002  0.80420218673511501     
   3.8019517526813901E-002  0.81335773154485724     
   4.5116083860089251E-002   1.1659125176111291     
   5.5056809371101592E-002  0.76063746561423529     
   6.5848341545415051E-002  0.71960888047563798     
   7.9166690278415927E-002  0.99012427162238026     
   9.6964567215568481E-002  0.86299266964920640     
  0.11842995645747310       0.37719460026137491     
  0.14416104292042672       0.28189034641762456     
  0.17483851006932644        1.5796084982360518E-002
  0.21159335649904049       0.83440896888995431     
  0.25709616209838343      -0.19175745834353847     
  0.31264156338248622       0.14737595838545051     
  0.37951482899164635       0.82150486506902876     
  0.46065736128088758       0.17877650232361356     
  0.55924736126635322        1.1163195806146486     
  0.67897524277408394       -7.8100664573948222E-002
  0.82441551550693815      -0.75456758975853144     
   1.0009764843865627       -1.0832250775191947     
   1.2153763263333666       -1.1981672969503987     
   1.4765846423066622        4.1231014993709566E-003
   1.2566370614360001E-002  -1.8039083127072604     
   1.7771531752634635E-002  -3.4101928839150886     
   2.1765592370812048E-002   2.4198651911779940     
   2.5132741228720001E-002   4.1158155730149355     
   2.9562133651285849E-002  0.65571711541826549     
   3.8019517526813901E-002  0.24916375669678711     
   4.5116083860089251E-002  0.98019876248694304     
   5.5056809371101592E-002  0.71607252923570497     
   6.5848341545415051E-002  0.23456237765479018     
   7.9166690278415927E-002   1.0170505941924048     
   9.6964567215568481E-002  0.99994593911246032     
  0.11842995645747310       0.30545999600603146     
  0.14416104292042672       0.43645720436202967     
  0.17483851006932644        1.1364010655141528     
  0.21159335649904049       0.77201645988471446     
  0.25709616209838343        1.9438184544926618     
  0.31264156338248622        1.1385717193678759     
  0.37951482899164635       0.12848914218413263     
  0.46065736128088758       -9.3425861691045609E-002
  0.55924736126635322       -1.8463964379650748     
  0.67897524277408394       0.34884598970500519     
  0.82441551550693815        1.8389703901406653     
   1.0009764843865627      -0.54298618158134215     
   1.2153763263333666      -0.71097270121040435     
   1.4765846423066622      -0.95456922840484004     
   1.2566370614360001E-002   2.5734589028679613     
   1.7771531752634635E-002  -1.8858588105704110     
   2.1765592370812048E-002   1.7618237824812806     
   2.5132741228720001E-002   1.2605427372706977     
   2.9562133651285849E-002   1.4778940217431824     
   3.8019517526813901E-002  0.16618947516711827     
   4.5116083860089251E-002  0.63253040981776854     
   5.5056809371101592E-002  0.88451418261838710     
   6.5848341545415051E-002   5.7506408184759196E-002
   7.9166690278415927E-002  0.52112800973518358     
   9.6964567215568481E-002  0.67647896273703367     
  0.11842995645747310        1.6100277911934184     
  0.14416104292042672        1.8443518626052140     
  0.17483851006932644        1.8269158106786882     
  0.21159335649904049        1.9862742670033204     
  0.25709616209838343        4.7466241521510435     
  0.31264156338248622        1.1729275589987926     
  0.37951482899164635        1.9355520370371793     
  0.46065736128088758       0.23798050795492962     
  0.55924736126635322       0.28006374326629452     
  0.67897524277408394       0.70113869660708228     
  0.82441551550693815        1.9722309146458794     
   1.0009764843865627        4.4709839786413204     
   1.2153763263333666        1.6574282035250751     
   1.4765846423066622       -9.0882697518070295     
   1.2566370614360001E-002   2.3831636209475557     
   1.7771531752634635E-002  -3.2225793186447320     
   2.1765592370812048E-002   1.3734428877022127     
   2.5132741228720001E-002  0.63120664764478496     
   2.9562133651285849E-002   1.2284527578122064     
   3.8019517526813901E-002  0.96344819104414603     
   4.5116083860089251E-002  0.63583912872034765     
   5.5056809371101592E-002  -1.1795475524384563E-002
   6.5848341545415051E-002  0.87819927242133022     
   7.9166690278415927E-002 -0.35634630683497415     
   9.6964567215568481E-002 -0.41033683256887393     
  0.11842995645747310       0.83085807801481903     
  0.14416104292042672       0.60756588271346124     
  0.17483851006932644       0.16676382680875509     
  0.21159335649904049       0.39692143134005203     
  0.25709616209838343       0.29316404659403406     
  0.31264156338248622      -0.57842893459977063     
  0.37951482899164635      -0.57143995090848598     
  0.46065736128088758       -1.2479389170189634     
  0.55924736126635322       -1.4415640687934033E-002
  0.67897524277408394        2.5344022932850714     
  0.82441551550693815      -0.12813999662115444     
   1.0009764843865627       -1.7780739326923598     
   1.2153763263333666       0.31240605283121187     
   1.4765846423066622        1.9108035772748873     
   1.2566370614360001E-002   2.2269366094831238     
   1.7771531752634635E-002  0.32755975747247373     
   2.1765592370812048E-002   7.8000704280091718E-002
   2.5132741228720001E-002   1.4525100093871977     
   2.9562133651285849E-002   1.9587679069844165E-002
   3.8019517526813901E-002 -0.23943551551529055     
   4.5116083860089251E-002   1.9812060747392266     
   5.5056809371101592E-002 -0.33370174223297489     
   6.5848341545415051E-002  -3.0733042176027205E-002
   7.9166690278415927E-002  -1.0685621260748155     
   9.6964567215568481E-002 -0.10232015147995130     
  0.11842995645747310        2.7405438522994475E-002
  0.14416104292042672       -1.1009685314092228     
  0.17483851006932644       0.63853132480510189     
  0.21159335649904049        1.0887410886648115     
  0.25709616209838343       -1.0395759304448040     
  0.31264156338248622      -0.55288369972722473     
  0.37951482899164635       0.85327177059525217     
  0.46065736128088758       -1.4010366608850646     
  0.55924736126635322      -0.70786230909730641     
  0.67897524277408394       -3.9699087175114607     
  0.82441551550693815       -7.4309863190425949     
   1.0009764843865627       -18.143502122507066     
   1.2153763263333666       -39.733029209551660     
   1.4765846423066622       -93.222309468101955     
