   907465875134.50098        3.1096542346701697E-014   4.1666792943715431E-015
   996449110089.84851        2.3794362170377417E-014   3.4774433935335393E-015
   1094157759763.3474        2.1882278852084056E-014   2.9014479980933116E-015
   1201447410738.7168        1.8059307570664379E-014   2.4200776783097749E-015
   1319257545715.3203        1.4834437100884046E-014   2.0179395415103199E-015
   1448619770096.0466        1.2826016081892083E-014   1.6820979594989057E-015
   1590666845248.3909        1.0343612032921232E-014   1.4016154586264578E-015
   1746642607538.5598        8.3808905862824065E-015   1.1674936554870990E-015
   1917912859994.7070        7.4557326666939728E-015   9.7206670547194889E-016
   2105977331972.2314        5.9309464930131407E-015   8.0903334773962512E-016
   2312482811546.0454        5.0893606315379666E-015   6.7302579541501043E-016
   2539237565623.7188        4.3400457503051180E-015   5.5963270528159493E-016
   2788227174049.3262        3.3910010190964725E-015   4.6509889812162319E-016
   3061631916349.4629        2.9346036628393259E-015   3.8633780073420944E-016
   3361845863368.6118        2.4194630205013920E-015   3.2072249934265898E-016
   3691497840969.9233        2.0452969196538404E-015   2.6610212123560510E-016
   4053474449370.2100        1.6572671186812278E-015   2.2063699669868271E-016
   4450945339678.1768        1.3985986435427650E-015   1.8282805991371566E-016
   4887390968970.0654        1.1608428699828502E-015   1.5138942178627670E-016
   5366633076940.2949        9.4221059962846985E-016   1.2526835313908626E-016
   5892868150996.0986        7.9282987197658461E-016   1.0357047853422508E-016
   6470704172833.5605        6.5756790128854723E-016   8.5562123185457700E-017
   7105200968266.7285        5.3801163269360120E-016   7.0620395199642445E-017
   7801914513633.4160        4.4455789775621547E-016   5.8235758285970751E-017
   8566945586747.0820        3.6741653290995479E-016   4.7973945064891080E-017
   9406993188407.2617        3.0586041615887037E-016   3.9481537920749241E-017
   10329413202254.428        2.4721199649397038E-016   3.2456107595980879E-017
   11342282806624.777        2.0564405601002507E-016   2.6650892394047644E-017
   12454471202427.873        1.6751751937729030E-016   2.1856553876310335E-017
   13675717276376.373        1.3773617883478021E-016   1.7902157250467462E-017
   15016714879626.568        1.1352061330903874E-016   1.4642687488162824E-017
   16489206468572.789        9.1365019371155982E-017   1.1959652393818928E-017
   18106085927762.125        7.4159283603215246E-017   9.7528726366269958E-018
   19881511475299.078        6.1912348860397090E-017   7.9409343353691078E-018
   21831029639397.273        5.0200083326639298E-017   6.4544341322668339E-018
   23971711391679.938        4.0246399405737764E-017   5.2367590184335436E-018
   26322301629281.414        3.2845861370999251E-017   4.2408334363497737E-018
   28903383314691.039        2.6537810719223308E-017   3.4272276168153196E-018
   31737557710631.195        2.1245298970512793E-017   2.7638785204708997E-018
   34849642288197.789        1.7039661538871303E-017   2.2237493361107327E-018
   38266888041247.070        1.3187854507685675E-017   1.7849764568145224E-018
   42019218109944.703        1.1271619187037781E-017   1.4290835720502348E-018
   46139489802985.531        8.6474791336625078E-018   1.1411248843126883E-018
   50663782312883.484        6.9454800286628753E-018   9.0854707920486794E-019
   55631712643713.500        5.5030872780445237E-018   7.2123161458162759E-019
   61086782517729.562        4.2559221850794501E-018   5.7067810468311673E-019
   67076759298548.664        3.4246808394337942E-018   4.5004975148616954E-019
   73654094266457.531        2.6940320427671366E-018   3.5363032524018251E-019
   80876381908473.938        2.0676243866525975E-018   2.7682407798966920E-019
   88806864244940.156        1.6355783498395918E-018   2.1581399913296304E-019
   97514984608787.531        1.2186190234528934E-018   1.6753744882953748E-019
   107076995726643.53        9.7646074590176462E-019   1.2946106830689550E-019
   117576627426451.81        7.5038338330971556E-019   9.9562987363536994E-020
   129105819818391.00        5.9000595358751568E-019   7.6173888082397496E-020
   141765528369194.78        4.5952467887812406E-019   5.7967362574683722E-020
   155666607919514.62        3.4379802779962862E-019   4.3856218750866280E-020
   170930783385232.09        2.5557897664838307E-019   3.2979305898519644E-020
   187691715642673.78        1.9085055561084942E-019   2.4637521961418784E-020
   206096171931158.75        1.2859268913837186E-019   1.8279837971644223E-020
   226305311021518.75        9.5954087578693611E-020   1.3462497386547455E-020
   248496094404183.94        6.8119293131737814E-020   9.8379920621946981E-021
   272862835853911.69        5.0756905419508793E-020   7.1292979662141278E-021
   299618902939929.50        3.2528208989728042E-020   5.1211283246200131E-021
   328998585380788.44        2.9103719889434490E-020   3.6438907691442395E-021
   361259146604181.19        2.0351860134140441E-020   2.5670539658174989E-021
   396683076476236.19        1.2930999276190140E-020   1.7891255496913849E-021
   435580564926326.94        9.8135473048831935E-021   1.2328516858647795E-021
   478292218127697.62        9.2946820576649490E-021   8.3935627526752009E-022
   525192041018186.31        3.7439859456447786E-021   5.6407945860020948E-022
   576690712277502.00        2.5201736943495650E-021   3.7393439547664104E-022
   633239180438413.25        1.3500713825170488E-021   2.4425699603237996E-022
   695332612621229.62        1.1065586055544253E-021   1.5708517932072568E-022
   763514730468712.00        4.4788558055648403E-022   9.9343593990232227E-023
   838382571249055.50        1.0197231253565111E-022   6.1718751280809797E-023
   920591715817568.88        3.7146460525737261E-022   3.7616330511549977E-023
   1010862029215746.5        8.4573173300592120E-023   2.2466147111188089E-023
   1109983964175350.9        0.0000000000000000        1.3127845365034509E-023
   1218825482724180.0        1.4028556309598994E-022   7.4953813499512799E-024
   1338339656502602.5        0.0000000000000000        4.1740192749084531E-024
   1469573012343098.0        0.0000000000000000        2.2635680493413307E-024
   1613674696190966.5        0.0000000000000000        1.1929406510139030E-024
   1771906535610140.8        0.0000000000000000        6.0990627445915564E-025
   1945654088986456.0        0.0000000000000000        3.0177882457995696E-025
   2136438778180912.5        0.0000000000000000        1.4420127896211542E-025
   2345931210872563.0        0.0000000000000000        6.6362806088048723E-026
   2575965809248190.5        0.0000000000000000        2.9338547573699911E-026
   2828556873135088.0        0.0000000000000000        1.2421199146489623E-026
   3105916218233814.5        0.0000000000000000        5.0212201559016731E-027
   3410472543900336.5        0.0000000000000000        1.9311044663302484E-027
   3744892700071688.0        0.0000000000000000        7.0412193279888891E-028
   4112105039559011.5        0.0000000000000000        2.4238693356291676E-028
   4515325060192744.0        0.0000000000000000        7.8452424446948411E-029
   4958083561355490.0        0.0000000000000000        2.3758622788043348E-029
   5444257561455431.0        0.0000000000000000        6.6995742083216621E-030
   5978104247069502.0        0.0000000000000000        1.7491103555274621E-030
   6564298251032146.0        0.0000000000000000        4.2038169956144174E-031
   7207972585895685.0        0.0000000000000000        9.2394229196280844E-032
   7914763591196472.0        0.0000000000000000        1.8443112425747886E-032
   8690860288107631.0        0.0000000000000000        3.3187297763799396E-033
   9543058573653238.0        0.0000000000000000        5.3381196753349595E-034
