   907465875134.50098       0.36283506803920040        4.7177578757900511E-002
   996449110089.84851       0.33654626553466765        4.7675042099218731E-002
   1094157759763.3474       0.37572102349507064        4.8173011203753113E-002
   1201447410738.7168       0.37355688482703114        4.8668965119828295E-002
   1319257545715.3203       0.37144209668193040        4.9163638225164279E-002
   1448619770096.0466       0.39212423278613573        4.9657299533774256E-002
   1590666845248.3909       0.38298995154809790        5.0146812708097510E-002
   1746642607538.5598       0.37328770414752110        5.0634007172176372E-002
   1917912859994.7070       0.40449087358845243        5.1115428064233401E-002
   2105977331972.2314       0.38877978450626383        5.1592882316895183E-002
   2312482811546.0454       0.40740555178323801        5.2062666262597583E-002
   2539237565623.7188       0.41993182307276966        5.2526427006331859E-002
   2788227174049.3262       0.39630830062617217        5.2980250769478536E-002
   3061631916349.4629       0.41709652208962483        5.3425555283510354E-002
   3361845863368.6118       0.42153200414636316        5.3857881234025858E-002
   3691497840969.9233       0.42619614127318156        5.4279635788083418E-002
   4053474449370.2100       0.42235282057849005        5.4685551840094888E-002
   4450945339678.1768       0.43254794373896416        5.5079042452166146E-002
   4887390968970.0654       0.43825038694121210        5.5454763907272490E-002
   5366633076940.2949       0.43200365549669906        5.5813895232115482E-002
   5892868150996.0986       0.43757606919452491        5.6151341165989327E-002
   6470704172833.5605       0.44326929703701290        5.6468008876648990E-002
   7105200968266.7285       0.44691738370548734        5.6758370382168362E-002
   7801914513633.4160       0.44781990514412173        5.7024224500332302E-002
   8566945586747.0820       0.44871703556866954        5.7259206016325268E-002
   9406993188407.2617       0.45080744032405795        5.7466481549062622E-002
   10329413202254.428       0.45298830326555295        5.7639283629696073E-002
   11342282806624.777       0.45331977080447117        5.7778665763000059E-002
   12454471202427.873       0.45724670986464339        5.7878166521619527E-002
   13675717276376.373       0.45302916125513781        5.7939108362092283E-002
   15016714879626.568       0.45564909901780531        5.7954830994265780E-002
   16489206468572.789       0.46426566954362647        5.7925873928691869E-002
   18106085927762.125       0.45589640430411121        5.7845406080530078E-002
   19881511475299.078       0.45088038376736633        5.7716876333816766E-002
   21831029639397.273       0.44901518176657962        5.7532488146206609E-002
   23971711391679.938       0.45300554582494629        5.7291130618205829E-002
   26322301629281.414       0.44625380018462757        5.6991503461004935E-002
   28903383314691.039       0.44394562956933542        5.6626450966138123E-002
   31737557710631.195       0.43928377399874458        5.6197436172732977E-002
   34849642288197.789       0.43381257523737066        5.5696723970991638E-002
   38266888041247.070       0.43321690339913649        5.5127748364891788E-002
   42019218109944.703       0.42488164783646776        5.4483018843230861E-002
   46139489802985.531       0.41943181519046502        5.3765028160268041E-002
   50663782312883.484       0.41437681309605806        5.2966555251022535E-002
   55631712643713.500       0.40378980677420184        5.2091826953806618E-002
   61086782517729.562       0.40149892147888677        5.1134029292855120E-002
   67076759298548.664       0.38607572834042736        5.0097849157515875E-002
   73654094266457.531       0.38275822440048896        4.8977638712831416E-002
   80876381908473.938       0.36769633133213475        4.7778060038138156E-002
   88806864244940.156       0.36038744868723777        4.6494933160124742E-002
   97514984608787.531       0.34866600472374321        4.5134143633792694E-002
   107076995726643.53       0.34034278343497526        4.3692732344998042E-002
   117576627426451.81       0.32408369762785916        4.2179362946031529E-002
   129105819818391.00       0.31417811656334954        4.0592417238282809E-002
   141765528369194.78       0.30228681091064080        3.8941824014730890E-002
   155666607919514.62       0.27456438874180256        3.7228108573614020E-002
   170930783385232.09       0.27282065932092286        3.5461805747541909E-002
   187691715642673.78       0.26531125081415807        3.3645865606522191E-002
   206096171931158.75       0.24006835903479204        3.1792566597391193E-002
   226305311021518.75       0.21197134719755145        2.9906978322637258E-002
   248496094404183.94       0.21489585048754356        2.8002629160935568E-002
   272862835853911.69       0.19643234637031881        2.6086636320140733E-002
   299618902939929.50       0.16852152689258523        2.4173336031092306E-002
   328998585380788.44       0.15989794649456576        2.2271506372748110E-002
   361259146604181.19       0.16115169050468400        2.0396023664575349E-002
   396683076476236.19       0.14210605312081143        1.8556524305928534E-002
   435580564926326.94       0.12870858463059728        1.6766594875639019E-002
   478292218127697.62       0.11404568488388533        1.5038794928176745E-002
   525192041018186.31        8.7480296913942268E-002   1.3382087271974813E-002
   576690712277502.00       0.10395354416491487        1.1809157014947131E-002
   633239180438413.25        7.3689770936882143E-002   1.0327219262439584E-002
   695332612621229.62        5.4736994387344522E-002   8.9457663693518746E-003
   763514730468712.00        4.7909249361857149E-002   7.6696066315608685E-003
   838382571249055.50        5.7389540617504751E-002   6.5041569525492882E-003
   920591715817568.88        3.7810186527376270E-002   5.4510041511948030E-003
   1010862029215746.5        3.3444841188676633E-002   4.5118190757030587E-003
   1109983964175350.9        1.8995346510458595E-002   3.6843688277046352E-003
   1218825482724180.0        1.8076907454256382E-002   2.9660406905457162E-003
   1338339656502602.5        1.5268824502247213E-002   2.3511505357231561E-003
   1469573012343098.0        5.0298111491394008E-003   1.8334641223273747E-003
   1613674696190966.5        1.6569055589237755E-002   1.4046343193203894E-003
   1771906535610140.8        6.0645882669240446E-003   1.0561093979339663E-003
   1945654088986456.0        2.2197542068244317E-003   7.7808290219876181E-004
   2136438778180912.5        0.0000000000000000        5.6100452910091026E-004
   2345931210872563.0        0.0000000000000000        3.9514767698498992E-004
   2575965809248190.5        0.0000000000000000        2.7147605234821901E-004
   2828556873135088.0        0.0000000000000000        1.8155446093727961E-004
   3105916218233814.5        0.0000000000000000        1.1797962645686389E-004
   3410472543900336.5        0.0000000000000000        7.4321447080908585E-005
   3744892700071688.0        0.0000000000000000        4.5291696909748562E-005
   4112105039559011.5        0.0000000000000000        2.6628112069769202E-005
   4515325060192744.0        0.0000000000000000        1.5065868607994717E-005
   4958083561355490.0        0.0000000000000000        8.1774330374768755E-006
   5444257561455431.0        0.0000000000000000        4.2454090239814209E-006
   5978104247069502.0        0.0000000000000000        2.1004869187367817E-006
   6564298251032146.0        0.0000000000000000        9.8693812665617318E-007
   7207972585895685.0        0.0000000000000000        4.3851753249932172E-007
   7914763591196472.0        0.0000000000000000        1.8346463739332503E-007
   8690860288107631.0        0.0000000000000000        7.1939944106483757E-008
   9543058573653238.0        0.0000000000000000        2.6296587906652970E-008
