   1.2566370614360001E-002   1.2984276750731605     
   1.7771531752634635E-002   1.0365090557787564     
   2.1765592370812048E-002  0.88422697520592664     
   2.5132741228720001E-002  0.84913671542380309     
   2.9562133651285849E-002  0.98342472987134599     
   3.8019517526813901E-002  0.95620446575736773     
   4.5116083860089251E-002   1.0792821913288604     
   5.5056809371101592E-002  0.98337841625368660     
   6.5848341545415051E-002   1.0316091489661825     
   7.9166690278415927E-002   1.0099402352168334     
   9.6964567215568481E-002   1.0866427148163615     
  0.11842995645747310        1.0514348136197498     
  0.14416104292042672        1.1057872972184610     
  0.17483851006932644        1.1160550876279927     
  0.21159335649904049        1.1926247235050487     
  0.25709616209838343        1.2074834204646359     
  0.31264156338248622        1.3130874675985444     
  0.37951482899164635        1.4331538126830023     
  0.46065736128088758        1.5753527220281711     
  0.55924736126635322        1.7738641052084887     
  0.67897524277408394        2.0255750553172462     
  0.82441551550693815        2.2425006571699235     
   1.0009764843865627        2.5375928491604496     
   1.2153763263333666        2.8300777394706027     
   1.4765846423066622        3.1863787375853598     
   1.2566370614360001E-002   1.3521063779359386     
   1.7771531752634635E-002   1.0515994127952302     
   2.1765592370812048E-002  0.79433686676622939     
   2.5132741228720001E-002  0.99961402125620591     
   2.9562133651285849E-002   1.0206383732813638     
   3.8019517526813901E-002   1.0217896336797232     
   4.5116083860089251E-002   1.0315736269095024     
   5.5056809371101592E-002  0.98156885252175718     
   6.5848341545415051E-002   1.0258891480048782     
   7.9166690278415927E-002  0.99865199883603828     
   9.6964567215568481E-002   1.0866408384227626     
  0.11842995645747310        1.0470462809988967     
  0.14416104292042672        1.1131738666993858     
  0.17483851006932644        1.1247634458779372     
  0.21159335649904049        1.1843126143254297     
  0.25709616209838343        1.2156295630697391     
  0.31264156338248622        1.3245583497533766     
  0.37951482899164635        1.4319927742878076     
  0.46065736128088758        1.5732452864400697     
  0.55924736126635322        1.7378546373028445     
  0.67897524277408394        1.9440011079343802     
  0.82441551550693815        2.1386298664409868     
   1.0009764843865627        2.3229910119371628     
   1.2153763263333666        2.4737185164543685     
   1.4765846423066622        2.5323904547191565     
   1.2566370614360001E-002  0.82842248008930985     
   1.7771531752634635E-002   1.0615750411840241     
   2.1765592370812048E-002  0.97857700495274824     
   2.5132741228720001E-002   1.0693425194002966     
   2.9562133651285849E-002  0.96705902386864673     
   3.8019517526813901E-002  0.88296504756375738     
   4.5116083860089251E-002   1.1570556834752594     
   5.5056809371101592E-002  0.99061172684219667     
   6.5848341545415051E-002  0.99800525205141255     
   7.9166690278415927E-002   1.0452610449304276     
   9.6964567215568481E-002   1.0151993529892915     
  0.11842995645747310       0.96031595200081332     
  0.14416104292042672        1.0762225473463214     
  0.17483851006932644        1.0667160980614681     
  0.21159335649904049        1.1307308056573051     
  0.25709616209838343        1.1426007891539225     
  0.31264156338248622        1.2286941132518099     
  0.37951482899164635        1.3173933279975212     
  0.46065736128088758        1.4276708498222672     
  0.55924736126635322        1.5318507517474411     
  0.67897524277408394        1.6861470145710820     
  0.82441551550693815        1.7231363464968261     
   1.0009764843865627        1.8110030374692081     
   1.2153763263333666        1.7244028283801287     
   1.4765846423066622        1.5184026377155049     
   1.2566370614360001E-002  0.40741325299060521     
   1.7771531752634635E-002   1.3737585261923182     
   2.1765592370812048E-002   1.2741282897585207     
   2.5132741228720001E-002   1.1405588337089343     
   2.9562133651285849E-002   1.0433915627073547     
   3.8019517526813901E-002  0.98385867095572943     
   4.5116083860089251E-002   1.0091067755653265     
   5.5056809371101592E-002  0.93756808615251097     
   6.5848341545415051E-002  0.99976693680333251     
   7.9166690278415927E-002  0.97925222499990017     
   9.6964567215568481E-002   1.0709705150423854     
  0.11842995645747310       0.90790840575767229     
  0.14416104292042672       0.99929547557940168     
  0.17483851006932644        1.0273879702576405     
  0.21159335649904049        1.0690198212645587     
  0.25709616209838343        1.0952264687995621     
  0.31264156338248622        1.1873966343792359     
  0.37951482899164635        1.2326763372106762     
  0.46065736128088758        1.3269101589328260     
  0.55924736126635322        1.4481766752371996     
  0.67897524277408394        1.4785444973201440     
  0.82441551550693815        1.4730921028603305     
   1.0009764843865627        1.4000991660020616     
   1.2153763263333666        1.0255795934050833     
   1.4765846423066622       0.40167075504590488     
   1.2566370614360001E-002  0.62181598404486682     
   1.7771531752634635E-002   1.5917500238965236     
   2.1765592370812048E-002   1.9337700039992265     
   2.5132741228720001E-002  0.85781226630112661     
   2.9562133651285849E-002  0.81428031989690830     
   3.8019517526813901E-002  0.90695632573967333     
   4.5116083860089251E-002  0.51693627206014692     
   5.5056809371101592E-002   1.1933946798995430     
   6.5848341545415051E-002   1.1717439863658738     
   7.9166690278415927E-002   1.1701158341814009     
   9.6964567215568481E-002   1.1819465483246490     
  0.11842995645747310        1.0457058610244243     
  0.14416104292042672        1.1226216574970032     
  0.17483851006932644        1.0997792183896353     
  0.21159335649904049        1.1787460620039030     
  0.25709616209838343        1.1017508345600466     
  0.31264156338248622        1.1672685159724077     
  0.37951482899164635        1.2878383985315480     
  0.46065736128088758        1.2804609628068688     
  0.55924736126635322        1.3030421443012701     
  0.67897524277408394        1.4377042223253327     
  0.82441551550693815        1.0931082077440291     
   1.0009764843865627       0.72140411315863351     
   1.2153763263333666       0.25506555545999987     
   1.4765846423066622      -0.57242208335404454     
   1.2566370614360001E-002   1.5528680770391596     
   1.7771531752634635E-002   1.0665767473990846     
   2.1765592370812048E-002   1.9817953668214534     
   2.5132741228720001E-002  0.81299357492800872     
   2.9562133651285849E-002   1.1188987914905231     
   3.8019517526813901E-002   1.1588259976690987     
   4.5116083860089251E-002  0.70294540665638383     
   5.5056809371101592E-002  0.96122946582986368     
   6.5848341545415051E-002  0.81502642981024243     
   7.9166690278415927E-002  0.71388266749074836     
   9.6964567215568481E-002   1.0998203124396504     
  0.11842995645747310        1.0801834479349335     
  0.14416104292042672       0.87113359189607364     
  0.17483851006932644       0.77170513457236178     
  0.21159335649904049       0.71375737393474570     
  0.25709616209838343       0.96119328265742954     
  0.31264156338248622       0.74565012765080951     
  0.37951482899164635       0.87924651737051684     
  0.46065736128088758       0.95722277286986202     
  0.55924736126635322        1.0486823091212836     
  0.67897524277408394       0.88862170067285107     
  0.82441551550693815       0.91696675477935374     
   1.0009764843865627       0.26238344128422053     
   1.2153763263333666      -0.30754648913086668     
   1.4765846423066622       -1.2488229429925044     
   1.2566370614360001E-002   2.0174910115581168     
   1.7771531752634635E-002  -1.0762191583089649     
   2.1765592370812048E-002   2.9521506847468890     
   2.5132741228720001E-002   1.7202130182549671     
   2.9562133651285849E-002  0.42949296607794818     
   3.8019517526813901E-002   1.6667479865073231     
   4.5116083860089251E-002  0.77430982198670317     
   5.5056809371101592E-002   1.0308086905998792     
   6.5848341545415051E-002  0.90792750824227830     
   7.9166690278415927E-002  0.46041567518070325     
   9.6964567215568481E-002  0.57746885690538674     
  0.11842995645747310       0.59605873264545362     
  0.14416104292042672       0.81900378826609799     
  0.17483851006932644       0.45132895159635406     
  0.21159335649904049       0.57543435802299681     
  0.25709616209838343       0.45834026517928655     
  0.31264156338248622       0.54863535043382994     
  0.37951482899164635       0.55286868004354484     
  0.46065736128088758       0.44823944676461069     
  0.55924736126635322       0.68969028575715408     
  0.67897524277408394       0.30273188862861000     
  0.82441551550693815       0.12580001867224563     
   1.0009764843865627       -5.7073271658174794E-003
   1.2153763263333666      -0.31833557762299658     
   1.4765846423066622       -1.2433027581586631     
   1.2566370614360001E-002   1.5432672626252775     
   1.7771531752634635E-002  -4.0069727921762688     
   2.1765592370812048E-002 -0.69574662307098256     
   2.5132741228720001E-002  -1.4237677053125537     
   2.9562133651285849E-002 -0.19827908735725749     
   3.8019517526813901E-002   1.1435465664745617     
   4.5116083860089251E-002   2.7345893393476191     
   5.5056809371101592E-002  0.16118520928344879     
   6.5848341545415051E-002  0.24479433083892393     
   7.9166690278415927E-002 -0.22803946133027181     
   9.6964567215568481E-002   1.5128598597389566     
  0.11842995645747310        1.1926651657899319     
  0.14416104292042672       0.87725300973817288     
  0.17483851006932644       0.60784929709571922     
  0.21159335649904049        2.2310902124707689E-002
  0.25709616209838343       0.87584871680388499     
  0.31264156338248622       0.40055808696566997     
  0.37951482899164635        1.1521207538657752     
  0.46065736128088758       0.83207061042294439     
  0.55924736126635322       0.26720860221597165     
  0.67897524277408394      -0.45245473411371118     
  0.82441551550693815      -0.24013940626851621     
   1.0009764843865627      -0.49851503926562196     
   1.2153763263333666       -1.1643819549940184     
   1.4765846423066622       -2.3159393833352051     
   1.2566370614360001E-002   1.3521063779359386     
   1.7771531752634635E-002   1.0515994127952302     
   2.1765592370812048E-002  0.79433686676622939     
   2.5132741228720001E-002  0.99961402125620591     
   2.9562133651285849E-002   1.0206383732813638     
   3.8019517526813901E-002   1.0217896336797232     
   4.5116083860089251E-002   1.0315736269095024     
   5.5056809371101592E-002  0.98156885252175718     
   6.5848341545415051E-002   1.0258891480048782     
   7.9166690278415927E-002  0.99865199883603828     
   9.6964567215568481E-002   1.0866408384227626     
  0.11842995645747310        1.0470462809988967     
  0.14416104292042672        1.1131738666993858     
  0.17483851006932644        1.1247634458779372     
  0.21159335649904049        1.1843126143254297     
  0.25709616209838343        1.2156295630697391     
  0.31264156338248622        1.3245583497533766     
  0.37951482899164635        1.4319927742878076     
  0.46065736128088758        1.5732452864400697     
  0.55924736126635322        1.7378546373028445     
  0.67897524277408394        1.9440011079343802     
  0.82441551550693815        2.1386298664409868     
   1.0009764843865627        2.3229910119371628     
   1.2153763263333666        2.4737185164543685     
   1.4765846423066622        2.5323904547191565     
   1.2566370614360001E-002   1.4078156031213640     
   1.7771531752634635E-002   1.0159175901665132     
   2.1765592370812048E-002  0.69925304160136148     
   2.5132741228720001E-002   1.1541699577829565     
   2.9562133651285849E-002   1.0703476366934310     
   3.8019517526813901E-002   1.0834178456871588     
   4.5116083860089251E-002   1.0043634714466851     
   5.5056809371101592E-002  0.98156471877990448     
   6.5848341545415051E-002   1.0263430561105547     
   7.9166690278415927E-002  0.99620198855536768     
   9.6964567215568481E-002   1.1180088966729433     
  0.11842995645747310        1.0639227265259348     
  0.14416104292042672        1.1454458842502628     
  0.17483851006932644        1.2112718829973981     
  0.21159335649904049        1.2521543858092790     
  0.25709616209838343        1.3025302760838793     
  0.31264156338248622        1.4092703352087843     
  0.37951482899164635        1.5503244255619855     
  0.46065736128088758        1.7150926259613855     
  0.55924736126635322        1.8396329714283814     
  0.67897524277408394        2.0209822305105778     
  0.82441551550693815        2.1517507510776164     
   1.0009764843865627        2.2741805137757094     
   1.2153763263333666        2.2758014303462129     
   1.4765846423066622        2.2206817545952964     
   1.2566370614360001E-002  0.87362674494905768     
   1.7771531752634635E-002   1.0138529089149630     
   2.1765592370812048E-002  0.82071592849708785     
   2.5132741228720001E-002   1.1947730508285850     
   2.9562133651285849E-002  0.98231948343917197     
   3.8019517526813901E-002  0.92171532592779359     
   4.5116083860089251E-002   1.0907512774228398     
   5.5056809371101592E-002  0.98255495694630701     
   6.5848341545415051E-002   1.0297243562957499     
   7.9166690278415927E-002   1.0458615213178319     
   9.6964567215568481E-002   1.0378115254899718     
  0.11842995645747310        1.0130019726867778     
  0.14416104292042672        1.1229689504395064     
  0.17483851006932644        1.1452775952865346     
  0.21159335649904049        1.2008406476128497     
  0.25709616209838343        1.2983037702292430     
  0.31264156338248622        1.3561676467317063     
  0.37951482899164635        1.5665867861524905     
  0.46065736128088758        1.6469393574321822     
  0.55924736126635322        1.7668847383711050     
  0.67897524277408394        1.9037014858425023     
  0.82441551550693815        1.9306481150271555     
   1.0009764843865627        1.8520031275418936     
   1.2153763263333666        1.6027270723437970     
   1.4765846423066622        1.4145614560875757     
   1.2566370614360001E-002  0.45179450436193191     
   1.7771531752634635E-002   1.4747736429164546     
   2.1765592370812048E-002  0.99670282343345762     
   2.5132741228720001E-002   1.2718038536601850     
   2.9562133651285849E-002   1.1109679023216104     
   3.8019517526813901E-002   1.0117406641704310     
   4.5116083860089251E-002  0.95673832250631263     
   5.5056809371101592E-002  0.91141283595287970     
   6.5848341545415051E-002   1.0142211547972892     
   7.9166690278415927E-002   1.0037657126500787     
   9.6964567215568481E-002   1.1697167879607944     
  0.11842995645747310       0.95680157184093872     
  0.14416104292042672        1.0533237481768145     
  0.17483851006932644        1.1349057594333003     
  0.21159335649904049        1.2259415946475882     
  0.25709616209838343        1.2225245633703099     
  0.31264156338248622        1.2767630571773605     
  0.37951482899164635        1.3713112709093438     
  0.46065736128088758        1.4455020689944305     
  0.55924736126635322        1.5126697329416525     
  0.67897524277408394        1.5119415501803586     
  0.82441551550693815        1.5308698070126734     
   1.0009764843865627        1.1845241962662061     
   1.2153763263333666       0.69775633210353782     
   1.4765846423066622       0.10061286516724817     
   1.2566370614360001E-002  0.75611517968719621     
   1.7771531752634635E-002   1.5791757691603854     
   2.1765592370812048E-002   1.5418161833649811     
   2.5132741228720001E-002  0.77673514069035954     
   2.9562133651285849E-002  0.78647144272383662     
   3.8019517526813901E-002  0.97404396978655428     
   4.5116083860089251E-002  0.47438789683444449     
   5.5056809371101592E-002   1.1253672615701844     
   6.5848341545415051E-002   1.1183436779800773     
   7.9166690278415927E-002   1.1272182656056950     
   9.6964567215568481E-002   1.2524048819454288     
  0.11842995645747310        1.0141085535205649     
  0.14416104292042672        1.1078627350507471     
  0.17483851006932644        1.0973505725587684     
  0.21159335649904049        1.2597953507948234     
  0.25709616209838343        1.1608153353479402     
  0.31264156338248622        1.2320850241857835     
  0.37951482899164635        1.3890302088263762     
  0.46065736128088758        1.3144580786722748     
  0.55924736126635322        1.3702959342903618     
  0.67897524277408394        1.2699234200560541     
  0.82441551550693815       0.76394367266264440     
   1.0009764843865627       0.78195848412000846     
   1.2153763263333666       0.16280787327271409     
   1.4765846423066622       -1.0409542150880218     
   1.2566370614360001E-002   1.5349928513107223     
   1.7771531752634635E-002  0.80730903635445361     
   2.1765592370812048E-002   1.6584301786078994     
   2.5132741228720001E-002  0.87927652379613719     
   2.9562133651285849E-002   1.2616135232678516     
   3.8019517526813901E-002   1.4705847968162322     
   4.5116083860089251E-002  0.51288533486977295     
   5.5056809371101592E-002   1.0317818671183614     
   6.5848341545415051E-002  0.93697123043098707     
   7.9166690278415927E-002  0.63734426158778368     
   9.6964567215568481E-002   1.0948301117507071     
  0.11842995645747310       0.96310899597316668     
  0.14416104292042672       0.86507913118788426     
  0.17483851006932644       0.90064842167931991     
  0.21159335649904049       0.80320228056118548     
  0.25709616209838343       0.88650336728722268     
  0.31264156338248622       0.68542591755781901     
  0.37951482899164635       0.86601624672790856     
  0.46065736128088758       0.76998558619634949     
  0.55924736126635322       0.71817922048413185     
  0.67897524277408394       0.55711829466638763     
  0.82441551550693815       0.38299512093076526     
   1.0009764843865627      -0.16761176496426439     
   1.2153763263333666        5.6634540299729141E-002
   1.4765846423066622      -0.80665614105832451     
   1.2566370614360001E-002   1.5590378149275304     
   1.7771531752634635E-002 -0.67624386838672201     
   2.1765592370812048E-002   2.4511636222300717     
   2.5132741228720001E-002   2.2560668322409585     
   2.9562133651285849E-002  0.59860186754772104     
   3.8019517526813901E-002   1.8237704344566044     
   4.5116083860089251E-002  0.82356330852735393     
   5.5056809371101592E-002  0.99712957829765925     
   6.5848341545415051E-002  0.95305062334694080     
   7.9166690278415927E-002  0.30843042419131655     
   9.6964567215568481E-002  0.52745688359150056     
  0.11842995645747310       0.66043333887549260     
  0.14416104292042672       0.87047952672038609     
  0.17483851006932644       0.42814446475450246     
  0.21159335649904049       0.73379246838967738     
  0.25709616209838343       0.28545518663230851     
  0.31264156338248622       0.76832730549315009     
  0.37951482899164635       0.81534321938115117     
  0.46065736128088758       0.52666178997980440     
  0.55924736126635322        1.0500865541018649     
  0.67897524277408394       0.63441283610908672     
  0.82441551550693815      -0.10468920844035164     
   1.0009764843865627      -0.30175488290383190     
   1.2153763263333666       -1.3684561103674335     
   1.4765846423066622       -1.6033274996469347     
   1.2566370614360001E-002 -0.52835629699539166     
   1.7771531752634635E-002  -5.0691561076775953     
   2.1765592370812048E-002 -0.32219334399073446     
   2.5132741228720001E-002  -2.3040019538501104     
   2.9562133651285849E-002  -1.0149986616804352     
   3.8019517526813901E-002   1.2123366545352721     
   4.5116083860089251E-002   2.2615273569834624     
   5.5056809371101592E-002  0.34062360791228247     
   6.5848341545415051E-002  0.44383579196907452     
   7.9166690278415927E-002 -0.80078080444446376     
   9.6964567215568481E-002   1.6586796557260046     
  0.11842995645747310       0.74124117520938215     
  0.14416104292042672       0.80975234000121721     
  0.17483851006932644       0.13874399698830989     
  0.21159335649904049       0.70889535161108497     
  0.25709616209838343        2.4010270892327122E-002
  0.31264156338248622       0.64550020297971977     
  0.37951482899164635        1.3526121523698631     
  0.46065736128088758      -0.25415942326161978     
  0.55924736126635322       -5.6505177723993369E-002
  0.67897524277408394        1.4111854524330221     
  0.82441551550693815        1.0069102655451421     
   1.0009764843865627       0.61747472447540663     
   1.2153763263333666       -2.2768528933245502     
   1.4765846423066622       -2.9577720672731718     
   1.2566370614360001E-002  0.82842248008930985     
   1.7771531752634635E-002   1.0615750411840241     
   2.1765592370812048E-002  0.97857700495274824     
   2.5132741228720001E-002   1.0693425194002966     
   2.9562133651285849E-002  0.96705902386864673     
   3.8019517526813901E-002  0.88296504756375738     
   4.5116083860089251E-002   1.1570556834752594     
   5.5056809371101592E-002  0.99061172684219667     
   6.5848341545415051E-002  0.99800525205141255     
   7.9166690278415927E-002   1.0452610449304276     
   9.6964567215568481E-002   1.0151993529892915     
  0.11842995645747310       0.96031595200081332     
  0.14416104292042672        1.0762225473463214     
  0.17483851006932644        1.0667160980614681     
  0.21159335649904049        1.1307308056573051     
  0.25709616209838343        1.1426007891539225     
  0.31264156338248622        1.2286941132518099     
  0.37951482899164635        1.3173933279975212     
  0.46065736128088758        1.4276708498222672     
  0.55924736126635322        1.5318507517474411     
  0.67897524277408394        1.6861470145710820     
  0.82441551550693815        1.7231363464968261     
   1.0009764843865627        1.8110030374692081     
   1.2153763263333666        1.7244028283801287     
   1.4765846423066622        1.5184026377155049     
   1.2566370614360001E-002  0.87362674494905768     
   1.7771531752634635E-002   1.0138529089149630     
   2.1765592370812048E-002  0.82071592849708785     
   2.5132741228720001E-002   1.1947730508285850     
   2.9562133651285849E-002  0.98231948343917197     
   3.8019517526813901E-002  0.92171532592779359     
   4.5116083860089251E-002   1.0907512774228398     
   5.5056809371101592E-002  0.98255495694630701     
   6.5848341545415051E-002   1.0297243562957499     
   7.9166690278415927E-002   1.0458615213178319     
   9.6964567215568481E-002   1.0378115254899718     
  0.11842995645747310        1.0130019726867778     
  0.14416104292042672        1.1229689504395064     
  0.17483851006932644        1.1452775952865346     
  0.21159335649904049        1.2008406476128497     
  0.25709616209838343        1.2983037702292430     
  0.31264156338248622        1.3561676467317063     
  0.37951482899164635        1.5665867861524905     
  0.46065736128088758        1.6469393574321822     
  0.55924736126635322        1.7668847383711050     
  0.67897524277408394        1.9037014858425023     
  0.82441551550693815        1.9306481150271555     
   1.0009764843865627        1.8520031275418936     
   1.2153763263333666        1.6027270723437970     
   1.4765846423066622        1.4145614560875757     
   1.2566370614360001E-002  0.37427398579364135     
   1.7771531752634635E-002   1.2951874445200138     
   2.1765592370812048E-002   1.2826009353181205     
   2.5132741228720001E-002   1.3235990458540308     
   2.9562133651285849E-002   1.0264388162338884     
   3.8019517526813901E-002  0.81371963474080744     
   4.5116083860089251E-002   1.2666357282877307     
   5.5056809371101592E-002   1.0346585488509443     
   6.5848341545415051E-002   1.0104959842194090     
   7.9166690278415927E-002   1.1472448491412950     
   9.6964567215568481E-002   1.1019669887499275     
  0.11842995645747310        1.0530519615672693     
  0.14416104292042672        1.2676968686295167     
  0.17483851006932644        1.2070147168406518     
  0.21159335649904049        1.3837767522756863     
  0.25709616209838343        1.4726741789421589     
  0.31264156338248622        1.6790593802695324     
  0.37951482899164635        1.7777982418968330     
  0.46065736128088758        1.8006462451181238     
  0.55924736126635322        2.0023730958012704     
  0.67897524277408394        2.0133361217641368     
  0.82441551550693815        1.8770310948005875     
   1.0009764843865627        1.7490295938219378     
   1.2153763263333666        1.3019232950566275     
   1.4765846423066622        1.1601009981017942     
   1.2566370614360001E-002  0.49512270649514939     
   1.7771531752634635E-002  0.93164196686197520     
   2.1765592370812048E-002   1.2592806491846291     
   2.5132741228720001E-002   1.3820379776551610     
   2.9562133651285849E-002  0.93043891308433480     
   3.8019517526813901E-002  0.95833794293932639     
   4.5116083860089251E-002   1.0892410373597805     
   5.5056809371101592E-002  0.97020837095431312     
   6.5848341545415051E-002   1.0567671721103982     
   7.9166690278415927E-002   1.1013371747159963     
   9.6964567215568481E-002   1.1372022269845912     
  0.11842995645747310        1.1009926044688261     
  0.14416104292042672        1.2176996848199777     
  0.17483851006932644        1.3051784298333367     
  0.21159335649904049        1.4976441467996684     
  0.25709616209838343        1.5298278308809639     
  0.31264156338248622        1.6198125440744642     
  0.37951482899164635        1.6528452036316821     
  0.46065736128088758        1.6761231708068405     
  0.55924736126635322        1.8286938058793107     
  0.67897524277408394        1.8365511525196256     
  0.82441551550693815        1.3259900055074085     
   1.0009764843865627        1.2933769679776943     
   1.2153763263333666        1.1326319746792266     
   1.4765846423066622       0.64097867627917204     
   1.2566370614360001E-002  0.61174885393816814     
   1.7771531752634635E-002  0.93672118760669953     
   2.1765592370812048E-002   2.0163560354125369     
   2.5132741228720001E-002   1.2073231014779113     
   2.9562133651285849E-002  0.81479163183150116     
   3.8019517526813901E-002  0.90164092251050310     
   4.5116083860089251E-002  0.59696840384026550     
   5.5056809371101592E-002   1.1147776330678363     
   6.5848341545415051E-002   1.0167530836985788     
   7.9166690278415927E-002   1.2171539587120555     
   9.6964567215568481E-002   1.1273681585047497     
  0.11842995645747310       0.88746094786771923     
  0.14416104292042672        1.1745540718753644     
  0.17483851006932644       0.99782302893396957     
  0.21159335649904049        1.3485591220660846     
  0.25709616209838343        1.3250297135465627     
  0.31264156338248622        1.3499981556838152     
  0.37951482899164635        1.3580199012523426     
  0.46065736128088758        1.2423239769950325     
  0.55924736126635322        1.2858286115614621     
  0.67897524277408394        1.1149985001531499     
  0.82441551550693815       0.50660736197185652     
   1.0009764843865627       0.22516617301828176     
   1.2153763263333666      -0.52202082614246104     
   1.4765846423066622       -1.2373330286585689     
   1.2566370614360001E-002   1.6118881009418593     
   1.7771531752634635E-002  0.87971083977900655     
   2.1765592370812048E-002   2.5922223728689113     
   2.5132741228720001E-002  0.78187588951826048     
   2.9562133651285849E-002   1.0406368253661469     
   3.8019517526813901E-002  0.85273869772953603     
   4.5116083860089251E-002  0.38458992515930929     
   5.5056809371101592E-002  0.90277445491313124     
   6.5848341545415051E-002  0.89163757710980984     
   7.9166690278415927E-002   1.0221482506585717     
   9.6964567215568481E-002   1.0454759927500099     
  0.11842995645747310        1.1439092829556616     
  0.14416104292042672        1.2574895907709904     
  0.17483851006932644       0.95761506658960216     
  0.21159335649904049        1.1400809946354380     
  0.25709616209838343        1.4883927415161711     
  0.31264156338248622        1.3295848033816444     
  0.37951482899164635        1.2426958559223902     
  0.46065736128088758        1.3039150358891840     
  0.55924736126635322       0.95259371965758721     
  0.67897524277408394        1.5465409041313887     
  0.82441551550693815       0.50982719735638649     
   1.0009764843865627       0.96909818519771540     
   1.2153763263333666        1.1601800721783462     
   1.4765846423066622       -2.5740865349692186     
   1.2566370614360001E-002  0.51257312461815341     
   1.7771531752634635E-002  -1.3066728942119197     
   2.1765592370812048E-002   3.1873025351027175     
   2.5132741228720001E-002   2.1050713626886099     
   2.9562133651285849E-002  0.81851272938308250     
   3.8019517526813901E-002   1.4463192344695641     
   4.5116083860089251E-002   1.0416978290374259     
   5.5056809371101592E-002   1.3817942365827136     
   6.5848341545415051E-002  0.35789914926069832     
   7.9166690278415927E-002  0.49465526761887724     
   9.6964567215568481E-002  0.41471055032066612     
  0.11842995645747310       0.60971970096631267     
  0.14416104292042672       0.98166905506713276     
  0.17483851006932644       0.79750229776391779     
  0.21159335649904049       0.71637503425227655     
  0.25709616209838343       0.46010176861177454     
  0.31264156338248622       0.18424720969099281     
  0.37951482899164635       0.86107037723611202     
  0.46065736128088758      -0.63516621917110949     
  0.55924736126635322       0.93456766245422518     
  0.67897524277408394       -1.2413363024038429     
  0.82441551550693815       -1.4710492628421268     
   1.0009764843865627      -0.22580157333978357     
   1.2153763263333666        2.3418390670939075     
   1.4765846423066622      -0.77092547622709306     
   1.2566370614360001E-002  0.93536751610140390     
   1.7771531752634635E-002  -2.1351303778318980     
   2.1765592370812048E-002  -2.7475858598899445     
   2.5132741228720001E-002  0.37466280949997155     
   2.9562133651285849E-002 -0.18840870421424891     
   3.8019517526813901E-002   1.2216413256501739     
   4.5116083860089251E-002   2.5416422969568813     
   5.5056809371101592E-002  -9.9872864369868364E-002
   6.5848341545415051E-002  0.12938361914762050     
   7.9166690278415927E-002 -0.31575280097350183     
   9.6964567215568481E-002   1.9454607460333004     
  0.11842995645747310       0.78821161459283051     
  0.14416104292042672       0.86637237478293971     
  0.17483851006932644       0.54283252613847788     
  0.21159335649904049       0.58170317463622645     
  0.25709616209838343        1.1496257082402166     
  0.31264156338248622       0.28336440221543874     
  0.37951482899164635       -1.4471611328398446     
  0.46065736128088758        1.0815362862333409     
  0.55924736126635322       0.83145233442976674     
  0.67897524277408394        2.6369630340427661     
  0.82441551550693815       -1.9270449645152081     
   1.0009764843865627      -0.67206817779628480     
   1.2153763263333666       -2.4744671468220831     
   1.4765846423066622       -2.4884299404295804     
   1.2566370614360001E-002  0.40741325299060521     
   1.7771531752634635E-002   1.3737585261923182     
   2.1765592370812048E-002   1.2741282897585207     
   2.5132741228720001E-002   1.1405588337089343     
   2.9562133651285849E-002   1.0433915627073547     
   3.8019517526813901E-002  0.98385867095572943     
   4.5116083860089251E-002   1.0091067755653265     
   5.5056809371101592E-002  0.93756808615251097     
   6.5848341545415051E-002  0.99976693680333251     
   7.9166690278415927E-002  0.97925222499990017     
   9.6964567215568481E-002   1.0709705150423854     
  0.11842995645747310       0.90790840575767229     
  0.14416104292042672       0.99929547557940168     
  0.17483851006932644        1.0273879702576405     
  0.21159335649904049        1.0690198212645587     
  0.25709616209838343        1.0952264687995621     
  0.31264156338248622        1.1873966343792359     
  0.37951482899164635        1.2326763372106762     
  0.46065736128088758        1.3269101589328260     
  0.55924736126635322        1.4481766752371996     
  0.67897524277408394        1.4785444973201440     
  0.82441551550693815        1.4730921028603305     
   1.0009764843865627        1.4000991660020616     
   1.2153763263333666        1.0255795934050833     
   1.4765846423066622       0.40167075504590488     
   1.2566370614360001E-002  0.45179450436193191     
   1.7771531752634635E-002   1.4747736429164546     
   2.1765592370812048E-002  0.99670282343345762     
   2.5132741228720001E-002   1.2718038536601850     
   2.9562133651285849E-002   1.1109679023216104     
   3.8019517526813901E-002   1.0117406641704310     
   4.5116083860089251E-002  0.95673832250631263     
   5.5056809371101592E-002  0.91141283595287970     
   6.5848341545415051E-002   1.0142211547972892     
   7.9166690278415927E-002   1.0037657126500787     
   9.6964567215568481E-002   1.1697167879607944     
  0.11842995645747310       0.95680157184093872     
  0.14416104292042672        1.0533237481768145     
  0.17483851006932644        1.1349057594333003     
  0.21159335649904049        1.2259415946475882     
  0.25709616209838343        1.2225245633703099     
  0.31264156338248622        1.2767630571773605     
  0.37951482899164635        1.3713112709093438     
  0.46065736128088758        1.4455020689944305     
  0.55924736126635322        1.5126697329416525     
  0.67897524277408394        1.5119415501803586     
  0.82441551550693815        1.5308698070126734     
   1.0009764843865627        1.1845241962662061     
   1.2153763263333666       0.69775633210353782     
   1.4765846423066622       0.10061286516724817     
   1.2566370614360001E-002  0.49512270649514939     
   1.7771531752634635E-002  0.93164196686197520     
   2.1765592370812048E-002   1.2592806491846291     
   2.5132741228720001E-002   1.3820379776551610     
   2.9562133651285849E-002  0.93043891308433480     
   3.8019517526813901E-002  0.95833794293932639     
   4.5116083860089251E-002   1.0892410373597805     
   5.5056809371101592E-002  0.97020837095431312     
   6.5848341545415051E-002   1.0567671721103982     
   7.9166690278415927E-002   1.1013371747159963     
   9.6964567215568481E-002   1.1372022269845912     
  0.11842995645747310        1.1009926044688261     
  0.14416104292042672        1.2176996848199777     
  0.17483851006932644        1.3051784298333367     
  0.21159335649904049        1.4976441467996684     
  0.25709616209838343        1.5298278308809639     
  0.31264156338248622        1.6198125440744642     
  0.37951482899164635        1.6528452036316821     
  0.46065736128088758        1.6761231708068405     
  0.55924736126635322        1.8286938058793107     
  0.67897524277408394        1.8365511525196256     
  0.82441551550693815        1.3259900055074085     
   1.0009764843865627        1.2933769679776943     
   1.2153763263333666        1.1326319746792266     
   1.4765846423066622       0.64097867627917204     
   1.2566370614360001E-002  0.65837481169886036     
   1.7771531752634635E-002   2.4697346269378566     
   2.1765592370812048E-002   1.8913188110368033     
   2.5132741228720001E-002   1.8075553525298003     
   2.9562133651285849E-002   1.5676206495128111     
   3.8019517526813901E-002   1.2355312068699629     
   4.5116083860089251E-002  0.79801467160987549     
   5.5056809371101592E-002  0.90103624768739077     
   6.5848341545415051E-002  0.89643811929846873     
   7.9166690278415927E-002   1.2654873922968120     
   9.6964567215568481E-002   1.4095774384278701     
  0.11842995645747310        1.4006785124795391     
  0.14416104292042672        1.7136348396616878     
  0.17483851006932644        1.5049333990230580     
  0.21159335649904049        1.4683277233444394     
  0.25709616209838343        1.6134119475041520     
  0.31264156338248622        1.9175434829547158     
  0.37951482899164635        1.6339148530610115     
  0.46065736128088758        1.4038315663612710     
  0.55924736126635322        1.3263980355548899     
  0.67897524277408394        1.0741469174441691     
  0.82441551550693815        1.4766533360724377     
   1.0009764843865627       0.41546051177623000     
   1.2153763263333666        1.7952656952436632     
   1.4765846423066622        2.7463391745031385     
   1.2566370614360001E-002  0.41399347390378843     
   1.7771531752634635E-002   1.7688827781375360     
   2.1765592370812048E-002   2.5014880832082267     
   2.5132741228720001E-002   1.0787127089122315     
   2.9562133651285849E-002  0.58030611670152521     
   3.8019517526813901E-002  0.61058073385674960     
   4.5116083860089251E-002  0.58321065094643032     
   5.5056809371101592E-002  0.91772124645125408     
   6.5848341545415051E-002   1.3260848472271907     
   7.9166690278415927E-002   1.2806875776907380     
   9.6964567215568481E-002   1.3996675466820785     
  0.11842995645747310        1.0254329942054852     
  0.14416104292042672        1.4116620294770881     
  0.17483851006932644        1.4115544493805878     
  0.21159335649904049        1.5423284214225181     
  0.25709616209838343        1.3145322968156232     
  0.31264156338248622        1.7830897248220718     
  0.37951482899164635        1.6048512061955744     
  0.46065736128088758        1.9737449082169007     
  0.55924736126635322        1.4315022976645639     
  0.67897524277408394        2.3850464879418505     
  0.82441551550693815        1.4368594890171380     
   1.0009764843865627        1.2580828148497851     
   1.2153763263333666       0.43733542314649759     
   1.4765846423066622       -2.3410366045614195     
   1.2566370614360001E-002   1.8763873118812140     
   1.7771531752634635E-002   2.1246288896868721     
   2.1765592370812048E-002   2.3508470288669439     
   2.5132741228720001E-002  0.52913741271955161     
   2.9562133651285849E-002   1.3557485455398470     
   3.8019517526813901E-002  0.75774871767517560     
   4.5116083860089251E-002  0.95926037342654136     
   5.5056809371101592E-002   1.2234903663632777     
   6.5848341545415051E-002  0.87101516250733435     
   7.9166690278415927E-002  0.52305391522580469     
   9.6964567215568481E-002   1.3090684116340279     
  0.11842995645747310        1.1104670233858447     
  0.14416104292042672        1.0506430103563027     
  0.17483851006932644       0.93505170091252177     
  0.21159335649904049       0.83012230163499412     
  0.25709616209838343        1.2387149422186492     
  0.31264156338248622       0.92836621353444404     
  0.37951482899164635        2.0866444580644399     
  0.46065736128088758        1.8446272063900626     
  0.55924736126635322        1.0272338961400089     
  0.67897524277408394        1.3161520789661156     
  0.82441551550693815        1.6024167416309198     
   1.0009764843865627       0.55154969387421660     
   1.2153763263333666       -2.2458118356677605     
   1.4765846423066622       -4.1004323125454452     
   1.2566370614360001E-002   1.3506762898792739     
   1.7771531752634635E-002  0.63702636849538119     
   2.1765592370812048E-002   2.8713241718170459     
   2.5132741228720001E-002   1.9753247827915512     
   2.9562133651285849E-002  0.12992622948877028     
   3.8019517526813901E-002   2.6857123650376180     
   4.5116083860089251E-002   1.0052359406609239     
   5.5056809371101592E-002  0.92896091307290585     
   6.5848341545415051E-002  0.69391988704234242     
   7.9166690278415927E-002  0.43523819783096074     
   9.6964567215568481E-002  0.58605515865444990     
  0.11842995645747310        1.3838915119221611     
  0.14416104292042672       0.73616968987219000     
  0.17483851006932644       0.41323545082647017     
  0.21159335649904049        1.2061131466733745     
  0.25709616209838343       0.24657388684050280     
  0.31264156338248622        1.5439593867807988     
  0.37951482899164635       0.26564522657906930     
  0.46065736128088758       -5.4851486941096275E-002
  0.55924736126635322        1.0267566292837447     
  0.67897524277408394      -0.12999994156364303     
  0.82441551550693815       -1.7508507615625808     
   1.0009764843865627       -2.7878879666013368     
   1.2153763263333666       0.94256215104457008     
   1.4765846423066622       0.33161913200925236     
   1.2566370614360001E-002  -3.8092768550716438     
   1.7771531752634635E-002  -14.894254915142138     
   2.1765592370812048E-002 -0.36753224286842778     
   2.5132741228720001E-002  -2.4418206397912328     
   2.9562133651285849E-002   1.1724897603527142     
   3.8019517526813901E-002  0.74384612904255942     
   4.5116083860089251E-002   1.0733859204513705     
   5.5056809371101592E-002 -0.15092575150645257     
   6.5848341545415051E-002 -0.14188535626981180     
   7.9166690278415927E-002  -1.1061206415776805     
   9.6964567215568481E-002   1.2634806606873490     
  0.11842995645747310        2.9996648002332837     
  0.14416104292042672       -1.7527945186426148     
  0.17483851006932644        1.3219136291001428     
  0.21159335649904049        2.5072091878442757     
  0.25709616209838343      -0.15412605572837193     
  0.31264156338248622       -1.1661394069089481     
  0.37951482899164635      -0.93718378870334706     
  0.46065736128088758      -0.94094748246190774     
  0.55924736126635322       -2.8703219516958680     
  0.67897524277408394      -0.21399049074967666     
  0.82441551550693815        2.8817907572504136     
   1.0009764843865627        2.8323773982307094     
   1.2153763263333666       -5.0371201703185253     
   1.4765846423066622        1.9786528232725629     
   1.2566370614360001E-002  0.62181598404486682     
   1.7771531752634635E-002   1.5917500238965236     
   2.1765592370812048E-002   1.9337700039992265     
   2.5132741228720001E-002  0.85781226630112661     
   2.9562133651285849E-002  0.81428031989690830     
   3.8019517526813901E-002  0.90695632573967333     
   4.5116083860089251E-002  0.51693627206014692     
   5.5056809371101592E-002   1.1933946798995430     
   6.5848341545415051E-002   1.1717439863658738     
   7.9166690278415927E-002   1.1701158341814009     
   9.6964567215568481E-002   1.1819465483246490     
  0.11842995645747310        1.0457058610244243     
  0.14416104292042672        1.1226216574970032     
  0.17483851006932644        1.0997792183896353     
  0.21159335649904049        1.1787460620039030     
  0.25709616209838343        1.1017508345600466     
  0.31264156338248622        1.1672685159724077     
  0.37951482899164635        1.2878383985315480     
  0.46065736128088758        1.2804609628068688     
  0.55924736126635322        1.3030421443012701     
  0.67897524277408394        1.4377042223253327     
  0.82441551550693815        1.0931082077440291     
   1.0009764843865627       0.72140411315863351     
   1.2153763263333666       0.25506555545999987     
   1.4765846423066622      -0.57242208335404454     
   1.2566370614360001E-002  0.75611517968719621     
   1.7771531752634635E-002   1.5791757691603854     
   2.1765592370812048E-002   1.5418161833649811     
   2.5132741228720001E-002  0.77673514069035954     
   2.9562133651285849E-002  0.78647144272383662     
   3.8019517526813901E-002  0.97404396978655428     
   4.5116083860089251E-002  0.47438789683444449     
   5.5056809371101592E-002   1.1253672615701844     
   6.5848341545415051E-002   1.1183436779800773     
   7.9166690278415927E-002   1.1272182656056950     
   9.6964567215568481E-002   1.2524048819454288     
  0.11842995645747310        1.0141085535205649     
  0.14416104292042672        1.1078627350507471     
  0.17483851006932644        1.0973505725587684     
  0.21159335649904049        1.2597953507948234     
  0.25709616209838343        1.1608153353479402     
  0.31264156338248622        1.2320850241857835     
  0.37951482899164635        1.3890302088263762     
  0.46065736128088758        1.3144580786722748     
  0.55924736126635322        1.3702959342903618     
  0.67897524277408394        1.2699234200560541     
  0.82441551550693815       0.76394367266264440     
   1.0009764843865627       0.78195848412000846     
   1.2153763263333666       0.16280787327271409     
   1.4765846423066622       -1.0409542150880218     
   1.2566370614360001E-002  0.61174885393816814     
   1.7771531752634635E-002  0.93672118760669953     
   2.1765592370812048E-002   2.0163560354125369     
   2.5132741228720001E-002   1.2073231014779113     
   2.9562133651285849E-002  0.81479163183150116     
   3.8019517526813901E-002  0.90164092251050310     
   4.5116083860089251E-002  0.59696840384026550     
   5.5056809371101592E-002   1.1147776330678363     
   6.5848341545415051E-002   1.0167530836985788     
   7.9166690278415927E-002   1.2171539587120555     
   9.6964567215568481E-002   1.1273681585047497     
  0.11842995645747310       0.88746094786771923     
  0.14416104292042672        1.1745540718753644     
  0.17483851006932644       0.99782302893396957     
  0.21159335649904049        1.3485591220660846     
  0.25709616209838343        1.3250297135465627     
  0.31264156338248622        1.3499981556838152     
  0.37951482899164635        1.3580199012523426     
  0.46065736128088758        1.2423239769950325     
  0.55924736126635322        1.2858286115614621     
  0.67897524277408394        1.1149985001531499     
  0.82441551550693815       0.50660736197185652     
   1.0009764843865627       0.22516617301828176     
   1.2153763263333666      -0.52202082614246104     
   1.4765846423066622       -1.2373330286585689     
   1.2566370614360001E-002  0.41399347390378843     
   1.7771531752634635E-002   1.7688827781375360     
   2.1765592370812048E-002   2.5014880832082267     
   2.5132741228720001E-002   1.0787127089122315     
   2.9562133651285849E-002  0.58030611670152521     
   3.8019517526813901E-002  0.61058073385674960     
   4.5116083860089251E-002  0.58321065094643032     
   5.5056809371101592E-002  0.91772124645125408     
   6.5848341545415051E-002   1.3260848472271907     
   7.9166690278415927E-002   1.2806875776907380     
   9.6964567215568481E-002   1.3996675466820785     
  0.11842995645747310        1.0254329942054852     
  0.14416104292042672        1.4116620294770881     
  0.17483851006932644        1.4115544493805878     
  0.21159335649904049        1.5423284214225181     
  0.25709616209838343        1.3145322968156232     
  0.31264156338248622        1.7830897248220718     
  0.37951482899164635        1.6048512061955744     
  0.46065736128088758        1.9737449082169007     
  0.55924736126635322        1.4315022976645639     
  0.67897524277408394        2.3850464879418505     
  0.82441551550693815        1.4368594890171380     
   1.0009764843865627        1.2580828148497851     
   1.2153763263333666       0.43733542314649759     
   1.4765846423066622       -2.3410366045614195     
   1.2566370614360001E-002 -0.72673758357835561     
   1.7771531752634635E-002   1.1314858481214072     
   2.1765592370812048E-002   2.0279589314002631     
   2.5132741228720001E-002   1.1215031527908916     
   2.9562133651285849E-002  0.93851143986227326     
   3.8019517526813901E-002   1.6947840797508171     
   4.5116083860089251E-002   5.5402858435011137E-002
   5.5056809371101592E-002   1.0000575162443468     
   6.5848341545415051E-002   1.0864024025780514     
   7.9166690278415927E-002   1.4601682164102447     
   9.6964567215568481E-002   1.0674105650222543     
  0.11842995645747310       0.91596527627860735     
  0.14416104292042672        1.8882387346063576     
  0.17483851006932644        1.3428505515891651     
  0.21159335649904049        1.3568784915894077     
  0.25709616209838343        1.4741115742066881     
  0.31264156338248622        1.2583385740859714     
  0.37951482899164635        1.1558615832480896     
  0.46065736128088758        1.2117435189144330     
  0.55924736126635322        1.9381014765064528     
  0.67897524277408394        5.6840553775344194E-002
  0.82441551550693815        7.8574003786170493E-002
   1.0009764843865627       -1.1321318803848150     
   1.2153763263333666       0.40058267664000891     
   1.4765846423066622        5.1411466476823389     
   1.2566370614360001E-002  0.76988349600335138     
   1.7771531752634635E-002   1.2848278526633741     
   2.1765592370812048E-002   3.2820529029834526     
   2.5132741228720001E-002 -0.11621292445011552     
   2.9562133651285849E-002  0.91369935412783909     
   3.8019517526813901E-002  0.42382898745354619     
   4.5116083860089251E-002  0.61385772820740303     
   5.5056809371101592E-002   1.0157188205387284     
   6.5848341545415051E-002   1.2496141136574022     
   7.9166690278415927E-002  0.95883862279196586     
   9.6964567215568481E-002  0.90335190209175398     
  0.11842995645747310        1.6314709972339334     
  0.14416104292042672        1.1514243025380742     
  0.17483851006932644        1.4457432341909018     
  0.21159335649904049        1.3631271689518529     
  0.25709616209838343        1.5796754606593351     
  0.31264156338248622       0.81500263514265192     
  0.37951482899164635        1.5155306322647066     
  0.46065736128088758       0.78943320501424685     
  0.55924736126635322        9.2365006257258672E-002
  0.67897524277408394        1.0320007279544887     
  0.82441551550693815       0.43711936498095888     
   1.0009764843865627      -0.15854274834179879     
   1.2153763263333666       -2.5432258856174355     
   1.4765846423066622       -5.8989764356044194     
   1.2566370614360001E-002 -0.36756239343528357     
   1.7771531752634635E-002  -4.4982792794866233     
   2.1765592370812048E-002   4.4399993371152959     
   2.5132741228720001E-002  0.47937283146321757     
   2.9562133651285849E-002  -2.3393474398068581     
   3.8019517526813901E-002 -0.74645127385606014     
   4.5116083860089251E-002  0.36496576522735363     
   5.5056809371101592E-002  0.73286940466570638     
   6.5848341545415051E-002   2.0145601443693204     
   7.9166690278415927E-002  0.33178532903782237     
   9.6964567215568481E-002  0.72669739902769559     
  0.11842995645747310      -0.39759854485679619     
  0.14416104292042672        7.6705665734406223E-002
  0.17483851006932644        1.5155301589174732     
  0.21159335649904049       0.15261880818211490     
  0.25709616209838343       0.37992930417057125     
  0.31264156338248622       0.84637414587987958     
  0.37951482899164635       0.71531003154722816     
  0.46065736128088758      -0.26864247585635898     
  0.55924736126635322       0.40147529408095262     
  0.67897524277408394        1.2045693175489354     
  0.82441551550693815       -1.7066465703229994     
   1.0009764843865627       -1.3515074755864274     
   1.2153763263333666       -5.7147560169440199     
   1.4765846423066622        4.3306524190750961     
   1.2566370614360001E-002   2.5286132134212096     
   1.7771531752634635E-002  0.46346055770195294     
   2.1765592370812048E-002  -1.3818121065727609     
   2.5132741228720001E-002   2.5739773114634596     
   2.9562133651285849E-002  -4.2550254704964804E-002
   3.8019517526813901E-002  -1.9548803955730671     
   4.5116083860089251E-002  0.62728000181896970     
   5.5056809371101592E-002   1.0380441083169849     
   6.5848341545415051E-002  0.47175235148902944     
   7.9166690278415927E-002 -0.34569107013883416     
   9.6964567215568481E-002   1.2111297734890580     
  0.11842995645747310        1.0950284906699048     
  0.14416104292042672        1.3110072896520508     
  0.17483851006932644       0.23095643393977897     
  0.21159335649904049       0.10205286966884151     
  0.25709616209838343       0.33565796798863717     
  0.31264156338248622      -0.85819692889691168     
  0.37951482899164635       -1.0581512547354386     
  0.46065736128088758       -1.0219874399737037     
  0.55924736126635322       0.11280011952333083     
  0.67897524277408394       -1.3428407135220080     
  0.82441551550693815        4.3276759953193675     
   1.0009764843865627       -1.9121928109665598     
   1.2153763263333666       -1.6174342185387787     
   1.4765846423066622        2.0024862620831803     
   1.2566370614360001E-002   1.5528680770391596     
   1.7771531752634635E-002   1.0665767473990846     
   2.1765592370812048E-002   1.9817953668214534     
   2.5132741228720001E-002  0.81299357492800872     
   2.9562133651285849E-002   1.1188987914905231     
   3.8019517526813901E-002   1.1588259976690987     
   4.5116083860089251E-002  0.70294540665638383     
   5.5056809371101592E-002  0.96122946582986368     
   6.5848341545415051E-002  0.81502642981024243     
   7.9166690278415927E-002  0.71388266749074836     
   9.6964567215568481E-002   1.0998203124396504     
  0.11842995645747310        1.0801834479349335     
  0.14416104292042672       0.87113359189607364     
  0.17483851006932644       0.77170513457236178     
  0.21159335649904049       0.71375737393474570     
  0.25709616209838343       0.96119328265742954     
  0.31264156338248622       0.74565012765080951     
  0.37951482899164635       0.87924651737051684     
  0.46065736128088758       0.95722277286986202     
  0.55924736126635322        1.0486823091212836     
  0.67897524277408394       0.88862170067285107     
  0.82441551550693815       0.91696675477935374     
   1.0009764843865627       0.26238344128422053     
   1.2153763263333666      -0.30754648913086668     
   1.4765846423066622       -1.2488229429925044     
   1.2566370614360001E-002   1.5349928513107223     
   1.7771531752634635E-002  0.80730903635445361     
   2.1765592370812048E-002   1.6584301786078994     
   2.5132741228720001E-002  0.87927652379613719     
   2.9562133651285849E-002   1.2616135232678516     
   3.8019517526813901E-002   1.4705847968162322     
   4.5116083860089251E-002  0.51288533486977295     
   5.5056809371101592E-002   1.0317818671183614     
   6.5848341545415051E-002  0.93697123043098707     
   7.9166690278415927E-002  0.63734426158778368     
   9.6964567215568481E-002   1.0948301117507071     
  0.11842995645747310       0.96310899597316668     
  0.14416104292042672       0.86507913118788426     
  0.17483851006932644       0.90064842167931991     
  0.21159335649904049       0.80320228056118548     
  0.25709616209838343       0.88650336728722268     
  0.31264156338248622       0.68542591755781901     
  0.37951482899164635       0.86601624672790856     
  0.46065736128088758       0.76998558619634949     
  0.55924736126635322       0.71817922048413185     
  0.67897524277408394       0.55711829466638763     
  0.82441551550693815       0.38299512093076526     
   1.0009764843865627      -0.16761176496426439     
   1.2153763263333666        5.6634540299729141E-002
   1.4765846423066622      -0.80665614105832451     
   1.2566370614360001E-002   1.6118881009418593     
   1.7771531752634635E-002  0.87971083977900655     
   2.1765592370812048E-002   2.5922223728689113     
   2.5132741228720001E-002  0.78187588951826048     
   2.9562133651285849E-002   1.0406368253661469     
   3.8019517526813901E-002  0.85273869772953603     
   4.5116083860089251E-002  0.38458992515930929     
   5.5056809371101592E-002  0.90277445491313124     
   6.5848341545415051E-002  0.89163757710980984     
   7.9166690278415927E-002   1.0221482506585717     
   9.6964567215568481E-002   1.0454759927500099     
  0.11842995645747310        1.1439092829556616     
  0.14416104292042672        1.2574895907709904     
  0.17483851006932644       0.95761506658960216     
  0.21159335649904049        1.1400809946354380     
  0.25709616209838343        1.4883927415161711     
  0.31264156338248622        1.3295848033816444     
  0.37951482899164635        1.2426958559223902     
  0.46065736128088758        1.3039150358891840     
  0.55924736126635322       0.95259371965758721     
  0.67897524277408394        1.5465409041313887     
  0.82441551550693815       0.50982719735638649     
   1.0009764843865627       0.96909818519771540     
   1.2153763263333666        1.1601800721783462     
   1.4765846423066622       -2.5740865349692186     
   1.2566370614360001E-002   1.8763873118812140     
   1.7771531752634635E-002   2.1246288896868721     
   2.1765592370812048E-002   2.3508470288669439     
   2.5132741228720001E-002  0.52913741271955161     
   2.9562133651285849E-002   1.3557485455398470     
   3.8019517526813901E-002  0.75774871767517560     
   4.5116083860089251E-002  0.95926037342654136     
   5.5056809371101592E-002   1.2234903663632777     
   6.5848341545415051E-002  0.87101516250733435     
   7.9166690278415927E-002  0.52305391522580469     
   9.6964567215568481E-002   1.3090684116340279     
  0.11842995645747310        1.1104670233858447     
  0.14416104292042672        1.0506430103563027     
  0.17483851006932644       0.93505170091252177     
  0.21159335649904049       0.83012230163499412     
  0.25709616209838343        1.2387149422186492     
  0.31264156338248622       0.92836621353444404     
  0.37951482899164635        2.0866444580644399     
  0.46065736128088758        1.8446272063900626     
  0.55924736126635322        1.0272338961400089     
  0.67897524277408394        1.3161520789661156     
  0.82441551550693815        1.6024167416309198     
   1.0009764843865627       0.55154969387421660     
   1.2153763263333666       -2.2458118356677605     
   1.4765846423066622       -4.1004323125454452     
   1.2566370614360001E-002  0.76988349600335138     
   1.7771531752634635E-002   1.2848278526633741     
   2.1765592370812048E-002   3.2820529029834526     
   2.5132741228720001E-002 -0.11621292445011552     
   2.9562133651285849E-002  0.91369935412783909     
   3.8019517526813901E-002  0.42382898745354619     
   4.5116083860089251E-002  0.61385772820740303     
   5.5056809371101592E-002   1.0157188205387284     
   6.5848341545415051E-002   1.2496141136574022     
   7.9166690278415927E-002  0.95883862279196586     
   9.6964567215568481E-002  0.90335190209175398     
  0.11842995645747310        1.6314709972339334     
  0.14416104292042672        1.1514243025380742     
  0.17483851006932644        1.4457432341909018     
  0.21159335649904049        1.3631271689518529     
  0.25709616209838343        1.5796754606593351     
  0.31264156338248622       0.81500263514265192     
  0.37951482899164635        1.5155306322647066     
  0.46065736128088758       0.78943320501424685     
  0.55924736126635322        9.2365006257258672E-002
  0.67897524277408394        1.0320007279544887     
  0.82441551550693815       0.43711936498095888     
   1.0009764843865627      -0.15854274834179879     
   1.2153763263333666       -2.5432258856174355     
   1.4765846423066622       -5.8989764356044194     
   1.2566370614360001E-002 -0.41436372158367202     
   1.7771531752634635E-002   4.1778769841296954     
   2.1765592370812048E-002   1.4643878062538060     
   2.5132741228720001E-002  -1.9496620696226938     
   2.9562133651285849E-002  0.91856865616546002     
   3.8019517526813901E-002 -0.50738177555389696     
   4.5116083860089251E-002  -1.0523119147156024     
   5.5056809371101592E-002   1.1916705840952637     
   6.5848341545415051E-002  0.17987902131803182     
   7.9166690278415927E-002  0.33360645811822626     
   9.6964567215568481E-002  0.10909408180476034     
  0.11842995645747310        1.6590280753144182     
  0.14416104292042672      -0.34532728317150119     
  0.17483851006932644        1.9747326682220216     
  0.21159335649904049       0.97065978318648671     
  0.25709616209838343        1.6891121660974564     
  0.31264156338248622        2.9649870196851116     
  0.37951482899164635        3.6553365544224627     
  0.46065736128088758        2.6426700302616029     
  0.55924736126635322        5.3731531029988888     
  0.67897524277408394       -2.8145759085463040     
  0.82441551550693815       -6.2875833426579026     
   1.0009764843865627       -12.476614759161006     
   1.2153763263333666       -13.495792357332125     
   1.4765846423066622        2.5772444580950311     
   1.2566370614360001E-002 -0.38176396332623458     
   1.7771531752634635E-002  0.33905048489421719     
   2.1765592370812048E-002   2.6987546560525724     
   2.5132741228720001E-002  0.87685135369121525     
   2.9562133651285849E-002   1.3162518569195734     
   3.8019517526813901E-002  0.33416817347779337     
   4.5116083860089251E-002  0.98662534750793973     
   5.5056809371101592E-002   1.7098111321680445     
   6.5848341545415051E-002  0.16898859270408323     
   7.9166690278415927E-002 -0.74471710475161068     
   9.6964567215568481E-002  0.14596537611353091     
  0.11842995645747310      -0.15477489370577460     
  0.14416104292042672       0.33508010558920015     
  0.17483851006932644      -0.44496738216851517     
  0.21159335649904049       0.12485776459812883     
  0.25709616209838343      -0.79769641611155750     
  0.31264156338248622       0.43131168598080205     
  0.37951482899164635       -1.1463653111369912E-002
  0.46065736128088758      -0.15213406437160318     
  0.55924736126635322      -0.60569388011150593     
  0.67897524277408394      -0.62022672119034361     
  0.82441551550693815       0.32484844583358186     
   1.0009764843865627        3.3501224108228778     
   1.2153763263333666       -3.6518623157152121     
   1.4765846423066622        1.3722767206334481     
   1.2566370614360001E-002   2.6313214663756930     
   1.7771531752634635E-002  -6.4103043060230940     
   2.1765592370812048E-002 -0.44631278680742326     
   2.5132741228720001E-002  -1.1094978269510627     
   2.9562133651285849E-002  -1.0044238426236147     
   3.8019517526813901E-002   1.9017058219944556     
   4.5116083860089251E-002  0.33357127531222558     
   5.5056809371101592E-002   1.3465206065709054     
   6.5848341545415051E-002  0.33377903698313977     
   7.9166690278415927E-002 -0.41393952679552404     
   9.6964567215568481E-002   1.2345798035361888     
  0.11842995645747310       0.92618585549698262     
  0.14416104292042672       -8.3312825675410263E-002
  0.17483851006932644      -0.41444270761964203     
  0.21159335649904049       0.46094865172602190     
  0.25709616209838343        2.2753582531724930     
  0.31264156338248622       0.62502394600421074     
  0.37951482899164635      -0.67687576349550016     
  0.46065736128088758       0.16886230653910189     
  0.55924736126635322       -4.7188953585848754     
  0.67897524277408394       0.11777991501773803     
  0.82441551550693815       0.52764161720718739     
   1.0009764843865627        5.8322105156580619     
   1.2153763263333666       -3.4701402482127142     
   1.4765846423066622       -2.1089537381800176     
   1.2566370614360001E-002   2.0174910115581168     
   1.7771531752634635E-002  -1.0762191583089649     
   2.1765592370812048E-002   2.9521506847468890     
   2.5132741228720001E-002   1.7202130182549671     
   2.9562133651285849E-002  0.42949296607794818     
   3.8019517526813901E-002   1.6667479865073231     
   4.5116083860089251E-002  0.77430982198670317     
   5.5056809371101592E-002   1.0308086905998792     
   6.5848341545415051E-002  0.90792750824227830     
   7.9166690278415927E-002  0.46041567518070325     
   9.6964567215568481E-002  0.57746885690538674     
  0.11842995645747310       0.59605873264545362     
  0.14416104292042672       0.81900378826609799     
  0.17483851006932644       0.45132895159635406     
  0.21159335649904049       0.57543435802299681     
  0.25709616209838343       0.45834026517928655     
  0.31264156338248622       0.54863535043382994     
  0.37951482899164635       0.55286868004354484     
  0.46065736128088758       0.44823944676461069     
  0.55924736126635322       0.68969028575715408     
  0.67897524277408394       0.30273188862861000     
  0.82441551550693815       0.12580001867224563     
   1.0009764843865627       -5.7073271658174794E-003
   1.2153763263333666      -0.31833557762299658     
   1.4765846423066622       -1.2433027581586631     
   1.2566370614360001E-002   1.5590378149275304     
   1.7771531752634635E-002 -0.67624386838672201     
   2.1765592370812048E-002   2.4511636222300717     
   2.5132741228720001E-002   2.2560668322409585     
   2.9562133651285849E-002  0.59860186754772104     
   3.8019517526813901E-002   1.8237704344566044     
   4.5116083860089251E-002  0.82356330852735393     
   5.5056809371101592E-002  0.99712957829765925     
   6.5848341545415051E-002  0.95305062334694080     
   7.9166690278415927E-002  0.30843042419131655     
   9.6964567215568481E-002  0.52745688359150056     
  0.11842995645747310       0.66043333887549260     
  0.14416104292042672       0.87047952672038609     
  0.17483851006932644       0.42814446475450246     
  0.21159335649904049       0.73379246838967738     
  0.25709616209838343       0.28545518663230851     
  0.31264156338248622       0.76832730549315009     
  0.37951482899164635       0.81534321938115117     
  0.46065736128088758       0.52666178997980440     
  0.55924736126635322        1.0500865541018649     
  0.67897524277408394       0.63441283610908672     
  0.82441551550693815      -0.10468920844035164     
   1.0009764843865627      -0.30175488290383190     
   1.2153763263333666       -1.3684561103674335     
   1.4765846423066622       -1.6033274996469347     
   1.2566370614360001E-002  0.51257312461815341     
   1.7771531752634635E-002  -1.3066728942119197     
   2.1765592370812048E-002   3.1873025351027175     
   2.5132741228720001E-002   2.1050713626886099     
   2.9562133651285849E-002  0.81851272938308250     
   3.8019517526813901E-002   1.4463192344695641     
   4.5116083860089251E-002   1.0416978290374259     
   5.5056809371101592E-002   1.3817942365827136     
   6.5848341545415051E-002  0.35789914926069832     
   7.9166690278415927E-002  0.49465526761887724     
   9.6964567215568481E-002  0.41471055032066612     
  0.11842995645747310       0.60971970096631267     
  0.14416104292042672       0.98166905506713276     
  0.17483851006932644       0.79750229776391779     
  0.21159335649904049       0.71637503425227655     
  0.25709616209838343       0.46010176861177454     
  0.31264156338248622       0.18424720969099281     
  0.37951482899164635       0.86107037723611202     
  0.46065736128088758      -0.63516621917110949     
  0.55924736126635322       0.93456766245422518     
  0.67897524277408394       -1.2413363024038429     
  0.82441551550693815       -1.4710492628421268     
   1.0009764843865627      -0.22580157333978357     
   1.2153763263333666        2.3418390670939075     
   1.4765846423066622      -0.77092547622709306     
   1.2566370614360001E-002   1.3506762898792739     
   1.7771531752634635E-002  0.63702636849538119     
   2.1765592370812048E-002   2.8713241718170459     
   2.5132741228720001E-002   1.9753247827915512     
   2.9562133651285849E-002  0.12992622948877028     
   3.8019517526813901E-002   2.6857123650376180     
   4.5116083860089251E-002   1.0052359406609239     
   5.5056809371101592E-002  0.92896091307290585     
   6.5848341545415051E-002  0.69391988704234242     
   7.9166690278415927E-002  0.43523819783096074     
   9.6964567215568481E-002  0.58605515865444990     
  0.11842995645747310        1.3838915119221611     
  0.14416104292042672       0.73616968987219000     
  0.17483851006932644       0.41323545082647017     
  0.21159335649904049        1.2061131466733745     
  0.25709616209838343       0.24657388684050280     
  0.31264156338248622        1.5439593867807988     
  0.37951482899164635       0.26564522657906930     
  0.46065736128088758       -5.4851486941096275E-002
  0.55924736126635322        1.0267566292837447     
  0.67897524277408394      -0.12999994156364303     
  0.82441551550693815       -1.7508507615625808     
   1.0009764843865627       -2.7878879666013368     
   1.2153763263333666       0.94256215104457008     
   1.4765846423066622       0.33161913200925236     
   1.2566370614360001E-002 -0.36756239343528357     
   1.7771531752634635E-002  -4.4982792794866233     
   2.1765592370812048E-002   4.4399993371152959     
   2.5132741228720001E-002  0.47937283146321757     
   2.9562133651285849E-002  -2.3393474398068581     
   3.8019517526813901E-002 -0.74645127385606014     
   4.5116083860089251E-002  0.36496576522735363     
   5.5056809371101592E-002  0.73286940466570638     
   6.5848341545415051E-002   2.0145601443693204     
   7.9166690278415927E-002  0.33178532903782237     
   9.6964567215568481E-002  0.72669739902769559     
  0.11842995645747310      -0.39759854485679619     
  0.14416104292042672        7.6705665734406223E-002
  0.17483851006932644        1.5155301589174732     
  0.21159335649904049       0.15261880818211490     
  0.25709616209838343       0.37992930417057125     
  0.31264156338248622       0.84637414587987958     
  0.37951482899164635       0.71531003154722816     
  0.46065736128088758      -0.26864247585635898     
  0.55924736126635322       0.40147529408095262     
  0.67897524277408394        1.2045693175489354     
  0.82441551550693815       -1.7066465703229994     
   1.0009764843865627       -1.3515074755864274     
   1.2153763263333666       -5.7147560169440199     
   1.4765846423066622        4.3306524190750961     
   1.2566370614360001E-002 -0.38176396332623458     
   1.7771531752634635E-002  0.33905048489421719     
   2.1765592370812048E-002   2.6987546560525724     
   2.5132741228720001E-002  0.87685135369121525     
   2.9562133651285849E-002   1.3162518569195734     
   3.8019517526813901E-002  0.33416817347779337     
   4.5116083860089251E-002  0.98662534750793973     
   5.5056809371101592E-002   1.7098111321680445     
   6.5848341545415051E-002  0.16898859270408323     
   7.9166690278415927E-002 -0.74471710475161068     
   9.6964567215568481E-002  0.14596537611353091     
  0.11842995645747310      -0.15477489370577460     
  0.14416104292042672       0.33508010558920015     
  0.17483851006932644      -0.44496738216851517     
  0.21159335649904049       0.12485776459812883     
  0.25709616209838343      -0.79769641611155750     
  0.31264156338248622       0.43131168598080205     
  0.37951482899164635       -1.1463653111369912E-002
  0.46065736128088758      -0.15213406437160318     
  0.55924736126635322      -0.60569388011150593     
  0.67897524277408394      -0.62022672119034361     
  0.82441551550693815       0.32484844583358186     
   1.0009764843865627        3.3501224108228778     
   1.2153763263333666       -3.6518623157152121     
   1.4765846423066622        1.3722767206334481     
   1.2566370614360001E-002  -2.6378418486173607     
   1.7771531752634635E-002  0.14250445661778249     
   2.1765592370812048E-002   2.5732392986726054     
   2.5132741228720001E-002  -1.4779373614501008     
   2.9562133651285849E-002   1.9724269735948845     
   3.8019517526813901E-002  0.32422678742544675     
   4.5116083860089251E-002   2.1293167084717202     
   5.5056809371101592E-002 -0.28742609495466531     
   6.5848341545415051E-002  0.64539128810885393     
   7.9166690278415927E-002  0.48572542140447722     
   9.6964567215568481E-002  0.43919813578175787     
  0.11842995645747310        1.3375585393067593     
  0.14416104292042672        1.1071658043612806     
  0.17483851006932644        1.3399209212810534     
  0.21159335649904049        5.3529860695436593     
  0.25709616209838343        2.2669173603498303     
  0.31264156338248622        4.3811693918686432     
  0.37951482899164635        6.3915730786574754     
  0.46065736128088758        3.1033797626695203     
  0.55924736126635322        2.3261418039450836     
  0.67897524277408394       -4.0062656053492445     
  0.82441551550693815       -7.8606252394691900     
   1.0009764843865627       0.35901122834119337     
   1.2153763263333666        40.359636212109265     
   1.4765846423066622        124.35133543919451     
   1.2566370614360001E-002   2.0108771653886106     
   1.7771531752634635E-002  -6.1216070352494860     
   2.1765592370812048E-002  -1.5062941961241614     
   2.5132741228720001E-002 -0.99254601173060053     
   2.9562133651285849E-002 -0.87526736285280726     
   3.8019517526813901E-002  0.87508230503269735     
   4.5116083860089251E-002   1.3938989768699097     
   5.5056809371101592E-002  0.56937202626353312     
   6.5848341545415051E-002  0.87889349919401960     
   7.9166690278415927E-002 -0.11436259354897690     
   9.6964567215568481E-002   2.1156516321715673     
  0.11842995645747310        2.4247586833611519     
  0.14416104292042672        2.3837794011284106     
  0.17483851006932644        1.5486232650120402     
  0.21159335649904049        3.8249831980646514     
  0.25709616209838343        2.5122888080521841     
  0.31264156338248622        2.2852184858423614     
  0.37951482899164635       -1.2081290462439260     
  0.46065736128088758       -4.6389046118911033     
  0.55924736126635322       -8.8104373172666648     
  0.67897524277408394       -3.9850904580575968     
  0.82441551550693815        10.362363092144866     
   1.0009764843865627        12.107745692119478     
   1.2153763263333666       -20.230323936255868     
   1.4765846423066622        7.4099923755580139     
   1.2566370614360001E-002   1.5432672626252775     
   1.7771531752634635E-002  -4.0069727921762688     
   2.1765592370812048E-002 -0.69574662307098256     
   2.5132741228720001E-002  -1.4237677053125537     
   2.9562133651285849E-002 -0.19827908735725749     
   3.8019517526813901E-002   1.1435465664745617     
   4.5116083860089251E-002   2.7345893393476191     
   5.5056809371101592E-002  0.16118520928344879     
   6.5848341545415051E-002  0.24479433083892393     
   7.9166690278415927E-002 -0.22803946133027181     
   9.6964567215568481E-002   1.5128598597389566     
  0.11842995645747310        1.1926651657899319     
  0.14416104292042672       0.87725300973817288     
  0.17483851006932644       0.60784929709571922     
  0.21159335649904049        2.2310902124707689E-002
  0.25709616209838343       0.87584871680388499     
  0.31264156338248622       0.40055808696566997     
  0.37951482899164635        1.1521207538657752     
  0.46065736128088758       0.83207061042294439     
  0.55924736126635322       0.26720860221597165     
  0.67897524277408394      -0.45245473411371118     
  0.82441551550693815      -0.24013940626851621     
   1.0009764843865627      -0.49851503926562196     
   1.2153763263333666       -1.1643819549940184     
   1.4765846423066622       -2.3159393833352051     
   1.2566370614360001E-002 -0.52835629699539166     
   1.7771531752634635E-002  -5.0691561076775953     
   2.1765592370812048E-002 -0.32219334399073446     
   2.5132741228720001E-002  -2.3040019538501104     
   2.9562133651285849E-002  -1.0149986616804352     
   3.8019517526813901E-002   1.2123366545352721     
   4.5116083860089251E-002   2.2615273569834624     
   5.5056809371101592E-002  0.34062360791228247     
   6.5848341545415051E-002  0.44383579196907452     
   7.9166690278415927E-002 -0.80078080444446376     
   9.6964567215568481E-002   1.6586796557260046     
  0.11842995645747310       0.74124117520938215     
  0.14416104292042672       0.80975234000121721     
  0.17483851006932644       0.13874399698830989     
  0.21159335649904049       0.70889535161108497     
  0.25709616209838343        2.4010270892327122E-002
  0.31264156338248622       0.64550020297971977     
  0.37951482899164635        1.3526121523698631     
  0.46065736128088758      -0.25415942326161978     
  0.55924736126635322       -5.6505177723993369E-002
  0.67897524277408394        1.4111854524330221     
  0.82441551550693815        1.0069102655451421     
   1.0009764843865627       0.61747472447540663     
   1.2153763263333666       -2.2768528933245502     
   1.4765846423066622       -2.9577720672731718     
   1.2566370614360001E-002  0.93536751610140390     
   1.7771531752634635E-002  -2.1351303778318980     
   2.1765592370812048E-002  -2.7475858598899445     
   2.5132741228720001E-002  0.37466280949997155     
   2.9562133651285849E-002 -0.18840870421424891     
   3.8019517526813901E-002   1.2216413256501739     
   4.5116083860089251E-002   2.5416422969568813     
   5.5056809371101592E-002  -9.9872864369868364E-002
   6.5848341545415051E-002  0.12938361914762050     
   7.9166690278415927E-002 -0.31575280097350183     
   9.6964567215568481E-002   1.9454607460333004     
  0.11842995645747310       0.78821161459283051     
  0.14416104292042672       0.86637237478293971     
  0.17483851006932644       0.54283252613847788     
  0.21159335649904049       0.58170317463622645     
  0.25709616209838343        1.1496257082402166     
  0.31264156338248622       0.28336440221543874     
  0.37951482899164635       -1.4471611328398446     
  0.46065736128088758        1.0815362862333409     
  0.55924736126635322       0.83145233442976674     
  0.67897524277408394        2.6369630340427661     
  0.82441551550693815       -1.9270449645152081     
   1.0009764843865627      -0.67206817779628480     
   1.2153763263333666       -2.4744671468220831     
   1.4765846423066622       -2.4884299404295804     
   1.2566370614360001E-002  -3.8092768550716438     
   1.7771531752634635E-002  -14.894254915142138     
   2.1765592370812048E-002 -0.36753224286842778     
   2.5132741228720001E-002  -2.4418206397912328     
   2.9562133651285849E-002   1.1724897603527142     
   3.8019517526813901E-002  0.74384612904255942     
   4.5116083860089251E-002   1.0733859204513705     
   5.5056809371101592E-002 -0.15092575150645257     
   6.5848341545415051E-002 -0.14188535626981180     
   7.9166690278415927E-002  -1.1061206415776805     
   9.6964567215568481E-002   1.2634806606873490     
  0.11842995645747310        2.9996648002332837     
  0.14416104292042672       -1.7527945186426148     
  0.17483851006932644        1.3219136291001428     
  0.21159335649904049        2.5072091878442757     
  0.25709616209838343      -0.15412605572837193     
  0.31264156338248622       -1.1661394069089481     
  0.37951482899164635      -0.93718378870334706     
  0.46065736128088758      -0.94094748246190774     
  0.55924736126635322       -2.8703219516958680     
  0.67897524277408394      -0.21399049074967666     
  0.82441551550693815        2.8817907572504136     
   1.0009764843865627        2.8323773982307094     
   1.2153763263333666       -5.0371201703185253     
   1.4765846423066622        1.9786528232725629     
   1.2566370614360001E-002   2.5286132134212096     
   1.7771531752634635E-002  0.46346055770195294     
   2.1765592370812048E-002  -1.3818121065727609     
   2.5132741228720001E-002   2.5739773114634596     
   2.9562133651285849E-002  -4.2550254704964804E-002
   3.8019517526813901E-002  -1.9548803955730671     
   4.5116083860089251E-002  0.62728000181896970     
   5.5056809371101592E-002   1.0380441083169849     
   6.5848341545415051E-002  0.47175235148902944     
   7.9166690278415927E-002 -0.34569107013883416     
   9.6964567215568481E-002   1.2111297734890580     
  0.11842995645747310        1.0950284906699048     
  0.14416104292042672        1.3110072896520508     
  0.17483851006932644       0.23095643393977897     
  0.21159335649904049       0.10205286966884151     
  0.25709616209838343       0.33565796798863717     
  0.31264156338248622      -0.85819692889691168     
  0.37951482899164635       -1.0581512547354386     
  0.46065736128088758       -1.0219874399737037     
  0.55924736126635322       0.11280011952333083     
  0.67897524277408394       -1.3428407135220080     
  0.82441551550693815        4.3276759953193675     
   1.0009764843865627       -1.9121928109665598     
   1.2153763263333666       -1.6174342185387787     
   1.4765846423066622        2.0024862620831803     
   1.2566370614360001E-002   2.6313214663756930     
   1.7771531752634635E-002  -6.4103043060230940     
   2.1765592370812048E-002 -0.44631278680742326     
   2.5132741228720001E-002  -1.1094978269510627     
   2.9562133651285849E-002  -1.0044238426236147     
   3.8019517526813901E-002   1.9017058219944556     
   4.5116083860089251E-002  0.33357127531222558     
   5.5056809371101592E-002   1.3465206065709054     
   6.5848341545415051E-002  0.33377903698313977     
   7.9166690278415927E-002 -0.41393952679552404     
   9.6964567215568481E-002   1.2345798035361888     
  0.11842995645747310       0.92618585549698262     
  0.14416104292042672       -8.3312825675410263E-002
  0.17483851006932644      -0.41444270761964203     
  0.21159335649904049       0.46094865172602190     
  0.25709616209838343        2.2753582531724930     
  0.31264156338248622       0.62502394600421074     
  0.37951482899164635      -0.67687576349550016     
  0.46065736128088758       0.16886230653910189     
  0.55924736126635322       -4.7188953585848754     
  0.67897524277408394       0.11777991501773803     
  0.82441551550693815       0.52764161720718739     
   1.0009764843865627        5.8322105156580619     
   1.2153763263333666       -3.4701402482127142     
   1.4765846423066622       -2.1089537381800176     
   1.2566370614360001E-002   2.0108771653886106     
   1.7771531752634635E-002  -6.1216070352494860     
   2.1765592370812048E-002  -1.5062941961241614     
   2.5132741228720001E-002 -0.99254601173060053     
   2.9562133651285849E-002 -0.87526736285280726     
   3.8019517526813901E-002  0.87508230503269735     
   4.5116083860089251E-002   1.3938989768699097     
   5.5056809371101592E-002  0.56937202626353312     
   6.5848341545415051E-002  0.87889349919401960     
   7.9166690278415927E-002 -0.11436259354897690     
   9.6964567215568481E-002   2.1156516321715673     
  0.11842995645747310        2.4247586833611519     
  0.14416104292042672        2.3837794011284106     
  0.17483851006932644        1.5486232650120402     
  0.21159335649904049        3.8249831980646514     
  0.25709616209838343        2.5122888080521841     
  0.31264156338248622        2.2852184858423614     
  0.37951482899164635       -1.2081290462439260     
  0.46065736128088758       -4.6389046118911033     
  0.55924736126635322       -8.8104373172666648     
  0.67897524277408394       -3.9850904580575968     
  0.82441551550693815        10.362363092144866     
   1.0009764843865627        12.107745692119478     
   1.2153763263333666       -20.230323936255868     
   1.4765846423066622        7.4099923755580139     
   1.2566370614360001E-002   4.7055549889461092     
   1.7771531752634635E-002   2.2331634832401335     
   2.1765592370812048E-002  -1.2198049160554933     
   2.5132741228720001E-002  0.37074425002061273     
   2.9562133651285849E-002  -1.1848525915919359     
   3.8019517526813901E-002  -1.8363189581752812     
   4.5116083860089251E-002  0.26535962584743650     
   5.5056809371101592E-002   1.0176172385980817     
   6.5848341545415051E-002   6.1348011407444704E-002
   7.9166690278415927E-002 -0.33487067990131958     
   9.6964567215568481E-002  -5.1095672632405782E-002
  0.11842995645747310      -0.13166598654448053     
  0.14416104292042672        2.2169386578401940E-002
  0.17483851006932644       0.15778100410846052     
  0.21159335649904049      -0.13403490454927233     
  0.25709616209838343        3.2342994808371467E-002
  0.31264156338248622       0.33483784472607475     
  0.37951482899164635       0.79652913428535677     
  0.46065736128088758       0.81354539303643980     
  0.55924736126635322        3.4507237581928139     
  0.67897524277408394        6.2629838525646777     
  0.82441551550693815        15.674171617307131     
   1.0009764843865627        37.414598307206276     
   1.2153763263333666        91.090563724359498     
   1.4765846423066622        229.47420455075562     
