   907465875134.50098        3.2635735415210789E-014   4.2911309377480757E-015
   996449110089.84851        2.5087229076990061E-014   3.5936867327681192E-015
   1094157759763.3474        2.3261748937329057E-014   3.0092104674365517E-015
   1201447410738.7168        1.9155842278592613E-014   2.5193385331664379E-015
   1319257545715.3203        1.5786587166075160E-014   2.1088682093353683E-015
   1448619770096.0466        1.3789275968832476E-014   1.7649979520382242E-015
   1590666845248.3909        1.1147059382834145E-014   1.4768761615028524E-015
   1746642607538.5598        9.0495469019073941E-015   1.2355658203497041E-015
   1917912859994.7070        8.0594624257992224E-015   1.0334294725291634E-015
   2105977331972.2314        6.4628200664415103E-015   8.6418248891742648E-016
   2312482811546.0454        5.6068995452685990E-015   7.2245301184148661E-016
   2539237565623.7188        4.7625829026977856E-015   6.0382121623731176E-016
   2788227174049.3262        3.7542809445377715E-015   5.0451099800710031E-016
   3061631916349.4629        3.2504196697161483E-015   4.2141460698527234E-016
   3361845863368.6118        2.7245215476916416E-015   3.5187664095794607E-016
   3691497840969.9233        2.2892318395962499E-015   2.9372054792513190E-016
   4053474449370.2100        1.8636003233347325E-015   2.4507593075430498E-016
   4450945339678.1768        1.5895410196391549E-015   2.0441758613882866E-016
   4887390968970.0654        1.3357135987205287E-015   1.7043013272556749E-016
   5366633076940.2949        1.0845792488842037E-015   1.4203518619212210E-016
   5892868150996.0986        9.1280833528325731E-016   1.1831200344392089E-016
   6470704172833.5605        7.7621286318469253E-016   9.8503951220286434E-017
   7105200968266.7285        6.3165891402057484E-016   8.1965183375699918E-017
   7801914513633.4160        5.2823164947587195E-016   6.8166550073527887E-017
   8566945586747.0820        4.3971629881067243E-016   5.6654186175662153E-017
   9406993188407.2617        3.6882285749444171E-016   4.7058323619156455E-017
   10329413202254.428        3.0123297815107789E-016   3.9060155978393794E-017
   11342282806624.777        2.5263247536150756E-016   3.2399084308020087E-017
   12454471202427.873        2.1000096174026562E-016   2.6852446357221717E-017
   13675717276376.373        1.7365648399452456E-016   2.2238036735678121E-017
   15016714879626.568        1.4400721733461058E-016   1.8400050272085825E-017
   16489206468572.789        1.2027498123777531E-016   1.5210841747319837E-017
   18106085927762.125        9.8598889609215630E-017   1.2561590398968150E-017
   19881511475299.078        7.9916724793060138E-017   1.0363692413739280E-017
   21831029639397.273        6.6165894990786928E-017   8.5407993507197567E-018
   23971711391679.938        5.4490450732854879E-017   7.0304132460983502E-018
   26322301629281.414        4.5369706070551618E-017   5.7801966054666729E-018
   28903383314691.039        3.6547167771591974E-017   4.7458952211356942E-018
   31737557710631.195        3.0247681265359217E-017   3.8913921148917237E-018
   34849642288197.789        2.4448210034032736E-017   3.1858630375271318E-018
   38266888041247.070        1.9961626296149671E-017   2.6043035446883138E-018
   42019218109944.703        1.6714142891970283E-017   2.1252827281089108E-018
   46139489802985.531        1.3452045963229013E-017   1.7313904963467523E-018
   50663782312883.484        1.0688209548481694E-017   1.4077861733574968E-018
   55631712643713.500        8.8040175972960274E-018   1.1424550150509365E-018
   61086782517729.562        7.2214924284807512E-018   9.2513045268257362E-019
   67076759298548.664        5.6895330358140891E-018   7.4751199417092707E-019
   73654094266457.531        4.6718996002316775E-018   6.0253067042857711E-019
   80876381908473.938        3.6785955345352963E-018   4.8446361400827007E-019
   88806864244940.156        3.0179741770141968E-018   3.8846449317469460E-019
   97514984608787.531        2.3337869355623038E-018   3.1061171052631161E-019
   107076995726643.53        1.8634990849834170E-018   2.4759066392365806E-019
   117576627426451.81        1.5538462113690525E-018   1.9673164536062820E-019
   129105819818391.00        1.1568354667984173E-018   1.5577420004852297E-019
   141765528369194.78        9.6548426625180650E-019   1.2290243127586933E-019
   155666607919514.62        7.5020464213145801E-019   9.6586222403251906E-020
   170930783385232.09        5.6617495414084084E-019   7.5596230101580687E-020
   187691715642673.78        4.1631839577163813E-019   5.8904571816543628E-020
   206096171931158.75        3.5093359680987938E-019   4.5686815643750745E-020
   226305311021518.75        2.6444039883891943E-019   3.5256732054566882E-020
   248496094404183.94        2.0538998989720945E-019   2.7065376104001506E-020
   272862835853911.69        1.5728374395428034E-019   2.0658792269574640E-020
   299618902939929.50        1.0871269846567004E-019   1.5674878420000529E-020
   328998585380788.44        8.4712613249603956E-020   1.1816510894930079E-020
   361259146604181.19        6.8865015105056607E-020   8.8476832160464699E-021
   396683076476236.19        4.7413664012697180E-020   6.5762312518603655E-021
   435580564926326.94        3.7880292596849128E-020   4.8501133090825552E-021
   478292218127697.62        2.1806754058367768E-020   3.5477543501190353E-021
   525192041018186.31        2.0022185709317728E-020   2.5720530531452012E-021
   576690712277502.00        1.4824551143232735E-020   1.8473365389632222E-021
   633239180438413.25        8.3704425716057017E-021   1.3134343697345152E-021
   695332612621229.62        6.3934497209811240E-021   9.2392464815890680E-022
   763514730468712.00        4.1429416201474769E-021   6.4246488177561451E-022
   838382571249055.50        3.5690309387477887E-021   4.4131890663595133E-022
   920591715817568.88        1.8573230262868630E-021   2.9916702023690318E-022
   1010862029215746.5        1.1840244262082897E-021   1.9999291958972747E-022
   1109983964175350.9        8.4722837061617541E-022   1.3169172032241980E-022
   1218825482724180.0        6.3128503393195470E-022   8.5342431187383564E-023
   1338339656502602.5        4.4715305576671506E-022   5.4358934689892106E-023
   1469573012343098.0        2.9087295718483162E-022   3.3995526953792732E-023
   1613674696190966.5        5.2979581189227648E-023   2.0843466347584027E-023
   1771906535610140.8        0.0000000000000000        1.2514386779660714E-023
   1945654088986456.0        0.0000000000000000        7.3449616643061054E-024
   2136438778180912.5        0.0000000000000000        4.2081344358961915E-024
   2345931210872563.0        0.0000000000000000        2.3488796904613328E-024
   2575965809248190.5        0.0000000000000000        1.2751014573168979E-024
   2828556873135088.0        0.0000000000000000        6.7170054889438984E-025
   3105916218233814.5        0.0000000000000000        3.4267095030528985E-025
   3410472543900336.5        0.0000000000000000        1.6885981519472957E-025
   3744892700071688.0        0.0000000000000000        8.0186130747456952E-026
   4112105039559011.5        0.0000000000000000        3.6584126684509488E-026
   4515325060192744.0        0.0000000000000000        1.5991453006822824E-026
   4958083561355490.0        0.0000000000000000        6.6738696226762143E-027
   5444257561455431.0        0.0000000000000000        2.6504317832496254E-027
   5978104247069502.0        0.0000000000000000        9.9759385244223002E-028
   6564298251032146.0        0.0000000000000000        3.5446839941793002E-028
   7207972585895685.0        0.0000000000000000        1.1834418024581036E-028
   7914763591196472.0        0.0000000000000000        3.6947737581984027E-029
   8690860288107631.0        0.0000000000000000        1.0731255528866104E-029
   9543058573653238.0        0.0000000000000000        2.8823081769610145E-030
