   1.2566370614360001E-002   1.2650890124030680     
   1.7771531752634635E-002   1.1530222144990190     
   2.1765592370812048E-002  0.88214237901657833     
   2.5132741228720001E-002  0.84244548528442820     
   2.9562133651285849E-002  0.98722290364326604     
   3.8019517526813901E-002  0.94833331030736612     
   4.5116083860089251E-002   1.0570511278366987     
   5.5056809371101592E-002  0.98904962462856105     
   6.5848341545415051E-002   1.0475576357708192     
   7.9166690278415927E-002   1.0165241249326633     
   9.6964567215568481E-002   1.0920598881509933     
  0.11842995645747310        1.0560348664827175     
  0.14416104292042672        1.0913281449563745     
  0.17483851006932644        1.0977853654677716     
  0.21159335649904049        1.1817405246401478     
  0.25709616209838343        1.1939846460074888     
  0.31264156338248622        1.3034948333883525     
  0.37951482899164635        1.4121716003271891     
  0.46065736128088758        1.5518621145986915     
  0.55924736126635322        1.7352216279779902     
  0.67897524277408394        1.9485797817599104     
  0.82441551550693815        2.1803424424233437     
   1.0009764843865627        2.4502617856598632     
   1.2153763263333666        2.7301614430409034     
   1.4765846423066622        3.0089395437421675     
   1.2566370614360001E-002   1.2727760771940659     
   1.7771531752634635E-002   1.2258831267756931     
   2.1765592370812048E-002  0.80955076921219649     
   2.5132741228720001E-002  0.97010870052172782     
   2.9562133651285849E-002  0.99996369109760774     
   3.8019517526813901E-002  0.94530633085781102     
   4.5116083860089251E-002   1.1008867910840614     
   5.5056809371101592E-002  0.98469009523767526     
   6.5848341545415051E-002   1.0387799792820163     
   7.9166690278415927E-002   1.0000061551361081     
   9.6964567215568481E-002   1.1128415021962443     
  0.11842995645747310        1.0785694218796213     
  0.14416104292042672        1.1139498851418554     
  0.17483851006932644        1.1259427961346802     
  0.21159335649904049        1.1739062155357154     
  0.25709616209838343        1.2008534705145029     
  0.31264156338248622        1.3150594271000249     
  0.37951482899164635        1.4326705619553124     
  0.46065736128088758        1.5559431075857728     
  0.55924736126635322        1.7387936250306195     
  0.67897524277408394        1.9488314341467563     
  0.82441551550693815        2.1538510691341579     
   1.0009764843865627        2.3124953811687643     
   1.2153763263333666        2.5035230834540507     
   1.4765846423066622        2.6232989807802682     
   1.2566370614360001E-002   1.0905906253798201     
   1.7771531752634635E-002  0.86725277826883029     
   2.1765592370812048E-002  0.81934076456179650     
   2.5132741228720001E-002   1.0694554697371128     
   2.9562133651285849E-002   1.0578587100398380     
   3.8019517526813901E-002  0.98748042947776571     
   4.5116083860089251E-002   1.1186135412822593     
   5.5056809371101592E-002  0.96871354478396288     
   6.5848341545415051E-002   1.0227532281552962     
   7.9166690278415927E-002   1.0294631011160000     
   9.6964567215568481E-002   1.0813144202190783     
  0.11842995645747310        1.0034656252887935     
  0.14416104292042672        1.0884407124586757     
  0.17483851006932644        1.1093979016430120     
  0.21159335649904049        1.1403530115742255     
  0.25709616209838343        1.1998735539158283     
  0.31264156338248622        1.2999546550018941     
  0.37951482899164635        1.3614135481633338     
  0.46065736128088758        1.5000895088132993     
  0.55924736126635322        1.6546737522794011     
  0.67897524277408394        1.8076942305696546     
  0.82441551550693815        1.9490719245961881     
   1.0009764843865627        2.0153948930377745     
   1.2153763263333666        2.0851381238906450     
   1.4765846423066622        1.8547527633227650     
   1.2566370614360001E-002  0.27968879108850930     
   1.7771531752634635E-002   1.5057418941664538     
   2.1765592370812048E-002   1.2698860059037840     
   2.5132741228720001E-002   1.0976168555608254     
   2.9562133651285849E-002  0.91767275526963310     
   3.8019517526813901E-002  0.97985844184030357     
   4.5116083860089251E-002   1.0473047661311758     
   5.5056809371101592E-002   1.0387435483386982     
   6.5848341545415051E-002   1.0485129268749218     
   7.9166690278415927E-002   1.0439816676924467     
   9.6964567215568481E-002   1.1331535543572253     
  0.11842995645747310       0.99994151941662168     
  0.14416104292042672        1.0749591395234197     
  0.17483851006932644        1.0830041345154875     
  0.21159335649904049        1.1592591050723589     
  0.25709616209838343        1.1782699751747174     
  0.31264156338248622        1.2654732970360689     
  0.37951482899164635        1.3746942627154284     
  0.46065736128088758        1.5103225584445585     
  0.55924736126635322        1.6199895953396501     
  0.67897524277408394        1.8030757759841427     
  0.82441551550693815        1.8040013314767689     
   1.0009764843865627        1.8400123738891929     
   1.2153763263333666        1.5209355320678819     
   1.4765846423066622        1.0318211073911283     
   1.2566370614360001E-002  0.34639439703955022     
   1.7771531752634635E-002   1.4235844599686964     
   2.1765592370812048E-002   1.2057234908533023     
   2.5132741228720001E-002  0.96103565369671728     
   2.9562133651285849E-002   1.0106021178188322     
   3.8019517526813901E-002  0.84161246572881221     
   4.5116083860089251E-002   1.1347020839268631     
   5.5056809371101592E-002   1.0081976404383066     
   6.5848341545415051E-002   1.2243165173047454     
   7.9166690278415927E-002   1.1274909319852060     
   9.6964567215568481E-002   1.2106301054369324     
  0.11842995645747310       0.94468471908373441     
  0.14416104292042672        1.1921145485901736     
  0.17483851006932644        1.2557242865115039     
  0.21159335649904049        1.1716380708584813     
  0.25709616209838343        1.2036539564084612     
  0.31264156338248622        1.3283859011960883     
  0.37951482899164635        1.5376966295889065     
  0.46065736128088758        1.5516325514053875     
  0.55924736126635322        1.7003936946970954     
  0.67897524277408394        1.7727013238911256     
  0.82441551550693815        1.7984214479361020     
   1.0009764843865627        1.3753209144903809     
   1.2153763263333666       0.87875071131599791     
   1.4765846423066622      -0.27540865995298147     
   1.2566370614360001E-002   2.4289082746819228     
   1.7771531752634635E-002   1.8196481183053901     
   2.1765592370812048E-002   1.2818303433250449     
   2.5132741228720001E-002  0.69901524420046213     
   2.9562133651285849E-002  0.71205143070186749     
   3.8019517526813901E-002   1.5230570556446643     
   4.5116083860089251E-002  0.48707980319415717     
   5.5056809371101592E-002   1.1094429175919049     
   6.5848341545415051E-002  0.92592792635949128     
   7.9166690278415927E-002  0.94249891894300530     
   9.6964567215568481E-002  0.90126641221899928     
  0.11842995645747310       0.86030027336778425     
  0.14416104292042672       0.85776869691606261     
  0.17483851006932644       0.79577401466217679     
  0.21159335649904049       0.90599645862883649     
  0.25709616209838343        1.0015323941857095     
  0.31264156338248622        1.0221710743529326     
  0.37951482899164635        1.0019708283246167     
  0.46065736128088758        1.1266417546318908     
  0.55924736126635322        1.2867270901633541     
  0.67897524277408394        1.2247311126997180     
  0.82441551550693815        1.0765840522736427     
   1.0009764843865627       0.49827942370104833     
   1.2153763263333666      -0.16895732013937254     
   1.4765846423066622       -1.3030232342366745     
   1.2566370614360001E-002   1.0116469602915694     
   1.7771531752634635E-002  -1.5623905184100773     
   2.1765592370812048E-002   3.9224243600430420     
   2.5132741228720001E-002  0.31828639324101582     
   2.9562133651285849E-002   1.5066611168197908     
   3.8019517526813901E-002   1.3220478400606748     
   4.5116083860089251E-002  0.84801526123386117     
   5.5056809371101592E-002  0.97198399617576725     
   6.5848341545415051E-002   1.1074960611076092     
   7.9166690278415927E-002  0.70202137529165520     
   9.6964567215568481E-002  0.71592098551255012     
  0.11842995645747310        1.0820516373726676     
  0.14416104292042672       0.99807580042339406     
  0.17483851006932644       0.63516891902887707     
  0.21159335649904049       0.61415228675607592     
  0.25709616209838343       0.89697287944499082     
  0.31264156338248622       0.69461436802052490     
  0.37951482899164635        1.0501911719575694     
  0.46065736128088758        1.2193979297867323     
  0.55924736126635322        1.1824419095448147     
  0.67897524277408394       0.99017880050227980     
  0.82441551550693815       0.53393873355622712     
   1.0009764843865627      -0.32328912757293410     
   1.2153763263333666      -0.77642227841913825     
   1.4765846423066622       -2.3860924502707794     
   1.2566370614360001E-002   3.9748732395561968     
   1.7771531752634635E-002  0.54269089256397374     
   2.1765592370812048E-002   1.3395676739477942     
   2.5132741228720001E-002   3.6119979985503936     
   2.9562133651285849E-002  0.38256355032301292     
   3.8019517526813901E-002  0.75790664700804045     
   4.5116083860089251E-002   1.4993665450023359     
   5.5056809371101592E-002  0.68012975674473919     
   6.5848341545415051E-002  0.57131939141698473     
   7.9166690278415927E-002  0.87339891748303222     
   9.6964567215568481E-002   1.3466031197822472     
  0.11842995645747310       0.77949141401567779     
  0.14416104292042672       0.91981667550401280     
  0.17483851006932644       0.87362217979780254     
  0.21159335649904049       0.71393391382848692     
  0.25709616209838343       0.83637728894340013     
  0.31264156338248622       0.53213649674263752     
  0.37951482899164635        1.2554573943636835     
  0.46065736128088758       0.99474436148008116     
  0.55924736126635322        1.1326283120522480     
  0.67897524277408394       0.76716017866254305     
  0.82441551550693815        1.6362150715943963E-002
   1.0009764843865627      -0.61023901591757712     
   1.2153763263333666       -1.9315755810231565     
   1.4765846423066622       -2.9729600645832526     
   1.2566370614360001E-002   1.2727760771940659     
   1.7771531752634635E-002   1.2258831267756931     
   2.1765592370812048E-002  0.80955076921219649     
   2.5132741228720001E-002  0.97010870052172782     
   2.9562133651285849E-002  0.99996369109760774     
   3.8019517526813901E-002  0.94530633085781102     
   4.5116083860089251E-002   1.1008867910840614     
   5.5056809371101592E-002  0.98469009523767526     
   6.5848341545415051E-002   1.0387799792820163     
   7.9166690278415927E-002   1.0000061551361081     
   9.6964567215568481E-002   1.1128415021962443     
  0.11842995645747310        1.0785694218796213     
  0.14416104292042672        1.1139498851418554     
  0.17483851006932644        1.1259427961346802     
  0.21159335649904049        1.1739062155357154     
  0.25709616209838343        1.2008534705145029     
  0.31264156338248622        1.3150594271000249     
  0.37951482899164635        1.4326705619553124     
  0.46065736128088758        1.5559431075857728     
  0.55924736126635322        1.7387936250306195     
  0.67897524277408394        1.9488314341467563     
  0.82441551550693815        2.1538510691341579     
   1.0009764843865627        2.3124953811687643     
   1.2153763263333666        2.5035230834540507     
   1.4765846423066622        2.6232989807802682     
   1.2566370614360001E-002   1.2768253615954035     
   1.7771531752634635E-002   1.2871286417424157     
   2.1765592370812048E-002  0.72094278598426020     
   2.5132741228720001E-002   1.1036477538331282     
   2.9562133651285849E-002   1.0010272774883167     
   3.8019517526813901E-002  0.99606101991326124     
   4.5116083860089251E-002   1.1738574742317855     
   5.5056809371101592E-002  0.96937791545249896     
   6.5848341545415051E-002  0.99447032231206622     
   7.9166690278415927E-002  0.97944126512539476     
   9.6964567215568481E-002   1.1361781791604708     
  0.11842995645747310        1.1053450366827657     
  0.14416104292042672        1.1468953218308005     
  0.17483851006932644        1.1854026453939781     
  0.21159335649904049        1.2207277229912994     
  0.25709616209838343        1.2838759442471843     
  0.31264156338248622        1.3954115402496383     
  0.37951482899164635        1.5018162793752206     
  0.46065736128088758        1.6156151215819476     
  0.55924736126635322        1.7726904004131514     
  0.67897524277408394        1.9398493445245861     
  0.82441551550693815        2.0050805053706573     
   1.0009764843865627        2.0962627798209970     
   1.2153763263333666        2.0832782996877284     
   1.4765846423066622        2.1022450487052682     
   1.2566370614360001E-002   1.1436501894727455     
   1.7771531752634635E-002  0.94724243813084141     
   2.1765592370812048E-002  0.68853997274455203     
   2.5132741228720001E-002   1.1917082984712246     
   2.9562133651285849E-002   1.0815839879651838     
   3.8019517526813901E-002   1.0327334740421872     
   4.5116083860089251E-002   1.2117012658978461     
   5.5056809371101592E-002  0.97697696022199498     
   6.5848341545415051E-002   1.0466184788991375     
   7.9166690278415927E-002   1.0505247760056162     
   9.6964567215568481E-002   1.0837368508234484     
  0.11842995645747310        1.0489113060270012     
  0.14416104292042672        1.1455728769409026     
  0.17483851006932644        1.1599778313378057     
  0.21159335649904049        1.1924876787605090     
  0.25709616209838343        1.3019588937153792     
  0.31264156338248622        1.3730603105592400     
  0.37951482899164635        1.4918945764103435     
  0.46065736128088758        1.5828876477781202     
  0.55924736126635322        1.6709461668546333     
  0.67897524277408394        1.8084995195394111     
  0.82441551550693815        1.8957017105403451     
   1.0009764843865627        1.7738700706267805     
   1.2153763263333666        1.6453905094700321     
   1.4765846423066622        1.3435339451631261     
   1.2566370614360001E-002  0.11678795054038835     
   1.7771531752634635E-002   1.3180963787077922     
   2.1765592370812048E-002   1.1683056436613870     
   2.5132741228720001E-002   1.1225542360681624     
   2.9562133651285849E-002   1.0297220137501719     
   3.8019517526813901E-002  0.92641334188160296     
   4.5116083860089251E-002   1.0927145919307906     
   5.5056809371101592E-002   1.0143907803220256     
   6.5848341545415051E-002   1.0839689504369452     
   7.9166690278415927E-002   1.0154236073035021     
   9.6964567215568481E-002   1.1643321818363075     
  0.11842995645747310       0.97233946494775436     
  0.14416104292042672        1.0719384657011477     
  0.17483851006932644        1.1631245336500053     
  0.21159335649904049        1.1977332060997554     
  0.25709616209838343        1.1657663716063240     
  0.31264156338248622        1.1831689466750361     
  0.37951482899164635        1.3534625690408575     
  0.46065736128088758        1.3779352521619939     
  0.55924736126635322        1.4041163131580361     
  0.67897524277408394        1.4510868635532908     
  0.82441551550693815        1.4795745480905533     
   1.0009764843865627        1.1377654007133844     
   1.2153763263333666       0.93298237633071368     
   1.4765846423066622       0.17579723057651114     
   1.2566370614360001E-002  0.31955990132779910     
   1.7771531752634635E-002   1.2459508117616740     
   2.1765592370812048E-002   1.2926294029038434     
   2.5132741228720001E-002   1.0149829761034270     
   2.9562133651285849E-002   1.0457549356324285     
   3.8019517526813901E-002  0.99147067909941355     
   4.5116083860089251E-002  0.97977996367884745     
   5.5056809371101592E-002   1.0139182305725132     
   6.5848341545415051E-002   1.2205263076278274     
   7.9166690278415927E-002   1.1098292334020528     
   9.6964567215568481E-002   1.3768559888359828     
  0.11842995645747310        1.0703283693136840     
  0.14416104292042672        1.1902798517321682     
  0.17483851006932644        1.2737177856177244     
  0.21159335649904049        1.1232495572679262     
  0.25709616209838343        1.1967090496300308     
  0.31264156338248622        1.2153030076270566     
  0.37951482899164635        1.3306411725157967     
  0.46065736128088758        1.2509623081152745     
  0.55924736126635322        1.3154889944327302     
  0.67897524277408394        1.2917655344816426     
  0.82441551550693815        1.2253038135970453     
   1.0009764843865627       0.80943231811713723     
   1.2153763263333666       0.16531567264101610     
   1.4765846423066622       -1.0101739421768823     
   1.2566370614360001E-002   2.8073851503194591     
   1.7771531752634635E-002   2.4515768826924189     
   2.1765592370812048E-002  0.70892928979866277     
   2.5132741228720001E-002  0.78605342360860475     
   2.9562133651285849E-002  0.78735939770000596     
   3.8019517526813901E-002   1.5457559767233016     
   4.5116083860089251E-002  0.52750269261004612     
   5.5056809371101592E-002   1.3745747533280404     
   6.5848341545415051E-002   1.0082836387625624     
   7.9166690278415927E-002  0.92337474198938285     
   9.6964567215568481E-002  0.95925214337523901     
  0.11842995645747310       0.89539214071098339     
  0.14416104292042672        1.1169546788205469     
  0.17483851006932644        1.0521525107077085     
  0.21159335649904049        1.0160324602953725     
  0.25709616209838343        1.0572882137968391     
  0.31264156338248622       0.96010118729466221     
  0.37951482899164635        1.0558321523306775     
  0.46065736128088758        1.0023146449863289     
  0.55924736126635322       0.82812863617342092     
  0.67897524277408394       0.84577141349839402     
  0.82441551550693815       0.62547963598811673     
   1.0009764843865627       -6.6493387211931085E-002
   1.2153763263333666       -8.7532568278280543E-002
   1.4765846423066622       -1.5459854073872095     
   1.2566370614360001E-002  0.64676936534504614     
   1.7771531752634635E-002  -1.6783095971344897     
   2.1765592370812048E-002   4.0813504672151328     
   2.5132741228720001E-002  0.28331048797008784     
   2.9562133651285849E-002   1.9041587156269415     
   3.8019517526813901E-002   1.5409078050440594     
   4.5116083860089251E-002   1.0815107424617578     
   5.5056809371101592E-002  0.92278904644909154     
   6.5848341545415051E-002   1.3416701731994309     
   7.9166690278415927E-002  0.61572390025201384     
   9.6964567215568481E-002  0.83068535609923788     
  0.11842995645747310       0.93216917182903158     
  0.14416104292042672        1.1176783289562282     
  0.17483851006932644       0.62320269190122424     
  0.21159335649904049       0.38378792143449747     
  0.25709616209838343       0.70683052485442655     
  0.31264156338248622       0.48468868465295650     
  0.37951482899164635       0.99903353789749749     
  0.46065736128088758       0.83931916446291854     
  0.55924736126635322       0.69723719280725538     
  0.67897524277408394       0.82217520315495363     
  0.82441551550693815       0.11399159700320508     
   1.0009764843865627      -0.31818732763711782     
   1.2153763263333666       -1.0533717055635246     
   1.4765846423066622      -0.99314614811926660     
   1.2566370614360001E-002   3.6428625919902204     
   1.7771531752634635E-002  0.63461214322739412     
   2.1765592370812048E-002   1.5139520081855566     
   2.5132741228720001E-002   4.4123099938324950     
   2.9562133651285849E-002  0.42675636966801023     
   3.8019517526813901E-002  0.36743123660408716     
   4.5116083860089251E-002   1.0858992500135776     
   5.5056809371101592E-002  0.65402257508432193     
   6.5848341545415051E-002  0.65508941275539989     
   7.9166690278415927E-002  0.89668878321125767     
   9.6964567215568481E-002   1.6781061460779381     
  0.11842995645747310       0.65349879006060774     
  0.14416104292042672       0.85904812688484911     
  0.17483851006932644       0.56555798358142173     
  0.21159335649904049       0.76692832939241640     
  0.25709616209838343       0.60308480724456215     
  0.31264156338248622       0.10408928924303550     
  0.37951482899164635       0.99488393094140093     
  0.46065736128088758       0.44506542151549594     
  0.55924736126635322       0.23753347234732375     
  0.67897524277408394      -0.14000532669146312     
  0.82441551550693815      -0.47506794731101137     
   1.0009764843865627      -0.56308958963966671     
   1.2153763263333666      -0.57721875893643204     
   1.4765846423066622       -1.1021917852980063     
   1.2566370614360001E-002   1.0905906253798201     
   1.7771531752634635E-002  0.86725277826883029     
   2.1765592370812048E-002  0.81934076456179650     
   2.5132741228720001E-002   1.0694554697371128     
   2.9562133651285849E-002   1.0578587100398380     
   3.8019517526813901E-002  0.98748042947776571     
   4.5116083860089251E-002   1.1186135412822593     
   5.5056809371101592E-002  0.96871354478396288     
   6.5848341545415051E-002   1.0227532281552962     
   7.9166690278415927E-002   1.0294631011160000     
   9.6964567215568481E-002   1.0813144202190783     
  0.11842995645747310        1.0034656252887935     
  0.14416104292042672        1.0884407124586757     
  0.17483851006932644        1.1093979016430120     
  0.21159335649904049        1.1403530115742255     
  0.25709616209838343        1.1998735539158283     
  0.31264156338248622        1.2999546550018941     
  0.37951482899164635        1.3614135481633338     
  0.46065736128088758        1.5000895088132993     
  0.55924736126635322        1.6546737522794011     
  0.67897524277408394        1.8076942305696546     
  0.82441551550693815        1.9490719245961881     
   1.0009764843865627        2.0153948930377745     
   1.2153763263333666        2.0851381238906450     
   1.4765846423066622        1.8547527633227650     
   1.2566370614360001E-002   1.1436501894727455     
   1.7771531752634635E-002  0.94724243813084141     
   2.1765592370812048E-002  0.68853997274455203     
   2.5132741228720001E-002   1.1917082984712246     
   2.9562133651285849E-002   1.0815839879651838     
   3.8019517526813901E-002   1.0327334740421872     
   4.5116083860089251E-002   1.2117012658978461     
   5.5056809371101592E-002  0.97697696022199498     
   6.5848341545415051E-002   1.0466184788991375     
   7.9166690278415927E-002   1.0505247760056162     
   9.6964567215568481E-002   1.0837368508234484     
  0.11842995645747310        1.0489113060270012     
  0.14416104292042672        1.1455728769409026     
  0.17483851006932644        1.1599778313378057     
  0.21159335649904049        1.1924876787605090     
  0.25709616209838343        1.3019588937153792     
  0.31264156338248622        1.3730603105592400     
  0.37951482899164635        1.4918945764103435     
  0.46065736128088758        1.5828876477781202     
  0.55924736126635322        1.6709461668546333     
  0.67897524277408394        1.8084995195394111     
  0.82441551550693815        1.8957017105403451     
   1.0009764843865627        1.7738700706267805     
   1.2153763263333666        1.6453905094700321     
   1.4765846423066622        1.3435339451631261     
   1.2566370614360001E-002  0.86015078511400578     
   1.7771531752634635E-002  0.60641779425654074     
   2.1765592370812048E-002  0.83386873885145452     
   2.5132741228720001E-002   1.2719827024215287     
   2.9562133651285849E-002   1.1214588231265832     
   3.8019517526813901E-002  0.94306477072923833     
   4.5116083860089251E-002   1.2380786820714267     
   5.5056809371101592E-002  0.94809806033281918     
   6.5848341545415051E-002   1.0133839751335427     
   7.9166690278415927E-002   1.0322614001849668     
   9.6964567215568481E-002   1.1822985665381378     
  0.11842995645747310        1.0913643962246022     
  0.14416104292042672        1.1930719488162425     
  0.17483851006932644        1.1332089119598987     
  0.21159335649904049        1.3139050343524148     
  0.25709616209838343        1.3579316728030038     
  0.31264156338248622        1.5027110653077103     
  0.37951482899164635        1.5135169168144220     
  0.46065736128088758        1.6423158724185341     
  0.55924736126635322        1.7070902215254640     
  0.67897524277408394        1.5719367770891821     
  0.82441551550693815        1.3933633612585272     
   1.0009764843865627        1.1976007382014531     
   1.2153763263333666        1.0331288594553560     
   1.4765846423066622        1.1202067771815778     
   1.2566370614360001E-002  0.28626139110539173     
   1.7771531752634635E-002  0.81917793776527614     
   2.1765592370812048E-002  0.99561679041424200     
   2.5132741228720001E-002   1.3739859741141980     
   2.9562133651285849E-002  0.99135631291077031     
   3.8019517526813901E-002   1.0565368862344722     
   4.5116083860089251E-002   1.0684721059447093     
   5.5056809371101592E-002  0.96856624693374094     
   6.5848341545415051E-002   1.0637150601546088     
   7.9166690278415927E-002   1.1482486467452164     
   9.6964567215568481E-002   1.0903607190361955     
  0.11842995645747310        1.0840943922237094     
  0.14416104292042672        1.1371776720025657     
  0.17483851006932644        1.2009091497829736     
  0.21159335649904049        1.3420136050708233     
  0.25709616209838343        1.3858590935327670     
  0.31264156338248622        1.4392011374090719     
  0.37951482899164635        1.5513511775501723     
  0.46065736128088758        1.5477921097328766     
  0.55924736126635322        1.5752945938225089     
  0.67897524277408394        1.6720767531128600     
  0.82441551550693815        1.3226660365036385     
   1.0009764843865627        1.0113387849316822     
   1.2153763263333666       0.81783958395079859     
   1.4765846423066622       0.32587898642400492     
   1.2566370614360001E-002  0.55153796377708975     
   1.7771531752634635E-002  0.81348713931580274     
   2.1765592370812048E-002  0.60036837683037492     
   2.5132741228720001E-002   1.5515166150609159     
   2.9562133651285849E-002   1.0297855954047930     
   3.8019517526813901E-002  0.88864226150252368     
   4.5116083860089251E-002   1.1513690459143440     
   5.5056809371101592E-002   1.0017635208623124     
   6.5848341545415051E-002   1.2453356964656017     
   7.9166690278415927E-002   1.0362804865180435     
   9.6964567215568481E-002   1.2006942909347753     
  0.11842995645747310       0.90219615103158524     
  0.14416104292042672        1.2435240851905984     
  0.17483851006932644        1.3379018410357970     
  0.21159335649904049        1.3473989521450560     
  0.25709616209838343        1.1826292238275955     
  0.31264156338248622        1.4869527901769934     
  0.37951482899164635        1.5015401980273968     
  0.46065736128088758        1.4400708205224582     
  0.55924736126635322        1.6492902173908268     
  0.67897524277408394        1.6655420062683892     
  0.82441551550693815        1.3065160920613625     
   1.0009764843865627       0.93193661982379050     
   1.2153763263333666       0.11958950704973503     
   1.4765846423066622      -0.54757624074682354     
   1.2566370614360001E-002   2.8520412749661541     
   1.7771531752634635E-002   1.4832038702846480     
   2.1765592370812048E-002   1.6383869882173581     
   2.5132741228720001E-002  0.76109754345690994     
   2.9562133651285849E-002  0.72151509605228981     
   3.8019517526813901E-002   1.2928093221974788     
   4.5116083860089251E-002  0.39940655096479116     
   5.5056809371101592E-002   1.1040181634643735     
   6.5848341545415051E-002   1.0548196304319819     
   7.9166690278415927E-002  0.98515298194879508     
   9.6964567215568481E-002  0.69719662280400241     
  0.11842995645747310       0.70303965349073927     
  0.14416104292042672       0.87517355961098231     
  0.17483851006932644       0.81728705228778709     
  0.21159335649904049       0.93482165429030306     
  0.25709616209838343        1.2920993027450698     
  0.31264156338248622        1.0299057675416663     
  0.37951482899164635       0.97360530700244419     
  0.46065736128088758       0.85190326914819225     
  0.55924736126635322       0.75855731090297907     
  0.67897524277408394       0.59020570161084718     
  0.82441551550693815      -0.18702375756012443     
   1.0009764843865627      -0.65866631723529945     
   1.2153763263333666      -0.84818438031045706     
   1.4765846423066622      -0.89387131063069236     
   1.2566370614360001E-002   9.2079070316693309E-002
   1.7771531752634635E-002  -1.0412723754498947     
   2.1765592370812048E-002   3.0146379376126942     
   2.5132741228720001E-002  0.54390528350751088     
   2.9562133651285849E-002   1.3881985655389779     
   3.8019517526813901E-002   1.2668376356595721     
   4.5116083860089251E-002  0.96884508922155932     
   5.5056809371101592E-002   1.0576332695450203     
   6.5848341545415051E-002  0.51633071428689314     
   7.9166690278415927E-002  0.81653154645018544     
   9.6964567215568481E-002  0.47970879642829062     
  0.11842995645747310       0.61554964106951404     
  0.14416104292042672       0.74293736609328509     
  0.17483851006932644       0.63915989217066038     
  0.21159335649904049       0.56370939866413872     
  0.25709616209838343       0.85120955743942595     
  0.31264156338248622       0.60504402646055011     
  0.37951482899164635       0.70342912336344254     
  0.46065736128088758       0.58937526575243404     
  0.55924736126635322        4.5775912073664535E-002
  0.67897524277408394       0.63047044260745322     
  0.82441551550693815       0.65955821914629698     
   1.0009764843865627        1.0430513211345120     
   1.2153763263333666       0.67968356213540460     
   1.4765846423066622      -0.88054357486072221     
   1.2566370614360001E-002   2.6914105698418997     
   1.7771531752634635E-002  0.39317852551278587     
   2.1765592370812048E-002   2.4405200598093999     
   2.5132741228720001E-002   5.2529799735179825     
   2.9562133651285849E-002  0.67511164762505027     
   3.8019517526813901E-002  0.67881102318432640     
   4.5116083860089251E-002   1.0582562824093897     
   5.5056809371101592E-002  0.33189952991910837     
   6.5848341545415051E-002  0.45967645858922584     
   7.9166690278415927E-002  0.87625848004978069     
   9.6964567215568481E-002   1.2949278581054240     
  0.11842995645747310       0.52602685152586282     
  0.14416104292042672        1.1302060034572670     
  0.17483851006932644       0.43146476025418606     
  0.21159335649904049        1.6814947253143725E-002
  0.25709616209838343       0.79064621492756282     
  0.31264156338248622       0.42271336727982767     
  0.37951482899164635       0.56824560037297067     
  0.46065736128088758      -0.50659740238124085     
  0.55924736126635322      -0.24886752402394127     
  0.67897524277408394       -1.3058516972078924     
  0.82441551550693815      -0.34366567486498717     
   1.0009764843865627      -0.26869308293981015     
   1.2153763263333666      -0.44158076745371544     
   1.4765846423066622       -1.7697032148400922     
   1.2566370614360001E-002  0.27968879108850930     
   1.7771531752634635E-002   1.5057418941664538     
   2.1765592370812048E-002   1.2698860059037840     
   2.5132741228720001E-002   1.0976168555608254     
   2.9562133651285849E-002  0.91767275526963310     
   3.8019517526813901E-002  0.97985844184030357     
   4.5116083860089251E-002   1.0473047661311758     
   5.5056809371101592E-002   1.0387435483386982     
   6.5848341545415051E-002   1.0485129268749218     
   7.9166690278415927E-002   1.0439816676924467     
   9.6964567215568481E-002   1.1331535543572253     
  0.11842995645747310       0.99994151941662168     
  0.14416104292042672        1.0749591395234197     
  0.17483851006932644        1.0830041345154875     
  0.21159335649904049        1.1592591050723589     
  0.25709616209838343        1.1782699751747174     
  0.31264156338248622        1.2654732970360689     
  0.37951482899164635        1.3746942627154284     
  0.46065736128088758        1.5103225584445585     
  0.55924736126635322        1.6199895953396501     
  0.67897524277408394        1.8030757759841427     
  0.82441551550693815        1.8040013314767689     
   1.0009764843865627        1.8400123738891929     
   1.2153763263333666        1.5209355320678819     
   1.4765846423066622        1.0318211073911283     
   1.2566370614360001E-002  0.11678795054038835     
   1.7771531752634635E-002   1.3180963787077922     
   2.1765592370812048E-002   1.1683056436613870     
   2.5132741228720001E-002   1.1225542360681624     
   2.9562133651285849E-002   1.0297220137501719     
   3.8019517526813901E-002  0.92641334188160296     
   4.5116083860089251E-002   1.0927145919307906     
   5.5056809371101592E-002   1.0143907803220256     
   6.5848341545415051E-002   1.0839689504369452     
   7.9166690278415927E-002   1.0154236073035021     
   9.6964567215568481E-002   1.1643321818363075     
  0.11842995645747310       0.97233946494775436     
  0.14416104292042672        1.0719384657011477     
  0.17483851006932644        1.1631245336500053     
  0.21159335649904049        1.1977332060997554     
  0.25709616209838343        1.1657663716063240     
  0.31264156338248622        1.1831689466750361     
  0.37951482899164635        1.3534625690408575     
  0.46065736128088758        1.3779352521619939     
  0.55924736126635322        1.4041163131580361     
  0.67897524277408394        1.4510868635532908     
  0.82441551550693815        1.4795745480905533     
   1.0009764843865627        1.1377654007133844     
   1.2153763263333666       0.93298237633071368     
   1.4765846423066622       0.17579723057651114     
   1.2566370614360001E-002  0.28626139110539173     
   1.7771531752634635E-002  0.81917793776527614     
   2.1765592370812048E-002  0.99561679041424200     
   2.5132741228720001E-002   1.3739859741141980     
   2.9562133651285849E-002  0.99135631291077031     
   3.8019517526813901E-002   1.0565368862344722     
   4.5116083860089251E-002   1.0684721059447093     
   5.5056809371101592E-002  0.96856624693374094     
   6.5848341545415051E-002   1.0637150601546088     
   7.9166690278415927E-002   1.1482486467452164     
   9.6964567215568481E-002   1.0903607190361955     
  0.11842995645747310        1.0840943922237094     
  0.14416104292042672        1.1371776720025657     
  0.17483851006932644        1.2009091497829736     
  0.21159335649904049        1.3420136050708233     
  0.25709616209838343        1.3858590935327670     
  0.31264156338248622        1.4392011374090719     
  0.37951482899164635        1.5513511775501723     
  0.46065736128088758        1.5477921097328766     
  0.55924736126635322        1.5752945938225089     
  0.67897524277408394        1.6720767531128600     
  0.82441551550693815        1.3226660365036385     
   1.0009764843865627        1.0113387849316822     
   1.2153763263333666       0.81783958395079859     
   1.4765846423066622       0.32587898642400492     
   1.2566370614360001E-002   2.4535810026315791E-002
   1.7771531752634635E-002   2.0485984602411329     
   2.1765592370812048E-002   1.7476435041299943     
   2.5132741228720001E-002   1.3233145893826508     
   2.9562133651285849E-002  0.75167145188942275     
   3.8019517526813901E-002   1.1249385640970255     
   4.5116083860089251E-002   1.0048665945157222     
   5.5056809371101592E-002  0.94237193004745601     
   6.5848341545415051E-002   1.1167292655467669     
   7.9166690278415927E-002   1.1298380878949004     
   9.6964567215568481E-002   1.3805465918646875     
  0.11842995645747310        1.1951282500746903     
  0.14416104292042672        1.4057970155621975     
  0.17483851006932644        1.4486724539614739     
  0.21159335649904049        1.7793539727591370     
  0.25709616209838343        1.4348862975696852     
  0.31264156338248622        1.6441419400868236     
  0.37951482899164635        1.4797279888596744     
  0.46065736128088758        1.5281010951327374     
  0.55924736126635322        1.6224624419619413     
  0.67897524277408394       0.76475091552418950     
  0.82441551550693815       0.47708663048309280     
   1.0009764843865627       0.24871079198050564     
   1.2153763263333666      -0.31742760853361157     
   1.4765846423066622        1.6223759333847230     
   1.2566370614360001E-002  0.68432556107771048     
   1.7771531752634635E-002   2.2559948304511628     
   2.1765592370812048E-002   2.3458702440386947     
   2.5132741228720001E-002   1.3711485598589328     
   2.9562133651285849E-002  0.81179141818018319     
   3.8019517526813901E-002  0.94184031703295468     
   4.5116083860089251E-002  0.70649812692425518     
   5.5056809371101592E-002  0.90221660225964651     
   6.5848341545415051E-002   1.2690492618184470     
   7.9166690278415927E-002  0.96336929484960765     
   9.6964567215568481E-002   1.5522060799079840     
  0.11842995645747310        1.2298727059885166     
  0.14416104292042672        1.4905824123587854     
  0.17483851006932644        1.4734037991217166     
  0.21159335649904049        1.5667399989143034     
  0.25709616209838343        1.4603539190412107     
  0.31264156338248622        1.4587084764167677     
  0.37951482899164635        1.4891802584101737     
  0.46065736128088758        1.2696473021139210     
  0.55924736126635322        1.4635343975269435     
  0.67897524277408394        1.4553975747375838     
  0.82441551550693815        1.1443605069558496     
   1.0009764843865627        1.9059928042848602     
   1.2153763263333666        1.3583853613797334     
   1.4765846423066622       -6.6181515759501736E-002
   1.2566370614360001E-002   1.2485679738770727     
   1.7771531752634635E-002   1.6075002321430156     
   2.1765592370812048E-002   1.2056793235268803     
   2.5132741228720001E-002  0.67727770608451254     
   2.9562133651285849E-002  0.89650565217194400     
   3.8019517526813901E-002   1.6393111980805599     
   4.5116083860089251E-002  0.33938239129444780     
   5.5056809371101592E-002  0.99341791264656532     
   6.5848341545415051E-002   1.0133442048003287     
   7.9166690278415927E-002  0.87321172371630340     
   9.6964567215568481E-002   1.1678827767813031     
  0.11842995645747310       0.72604437420337475     
  0.14416104292042672       0.94155642728737865     
  0.17483851006932644       0.58419928967312940     
  0.21159335649904049       0.96109826028773981     
  0.25709616209838343        1.0127162492616526     
  0.31264156338248622        1.0019002824720631     
  0.37951482899164635        1.4162069079486292     
  0.46065736128088758       0.69491854552369892     
  0.55924736126635322        1.0959179859047337     
  0.67897524277408394       0.77065625232227963     
  0.82441551550693815        1.3870857407342461     
   1.0009764843865627      -0.23469443898364348     
   1.2153763263333666      -0.50855859297766359     
   1.4765846423066622      -0.46057950514304075     
   1.2566370614360001E-002 -0.19134050391161936     
   1.7771531752634635E-002 -0.95977017135533871     
   2.1765592370812048E-002   3.9161212096918865     
   2.5132741228720001E-002  0.44109629777889825     
   2.9562133651285849E-002  0.91180724313451333     
   3.8019517526813901E-002   1.7373905134253271     
   4.5116083860089251E-002   1.1685213402954651     
   5.5056809371101592E-002   1.0050413029044591     
   6.5848341545415051E-002   1.0966173338550449     
   7.9166690278415927E-002  0.60595762024832556     
   9.6964567215568481E-002  0.70326273653106330     
  0.11842995645747310        1.3223710231679839     
  0.14416104292042672       0.57462048318096082     
  0.17483851006932644       0.76120226334796415     
  0.21159335649904049       0.45195208468139347     
  0.25709616209838343       0.70906840077405031     
  0.31264156338248622        5.8686901813654338E-002
  0.37951482899164635       0.73020023548813207     
  0.46065736128088758       0.43535826849651499     
  0.55924736126635322      -0.45689258974987745     
  0.67897524277408394       0.45065003816872690     
  0.82441551550693815      -0.95503719143507892     
   1.0009764843865627       -1.8782355884314581     
   1.2153763263333666      -0.38594934150536003     
   1.4765846423066622       0.86402639040063778     
   1.2566370614360001E-002  -2.3335025623193375     
   1.7771531752634635E-002 -0.19196754597837101     
   2.1765592370812048E-002   1.5971581887506698     
   2.5132741228720001E-002   4.3995475613685411     
   2.9562133651285849E-002  0.37590902473922494     
   3.8019517526813901E-002  0.50335532210820078     
   4.5116083860089251E-002   1.2941697960531338     
   5.5056809371101592E-002   1.1446191844348601     
   6.5848341545415051E-002  0.68930560497338034     
   7.9166690278415927E-002  0.73045718431473661     
   9.6964567215568481E-002   1.2343337657304303     
  0.11842995645747310       0.76477685839174558     
  0.14416104292042672       0.75544360793674925     
  0.17483851006932644       0.14985368451233991     
  0.21159335649904049        1.0097025112804414     
  0.25709616209838343       0.25641090956192975     
  0.31264156338248622       0.10470485534281956     
  0.37951482899164635       0.61635977609921144     
  0.46065736128088758       -3.6752843073429631E-002
  0.55924736126635322        1.0867694558640262     
  0.67897524277408394       0.21965947639941266     
  0.82441551550693815      -0.27227332853556607     
   1.0009764843865627      -0.13220709833167227     
   1.2153763263333666       -1.1738719471238943     
   1.4765846423066622       0.52034182087985947     
   1.2566370614360001E-002  0.34639439703955022     
   1.7771531752634635E-002   1.4235844599686964     
   2.1765592370812048E-002   1.2057234908533023     
   2.5132741228720001E-002  0.96103565369671728     
   2.9562133651285849E-002   1.0106021178188322     
   3.8019517526813901E-002  0.84161246572881221     
   4.5116083860089251E-002   1.1347020839268631     
   5.5056809371101592E-002   1.0081976404383066     
   6.5848341545415051E-002   1.2243165173047454     
   7.9166690278415927E-002   1.1274909319852060     
   9.6964567215568481E-002   1.2106301054369324     
  0.11842995645747310       0.94468471908373441     
  0.14416104292042672        1.1921145485901736     
  0.17483851006932644        1.2557242865115039     
  0.21159335649904049        1.1716380708584813     
  0.25709616209838343        1.2036539564084612     
  0.31264156338248622        1.3283859011960883     
  0.37951482899164635        1.5376966295889065     
  0.46065736128088758        1.5516325514053875     
  0.55924736126635322        1.7003936946970954     
  0.67897524277408394        1.7727013238911256     
  0.82441551550693815        1.7984214479361020     
   1.0009764843865627        1.3753209144903809     
   1.2153763263333666       0.87875071131599791     
   1.4765846423066622      -0.27540865995298147     
   1.2566370614360001E-002  0.31955990132779910     
   1.7771531752634635E-002   1.2459508117616740     
   2.1765592370812048E-002   1.2926294029038434     
   2.5132741228720001E-002   1.0149829761034270     
   2.9562133651285849E-002   1.0457549356324285     
   3.8019517526813901E-002  0.99147067909941355     
   4.5116083860089251E-002  0.97977996367884745     
   5.5056809371101592E-002   1.0139182305725132     
   6.5848341545415051E-002   1.2205263076278274     
   7.9166690278415927E-002   1.1098292334020528     
   9.6964567215568481E-002   1.3768559888359828     
  0.11842995645747310        1.0703283693136840     
  0.14416104292042672        1.1902798517321682     
  0.17483851006932644        1.2737177856177244     
  0.21159335649904049        1.1232495572679262     
  0.25709616209838343        1.1967090496300308     
  0.31264156338248622        1.2153030076270566     
  0.37951482899164635        1.3306411725157967     
  0.46065736128088758        1.2509623081152745     
  0.55924736126635322        1.3154889944327302     
  0.67897524277408394        1.2917655344816426     
  0.82441551550693815        1.2253038135970453     
   1.0009764843865627       0.80943231811713723     
   1.2153763263333666       0.16531567264101610     
   1.4765846423066622       -1.0101739421768823     
   1.2566370614360001E-002  0.55153796377708975     
   1.7771531752634635E-002  0.81348713931580274     
   2.1765592370812048E-002  0.60036837683037492     
   2.5132741228720001E-002   1.5515166150609159     
   2.9562133651285849E-002   1.0297855954047930     
   3.8019517526813901E-002  0.88864226150252368     
   4.5116083860089251E-002   1.1513690459143440     
   5.5056809371101592E-002   1.0017635208623124     
   6.5848341545415051E-002   1.2453356964656017     
   7.9166690278415927E-002   1.0362804865180435     
   9.6964567215568481E-002   1.2006942909347753     
  0.11842995645747310       0.90219615103158524     
  0.14416104292042672        1.2435240851905984     
  0.17483851006932644        1.3379018410357970     
  0.21159335649904049        1.3473989521450560     
  0.25709616209838343        1.1826292238275955     
  0.31264156338248622        1.4869527901769934     
  0.37951482899164635        1.5015401980273968     
  0.46065736128088758        1.4400708205224582     
  0.55924736126635322        1.6492902173908268     
  0.67897524277408394        1.6655420062683892     
  0.82441551550693815        1.3065160920613625     
   1.0009764843865627       0.93193661982379050     
   1.2153763263333666       0.11958950704973503     
   1.4765846423066622      -0.54757624074682354     
   1.2566370614360001E-002  0.68432556107771048     
   1.7771531752634635E-002   2.2559948304511628     
   2.1765592370812048E-002   2.3458702440386947     
   2.5132741228720001E-002   1.3711485598589328     
   2.9562133651285849E-002  0.81179141818018319     
   3.8019517526813901E-002  0.94184031703295468     
   4.5116083860089251E-002  0.70649812692425518     
   5.5056809371101592E-002  0.90221660225964651     
   6.5848341545415051E-002   1.2690492618184470     
   7.9166690278415927E-002  0.96336929484960765     
   9.6964567215568481E-002   1.5522060799079840     
  0.11842995645747310        1.2298727059885166     
  0.14416104292042672        1.4905824123587854     
  0.17483851006932644        1.4734037991217166     
  0.21159335649904049        1.5667399989143034     
  0.25709616209838343        1.4603539190412107     
  0.31264156338248622        1.4587084764167677     
  0.37951482899164635        1.4891802584101737     
  0.46065736128088758        1.2696473021139210     
  0.55924736126635322        1.4635343975269435     
  0.67897524277408394        1.4553975747375838     
  0.82441551550693815        1.1443605069558496     
   1.0009764843865627        1.9059928042848602     
   1.2153763263333666        1.3583853613797334     
   1.4765846423066622       -6.6181515759501736E-002
   1.2566370614360001E-002   9.9798015616038946E-002
   1.7771531752634635E-002   1.2106697518144327     
   2.1765592370812048E-002   1.7742219957749954     
   2.5132741228720001E-002   2.3743621558333303     
   2.9562133651285849E-002  0.46813413417704414     
   3.8019517526813901E-002  0.27366056372311381     
   4.5116083860089251E-002   1.1289436221164888     
   5.5056809371101592E-002  0.47392619054624624     
   6.5848341545415051E-002   1.2691876596954261     
   7.9166690278415927E-002  0.99989811975052034     
   9.6964567215568481E-002   1.2631442414124512     
  0.11842995645747310       0.69670603157813848     
  0.14416104292042672        1.4654373687771725     
  0.17483851006932644        1.1791358496096924     
  0.21159335649904049        1.4375489877215013     
  0.25709616209838343        1.2612040226634698     
  0.31264156338248622        1.2213188840118909     
  0.37951482899164635        1.7687157635196542     
  0.46065736128088758        1.3518040356008114     
  0.55924736126635322        1.0946232685043262     
  0.67897524277408394        1.6336758947841576     
  0.82441551550693815        7.6434095354556822E-002
   1.0009764843865627       -1.6104776196420376     
   1.2153763263333666       0.67087168316682422     
   1.4765846423066622        8.0721204511488267     
   1.2566370614360001E-002   2.0496173914343836     
   1.7771531752634635E-002   1.4285531768697017     
   2.1765592370812048E-002   9.7176543654131170E-002
   2.5132741228720001E-002  0.62871858067154207     
   2.9562133651285849E-002  0.89013809263645927     
   3.8019517526813901E-002   1.5132675969363394     
   4.5116083860089251E-002  0.70253754212130604     
   5.5056809371101592E-002   1.2830988717695950     
   6.5848341545415051E-002  0.94015379192559456     
   7.9166690278415927E-002   1.0723604548495025     
   9.6964567215568481E-002   1.1859177685702753     
  0.11842995645747310       0.67432368378787233     
  0.14416104292042672        1.4274572797977809     
  0.17483851006932644       0.88384385776645702     
  0.21159335649904049        1.2724047508387599     
  0.25709616209838343        1.4043564626803748     
  0.31264156338248622        2.0486026359948903     
  0.37951482899164635        1.5225851537429793     
  0.46065736128088758        1.9276743950363799     
  0.55924736126635322        1.0969827521297830     
  0.67897524277408394      -0.13579795127642511     
  0.82441551550693815        1.3519330949079651     
   1.0009764843865627        1.8549178969708062     
   1.2153763263333666        2.8229487677620231     
   1.4765846423066622       -1.8226534510771848     
   1.2566370614360001E-002  -1.0211706512656042     
   1.7771531752634635E-002  -1.4028376774835187     
   2.1765592370812048E-002   4.0553515740088626     
   2.5132741228720001E-002   1.2616432100503931     
   2.9562133651285849E-002  0.92987708485112286     
   3.8019517526813901E-002  0.31584622285995573     
   4.5116083860089251E-002   9.5068541453608948E-002
   5.5056809371101592E-002   1.1618280013997502     
   6.5848341545415051E-002   1.3157357430106116     
   7.9166690278415927E-002   1.3757108429490925     
   9.6964567215568481E-002 -0.11779226886862786     
  0.11842995645747310        1.1976079513731948     
  0.14416104292042672       0.91612713002531165     
  0.17483851006932644        1.9549183393695262     
  0.21159335649904049       0.55772050577160737     
  0.25709616209838343        2.3249538407361188     
  0.31264156338248622       0.18351754115441715     
  0.37951482899164635       0.64524803053558843     
  0.46065736128088758        1.8167240412642032     
  0.55924736126635322        2.2744599544531567     
  0.67897524277408394        1.5257935505756512     
  0.82441551550693815        2.1346264752941182     
   1.0009764843865627        1.5836225405446158     
   1.2153763263333666       -2.8065950041220531     
   1.4765846423066622       0.28783391982142503     
   1.2566370614360001E-002  -2.2209549381111309     
   1.7771531752634635E-002  -1.0824300530843289     
   2.1765592370812048E-002   1.1594130668990139     
   2.5132741228720001E-002   3.4247424094632772     
   2.9562133651285849E-002  -3.2313320864261988E-002
   3.8019517526813901E-002  0.85920862784036600     
   4.5116083860089251E-002   1.1615848323159925     
   5.5056809371101592E-002  0.38588061187869255     
   6.5848341545415051E-002 -0.11206019513267400     
   7.9166690278415927E-002  0.60303962991281335     
   9.6964567215568481E-002   1.0194755105020243     
  0.11842995645747310        7.9467838750028413E-002
  0.14416104292042672       0.29183967881747841     
  0.17483851006932644       0.69215071851693499     
  0.21159335649904049       0.50434209288783716     
  0.25709616209838343        1.3382543618755083     
  0.31264156338248622       0.86618470420620663     
  0.37951482899164635       0.86358663206195119     
  0.46065736128088758       0.78037030599737833     
  0.55924736126635322      -0.15420468255502276     
  0.67897524277408394       0.33013419727538018     
  0.82441551550693815       0.12407858369863795     
   1.0009764843865627       0.25927253100066289     
   1.2153763263333666        2.1246345806698561     
   1.4765846423066622       -1.6467481832128661     
   1.2566370614360001E-002   2.4289082746819228     
   1.7771531752634635E-002   1.8196481183053901     
   2.1765592370812048E-002   1.2818303433250449     
   2.5132741228720001E-002  0.69901524420046213     
   2.9562133651285849E-002  0.71205143070186749     
   3.8019517526813901E-002   1.5230570556446643     
   4.5116083860089251E-002  0.48707980319415717     
   5.5056809371101592E-002   1.1094429175919049     
   6.5848341545415051E-002  0.92592792635949128     
   7.9166690278415927E-002  0.94249891894300530     
   9.6964567215568481E-002  0.90126641221899928     
  0.11842995645747310       0.86030027336778425     
  0.14416104292042672       0.85776869691606261     
  0.17483851006932644       0.79577401466217679     
  0.21159335649904049       0.90599645862883649     
  0.25709616209838343        1.0015323941857095     
  0.31264156338248622        1.0221710743529326     
  0.37951482899164635        1.0019708283246167     
  0.46065736128088758        1.1266417546318908     
  0.55924736126635322        1.2867270901633541     
  0.67897524277408394        1.2247311126997180     
  0.82441551550693815        1.0765840522736427     
   1.0009764843865627       0.49827942370104833     
   1.2153763263333666      -0.16895732013937254     
   1.4765846423066622       -1.3030232342366745     
   1.2566370614360001E-002   2.8073851503194591     
   1.7771531752634635E-002   2.4515768826924189     
   2.1765592370812048E-002  0.70892928979866277     
   2.5132741228720001E-002  0.78605342360860475     
   2.9562133651285849E-002  0.78735939770000596     
   3.8019517526813901E-002   1.5457559767233016     
   4.5116083860089251E-002  0.52750269261004612     
   5.5056809371101592E-002   1.3745747533280404     
   6.5848341545415051E-002   1.0082836387625624     
   7.9166690278415927E-002  0.92337474198938285     
   9.6964567215568481E-002  0.95925214337523901     
  0.11842995645747310       0.89539214071098339     
  0.14416104292042672        1.1169546788205469     
  0.17483851006932644        1.0521525107077085     
  0.21159335649904049        1.0160324602953725     
  0.25709616209838343        1.0572882137968391     
  0.31264156338248622       0.96010118729466221     
  0.37951482899164635        1.0558321523306775     
  0.46065736128088758        1.0023146449863289     
  0.55924736126635322       0.82812863617342092     
  0.67897524277408394       0.84577141349839402     
  0.82441551550693815       0.62547963598811673     
   1.0009764843865627       -6.6493387211931085E-002
   1.2153763263333666       -8.7532568278280543E-002
   1.4765846423066622       -1.5459854073872095     
   1.2566370614360001E-002   2.8520412749661541     
   1.7771531752634635E-002   1.4832038702846480     
   2.1765592370812048E-002   1.6383869882173581     
   2.5132741228720001E-002  0.76109754345690994     
   2.9562133651285849E-002  0.72151509605228981     
   3.8019517526813901E-002   1.2928093221974788     
   4.5116083860089251E-002  0.39940655096479116     
   5.5056809371101592E-002   1.1040181634643735     
   6.5848341545415051E-002   1.0548196304319819     
   7.9166690278415927E-002  0.98515298194879508     
   9.6964567215568481E-002  0.69719662280400241     
  0.11842995645747310       0.70303965349073927     
  0.14416104292042672       0.87517355961098231     
  0.17483851006932644       0.81728705228778709     
  0.21159335649904049       0.93482165429030306     
  0.25709616209838343        1.2920993027450698     
  0.31264156338248622        1.0299057675416663     
  0.37951482899164635       0.97360530700244419     
  0.46065736128088758       0.85190326914819225     
  0.55924736126635322       0.75855731090297907     
  0.67897524277408394       0.59020570161084718     
  0.82441551550693815      -0.18702375756012443     
   1.0009764843865627      -0.65866631723529945     
   1.2153763263333666      -0.84818438031045706     
   1.4765846423066622      -0.89387131063069236     
   1.2566370614360001E-002   1.2485679738770727     
   1.7771531752634635E-002   1.6075002321430156     
   2.1765592370812048E-002   1.2056793235268803     
   2.5132741228720001E-002  0.67727770608451254     
   2.9562133651285849E-002  0.89650565217194400     
   3.8019517526813901E-002   1.6393111980805599     
   4.5116083860089251E-002  0.33938239129444780     
   5.5056809371101592E-002  0.99341791264656532     
   6.5848341545415051E-002   1.0133442048003287     
   7.9166690278415927E-002  0.87321172371630340     
   9.6964567215568481E-002   1.1678827767813031     
  0.11842995645747310       0.72604437420337475     
  0.14416104292042672       0.94155642728737865     
  0.17483851006932644       0.58419928967312940     
  0.21159335649904049       0.96109826028773981     
  0.25709616209838343        1.0127162492616526     
  0.31264156338248622        1.0019002824720631     
  0.37951482899164635        1.4162069079486292     
  0.46065736128088758       0.69491854552369892     
  0.55924736126635322        1.0959179859047337     
  0.67897524277408394       0.77065625232227963     
  0.82441551550693815        1.3870857407342461     
   1.0009764843865627      -0.23469443898364348     
   1.2153763263333666      -0.50855859297766359     
   1.4765846423066622      -0.46057950514304075     
   1.2566370614360001E-002   2.0496173914343836     
   1.7771531752634635E-002   1.4285531768697017     
   2.1765592370812048E-002   9.7176543654131170E-002
   2.5132741228720001E-002  0.62871858067154207     
   2.9562133651285849E-002  0.89013809263645927     
   3.8019517526813901E-002   1.5132675969363394     
   4.5116083860089251E-002  0.70253754212130604     
   5.5056809371101592E-002   1.2830988717695950     
   6.5848341545415051E-002  0.94015379192559456     
   7.9166690278415927E-002   1.0723604548495025     
   9.6964567215568481E-002   1.1859177685702753     
  0.11842995645747310       0.67432368378787233     
  0.14416104292042672        1.4274572797977809     
  0.17483851006932644       0.88384385776645702     
  0.21159335649904049        1.2724047508387599     
  0.25709616209838343        1.4043564626803748     
  0.31264156338248622        2.0486026359948903     
  0.37951482899164635        1.5225851537429793     
  0.46065736128088758        1.9276743950363799     
  0.55924736126635322        1.0969827521297830     
  0.67897524277408394      -0.13579795127642511     
  0.82441551550693815        1.3519330949079651     
   1.0009764843865627        1.8549178969708062     
   1.2153763263333666        2.8229487677620231     
   1.4765846423066622       -1.8226534510771848     
   1.2566370614360001E-002   3.2971819706377343     
   1.7771531752634635E-002  0.83710780765449289     
   2.1765592370812048E-002   4.3003047760119424     
   2.5132741228720001E-002 -0.39668436758167092     
   2.9562133651285849E-002  0.18769891455604221     
   3.8019517526813901E-002   1.1384363692731341     
   4.5116083860089251E-002 -0.58349970253943717     
   5.5056809371101592E-002  0.95126960561967988     
   6.5848341545415051E-002   1.0323915725529931     
   7.9166690278415927E-002  0.65716734518018993     
   9.6964567215568481E-002  0.65886094174317189     
  0.11842995645747310       -8.2477035147416108E-003
  0.14416104292042672       0.37898981002921434     
  0.17483851006932644       0.69993712015781062     
  0.21159335649904049       0.42461573110184381     
  0.25709616209838343       0.41812188280369933     
  0.31264156338248622        1.6592660575115088     
  0.37951482899164635      -0.29426444775487459     
  0.46065736128088758       0.36600047712219608     
  0.55924736126635322       -5.3864612914614383E-002
  0.67897524277408394        5.4735569330693672E-002
  0.82441551550693815       -2.2698500746331711     
   1.0009764843865627       -2.4348092878313197     
   1.2153763263333666       -3.7497781299644495     
   1.4765846423066622       -1.7197853196898403     
   1.2566370614360001E-002 -0.18563472336420045     
   1.7771531752634635E-002  -1.8145439437443938     
   2.1765592370812048E-002   3.5659049647036873     
   2.5132741228720001E-002 -0.22240009165794650     
   2.9562133651285849E-002   1.1311615044956129     
   3.8019517526813901E-002 -0.27926887062204259     
   4.5116083860089251E-002  0.10569354822137661     
   5.5056809371101592E-002   1.6554962116193233     
   6.5848341545415051E-002  0.78474462167087744     
   7.9166690278415927E-002   9.6594423213404126E-002
   9.6964567215568481E-002 -0.22210472643846951     
  0.11842995645747310       0.84969320448958063     
  0.14416104292042672        1.7248326597792569     
  0.17483851006932644        1.0211443003951932     
  0.21159335649904049       0.61937320161525955     
  0.25709616209838343      -0.47675755114169199     
  0.31264156338248622        1.0531366237129574     
  0.37951482899164635        1.9903532388624570     
  0.46065736128088758        1.7035066805688153     
  0.55924736126635322        1.0703228755344472     
  0.67897524277408394        2.4025501733210368     
  0.82441551550693815        2.2158077612058118E-002
   1.0009764843865627        3.1234146540502485     
   1.2153763263333666       -8.0437033828312003     
   1.4765846423066622       -2.0461383637864556     
   1.2566370614360001E-002   1.3776441668405133     
   1.7771531752634635E-002 -0.93347564905161884     
   2.1765592370812048E-002 -0.25162563331349375     
   2.5132741228720001E-002   7.3557411455565394E-002
   2.9562133651285849E-002   1.4770892814441670     
   3.8019517526813901E-002   2.3147738705421976     
   4.5116083860089251E-002   5.9512044951069973E-002
   5.5056809371101592E-002  0.21412720534828275     
   6.5848341545415051E-002 -0.55764334182770969     
   7.9166690278415927E-002   1.2360858212281507     
   9.6964567215568481E-002   1.5236432691035147     
  0.11842995645747310        1.8461550205152684     
  0.14416104292042672        1.4204070471232704     
  0.17483851006932644        2.7468382216408438     
  0.21159335649904049        3.3534395134871136     
  0.25709616209838343        5.2939147551762744     
  0.31264156338248622        3.1495514553004220     
  0.37951482899164635        2.4964181708905020     
  0.46065736128088758      -0.11832824576160028     
  0.55924736126635322       0.37191252233346694     
  0.67897524277408394        3.7283571307542491     
  0.82441551550693815        5.4246814307957596     
   1.0009764843865627        6.9488234195733014     
   1.2153763263333666        3.6743264201164316     
   1.4765846423066622       -6.8672216570675131     
   1.2566370614360001E-002   1.0116469602915694     
   1.7771531752634635E-002  -1.5623905184100773     
   2.1765592370812048E-002   3.9224243600430420     
   2.5132741228720001E-002  0.31828639324101582     
   2.9562133651285849E-002   1.5066611168197908     
   3.8019517526813901E-002   1.3220478400606748     
   4.5116083860089251E-002  0.84801526123386117     
   5.5056809371101592E-002  0.97198399617576725     
   6.5848341545415051E-002   1.1074960611076092     
   7.9166690278415927E-002  0.70202137529165520     
   9.6964567215568481E-002  0.71592098551255012     
  0.11842995645747310        1.0820516373726676     
  0.14416104292042672       0.99807580042339406     
  0.17483851006932644       0.63516891902887707     
  0.21159335649904049       0.61415228675607592     
  0.25709616209838343       0.89697287944499082     
  0.31264156338248622       0.69461436802052490     
  0.37951482899164635        1.0501911719575694     
  0.46065736128088758        1.2193979297867323     
  0.55924736126635322        1.1824419095448147     
  0.67897524277408394       0.99017880050227980     
  0.82441551550693815       0.53393873355622712     
   1.0009764843865627      -0.32328912757293410     
   1.2153763263333666      -0.77642227841913825     
   1.4765846423066622       -2.3860924502707794     
   1.2566370614360001E-002  0.64676936534504614     
   1.7771531752634635E-002  -1.6783095971344897     
   2.1765592370812048E-002   4.0813504672151328     
   2.5132741228720001E-002  0.28331048797008784     
   2.9562133651285849E-002   1.9041587156269415     
   3.8019517526813901E-002   1.5409078050440594     
   4.5116083860089251E-002   1.0815107424617578     
   5.5056809371101592E-002  0.92278904644909154     
   6.5848341545415051E-002   1.3416701731994309     
   7.9166690278415927E-002  0.61572390025201384     
   9.6964567215568481E-002  0.83068535609923788     
  0.11842995645747310       0.93216917182903158     
  0.14416104292042672        1.1176783289562282     
  0.17483851006932644       0.62320269190122424     
  0.21159335649904049       0.38378792143449747     
  0.25709616209838343       0.70683052485442655     
  0.31264156338248622       0.48468868465295650     
  0.37951482899164635       0.99903353789749749     
  0.46065736128088758       0.83931916446291854     
  0.55924736126635322       0.69723719280725538     
  0.67897524277408394       0.82217520315495363     
  0.82441551550693815       0.11399159700320508     
   1.0009764843865627      -0.31818732763711782     
   1.2153763263333666       -1.0533717055635246     
   1.4765846423066622      -0.99314614811926660     
   1.2566370614360001E-002   9.2079070316693309E-002
   1.7771531752634635E-002  -1.0412723754498947     
   2.1765592370812048E-002   3.0146379376126942     
   2.5132741228720001E-002  0.54390528350751088     
   2.9562133651285849E-002   1.3881985655389779     
   3.8019517526813901E-002   1.2668376356595721     
   4.5116083860089251E-002  0.96884508922155932     
   5.5056809371101592E-002   1.0576332695450203     
   6.5848341545415051E-002  0.51633071428689314     
   7.9166690278415927E-002  0.81653154645018544     
   9.6964567215568481E-002  0.47970879642829062     
  0.11842995645747310       0.61554964106951404     
  0.14416104292042672       0.74293736609328509     
  0.17483851006932644       0.63915989217066038     
  0.21159335649904049       0.56370939866413872     
  0.25709616209838343       0.85120955743942595     
  0.31264156338248622       0.60504402646055011     
  0.37951482899164635       0.70342912336344254     
  0.46065736128088758       0.58937526575243404     
  0.55924736126635322        4.5775912073664535E-002
  0.67897524277408394       0.63047044260745322     
  0.82441551550693815       0.65955821914629698     
   1.0009764843865627        1.0430513211345120     
   1.2153763263333666       0.67968356213540460     
   1.4765846423066622      -0.88054357486072221     
   1.2566370614360001E-002 -0.19134050391161936     
   1.7771531752634635E-002 -0.95977017135533871     
   2.1765592370812048E-002   3.9161212096918865     
   2.5132741228720001E-002  0.44109629777889825     
   2.9562133651285849E-002  0.91180724313451333     
   3.8019517526813901E-002   1.7373905134253271     
   4.5116083860089251E-002   1.1685213402954651     
   5.5056809371101592E-002   1.0050413029044591     
   6.5848341545415051E-002   1.0966173338550449     
   7.9166690278415927E-002  0.60595762024832556     
   9.6964567215568481E-002  0.70326273653106330     
  0.11842995645747310        1.3223710231679839     
  0.14416104292042672       0.57462048318096082     
  0.17483851006932644       0.76120226334796415     
  0.21159335649904049       0.45195208468139347     
  0.25709616209838343       0.70906840077405031     
  0.31264156338248622        5.8686901813654338E-002
  0.37951482899164635       0.73020023548813207     
  0.46065736128088758       0.43535826849651499     
  0.55924736126635322      -0.45689258974987745     
  0.67897524277408394       0.45065003816872690     
  0.82441551550693815      -0.95503719143507892     
   1.0009764843865627       -1.8782355884314581     
   1.2153763263333666      -0.38594934150536003     
   1.4765846423066622       0.86402639040063778     
   1.2566370614360001E-002  -1.0211706512656042     
   1.7771531752634635E-002  -1.4028376774835187     
   2.1765592370812048E-002   4.0553515740088626     
   2.5132741228720001E-002   1.2616432100503931     
   2.9562133651285849E-002  0.92987708485112286     
   3.8019517526813901E-002  0.31584622285995573     
   4.5116083860089251E-002   9.5068541453608948E-002
   5.5056809371101592E-002   1.1618280013997502     
   6.5848341545415051E-002   1.3157357430106116     
   7.9166690278415927E-002   1.3757108429490925     
   9.6964567215568481E-002 -0.11779226886862786     
  0.11842995645747310        1.1976079513731948     
  0.14416104292042672       0.91612713002531165     
  0.17483851006932644        1.9549183393695262     
  0.21159335649904049       0.55772050577160737     
  0.25709616209838343        2.3249538407361188     
  0.31264156338248622       0.18351754115441715     
  0.37951482899164635       0.64524803053558843     
  0.46065736128088758        1.8167240412642032     
  0.55924736126635322        2.2744599544531567     
  0.67897524277408394        1.5257935505756512     
  0.82441551550693815        2.1346264752941182     
   1.0009764843865627        1.5836225405446158     
   1.2153763263333666       -2.8065950041220531     
   1.4765846423066622       0.28783391982142503     
   1.2566370614360001E-002 -0.18563472336420045     
   1.7771531752634635E-002  -1.8145439437443938     
   2.1765592370812048E-002   3.5659049647036873     
   2.5132741228720001E-002 -0.22240009165794650     
   2.9562133651285849E-002   1.1311615044956129     
   3.8019517526813901E-002 -0.27926887062204259     
   4.5116083860089251E-002  0.10569354822137661     
   5.5056809371101592E-002   1.6554962116193233     
   6.5848341545415051E-002  0.78474462167087744     
   7.9166690278415927E-002   9.6594423213404126E-002
   9.6964567215568481E-002 -0.22210472643846951     
  0.11842995645747310       0.84969320448958063     
  0.14416104292042672        1.7248326597792569     
  0.17483851006932644        1.0211443003951932     
  0.21159335649904049       0.61937320161525955     
  0.25709616209838343      -0.47675755114169199     
  0.31264156338248622        1.0531366237129574     
  0.37951482899164635        1.9903532388624570     
  0.46065736128088758        1.7035066805688153     
  0.55924736126635322        1.0703228755344472     
  0.67897524277408394        2.4025501733210368     
  0.82441551550693815        2.2158077612058118E-002
   1.0009764843865627        3.1234146540502485     
   1.2153763263333666       -8.0437033828312003     
   1.4765846423066622       -2.0461383637864556     
   1.2566370614360001E-002  -3.2895450014343308     
   1.7771531752634635E-002  0.31078898978576119     
   2.1765592370812048E-002   3.6245733247035803     
   2.5132741228720001E-002  -1.8149075356723789     
   2.9562133651285849E-002   1.2931516269281980     
   3.8019517526813901E-002  -1.1882268934662699     
   4.5116083860089251E-002   1.6921369761843905     
   5.5056809371101592E-002   1.0339859115464169     
   6.5848341545415051E-002  0.94226168904615970     
   7.9166690278415927E-002  0.23709561622398365     
   9.6964567215568481E-002  0.26764333868344392     
  0.11842995645747310      -0.11895850311192589     
  0.14416104292042672        1.0614167007045174     
  0.17483851006932644        1.3910687617913393     
  0.21159335649904049       0.72571817097480606     
  0.25709616209838343      -0.44936520302571387     
  0.31264156338248622      -0.42253267398123245     
  0.37951482899164635       -2.8049383959397685     
  0.46065736128088758       -1.6473807136340757     
  0.55924736126635322        1.8448451001973469     
  0.67897524277408394        1.8500344711811469     
  0.82441551550693815       -3.2723214075796245     
   1.0009764843865627       -4.2104813081878800E-002
   1.2153763263333666       -2.7360616637788802     
   1.4765846423066622        13.702031051344544     
   1.2566370614360001E-002   2.8243171944384122     
   1.7771531752634635E-002  -2.6663641116365264     
   2.1765592370812048E-002   1.4570641743719626     
   2.5132741228720001E-002   1.1546931504524272     
   2.9562133651285849E-002   1.3584833095450626     
   3.8019517526813901E-002 -0.79830245593906890     
   4.5116083860089251E-002  0.74055806091975418     
   5.5056809371101592E-002  0.35941301915440826     
   6.5848341545415051E-002  0.59786049522175966     
   7.9166690278415927E-002 -0.85373044461796010     
   9.6964567215568481E-002  -1.5735018986357241     
  0.11842995645747310       0.19165474477187702     
  0.14416104292042672      -0.29775048990193947     
  0.17483851006932644        7.5929674239909845E-002
  0.21159335649904049       0.44317378956473774     
  0.25709616209838343       0.10763029936983852     
  0.31264156338248622      -0.43383745313165117     
  0.37951482899164635       -4.8190525389560125E-002
  0.46065736128088758       0.56125382549218072     
  0.55924736126635322      -0.18000418891189304     
  0.67897524277408394       0.44421222150590561     
  0.82441551550693815       0.32617928139121150     
   1.0009764843865627       -1.2092854037180283     
   1.2153763263333666        1.1647767319425266     
   1.4765846423066622      -0.14883370538411381     
   1.2566370614360001E-002   3.9748732395561968     
   1.7771531752634635E-002  0.54269089256397374     
   2.1765592370812048E-002   1.3395676739477942     
   2.5132741228720001E-002   3.6119979985503936     
   2.9562133651285849E-002  0.38256355032301292     
   3.8019517526813901E-002  0.75790664700804045     
   4.5116083860089251E-002   1.4993665450023359     
   5.5056809371101592E-002  0.68012975674473919     
   6.5848341545415051E-002  0.57131939141698473     
   7.9166690278415927E-002  0.87339891748303222     
   9.6964567215568481E-002   1.3466031197822472     
  0.11842995645747310       0.77949141401567779     
  0.14416104292042672       0.91981667550401280     
  0.17483851006932644       0.87362217979780254     
  0.21159335649904049       0.71393391382848692     
  0.25709616209838343       0.83637728894340013     
  0.31264156338248622       0.53213649674263752     
  0.37951482899164635        1.2554573943636835     
  0.46065736128088758       0.99474436148008116     
  0.55924736126635322        1.1326283120522480     
  0.67897524277408394       0.76716017866254305     
  0.82441551550693815        1.6362150715943963E-002
   1.0009764843865627      -0.61023901591757712     
   1.2153763263333666       -1.9315755810231565     
   1.4765846423066622       -2.9729600645832526     
   1.2566370614360001E-002   3.6428625919902204     
   1.7771531752634635E-002  0.63461214322739412     
   2.1765592370812048E-002   1.5139520081855566     
   2.5132741228720001E-002   4.4123099938324950     
   2.9562133651285849E-002  0.42675636966801023     
   3.8019517526813901E-002  0.36743123660408716     
   4.5116083860089251E-002   1.0858992500135776     
   5.5056809371101592E-002  0.65402257508432193     
   6.5848341545415051E-002  0.65508941275539989     
   7.9166690278415927E-002  0.89668878321125767     
   9.6964567215568481E-002   1.6781061460779381     
  0.11842995645747310       0.65349879006060774     
  0.14416104292042672       0.85904812688484911     
  0.17483851006932644       0.56555798358142173     
  0.21159335649904049       0.76692832939241640     
  0.25709616209838343       0.60308480724456215     
  0.31264156338248622       0.10408928924303550     
  0.37951482899164635       0.99488393094140093     
  0.46065736128088758       0.44506542151549594     
  0.55924736126635322       0.23753347234732375     
  0.67897524277408394      -0.14000532669146312     
  0.82441551550693815      -0.47506794731101137     
   1.0009764843865627      -0.56308958963966671     
   1.2153763263333666      -0.57721875893643204     
   1.4765846423066622       -1.1021917852980063     
   1.2566370614360001E-002   2.6914105698418997     
   1.7771531752634635E-002  0.39317852551278587     
   2.1765592370812048E-002   2.4405200598093999     
   2.5132741228720001E-002   5.2529799735179825     
   2.9562133651285849E-002  0.67511164762505027     
   3.8019517526813901E-002  0.67881102318432640     
   4.5116083860089251E-002   1.0582562824093897     
   5.5056809371101592E-002  0.33189952991910837     
   6.5848341545415051E-002  0.45967645858922584     
   7.9166690278415927E-002  0.87625848004978069     
   9.6964567215568481E-002   1.2949278581054240     
  0.11842995645747310       0.52602685152586282     
  0.14416104292042672        1.1302060034572670     
  0.17483851006932644       0.43146476025418606     
  0.21159335649904049        1.6814947253143725E-002
  0.25709616209838343       0.79064621492756282     
  0.31264156338248622       0.42271336727982767     
  0.37951482899164635       0.56824560037297067     
  0.46065736128088758      -0.50659740238124085     
  0.55924736126635322      -0.24886752402394127     
  0.67897524277408394       -1.3058516972078924     
  0.82441551550693815      -0.34366567486498717     
   1.0009764843865627      -0.26869308293981015     
   1.2153763263333666      -0.44158076745371544     
   1.4765846423066622       -1.7697032148400922     
   1.2566370614360001E-002  -2.3335025623193375     
   1.7771531752634635E-002 -0.19196754597837101     
   2.1765592370812048E-002   1.5971581887506698     
   2.5132741228720001E-002   4.3995475613685411     
   2.9562133651285849E-002  0.37590902473922494     
   3.8019517526813901E-002  0.50335532210820078     
   4.5116083860089251E-002   1.2941697960531338     
   5.5056809371101592E-002   1.1446191844348601     
   6.5848341545415051E-002  0.68930560497338034     
   7.9166690278415927E-002  0.73045718431473661     
   9.6964567215568481E-002   1.2343337657304303     
  0.11842995645747310       0.76477685839174558     
  0.14416104292042672       0.75544360793674925     
  0.17483851006932644       0.14985368451233991     
  0.21159335649904049        1.0097025112804414     
  0.25709616209838343       0.25641090956192975     
  0.31264156338248622       0.10470485534281956     
  0.37951482899164635       0.61635977609921144     
  0.46065736128088758       -3.6752843073429631E-002
  0.55924736126635322        1.0867694558640262     
  0.67897524277408394       0.21965947639941266     
  0.82441551550693815      -0.27227332853556607     
   1.0009764843865627      -0.13220709833167227     
   1.2153763263333666       -1.1738719471238943     
   1.4765846423066622       0.52034182087985947     
   1.2566370614360001E-002  -2.2209549381111309     
   1.7771531752634635E-002  -1.0824300530843289     
   2.1765592370812048E-002   1.1594130668990139     
   2.5132741228720001E-002   3.4247424094632772     
   2.9562133651285849E-002  -3.2313320864261988E-002
   3.8019517526813901E-002  0.85920862784036600     
   4.5116083860089251E-002   1.1615848323159925     
   5.5056809371101592E-002  0.38588061187869255     
   6.5848341545415051E-002 -0.11206019513267400     
   7.9166690278415927E-002  0.60303962991281335     
   9.6964567215568481E-002   1.0194755105020243     
  0.11842995645747310        7.9467838750028413E-002
  0.14416104292042672       0.29183967881747841     
  0.17483851006932644       0.69215071851693499     
  0.21159335649904049       0.50434209288783716     
  0.25709616209838343        1.3382543618755083     
  0.31264156338248622       0.86618470420620663     
  0.37951482899164635       0.86358663206195119     
  0.46065736128088758       0.78037030599737833     
  0.55924736126635322      -0.15420468255502276     
  0.67897524277408394       0.33013419727538018     
  0.82441551550693815       0.12407858369863795     
   1.0009764843865627       0.25927253100066289     
   1.2153763263333666        2.1246345806698561     
   1.4765846423066622       -1.6467481832128661     
   1.2566370614360001E-002   1.3776441668405133     
   1.7771531752634635E-002 -0.93347564905161884     
   2.1765592370812048E-002 -0.25162563331349375     
   2.5132741228720001E-002   7.3557411455565394E-002
   2.9562133651285849E-002   1.4770892814441670     
   3.8019517526813901E-002   2.3147738705421976     
   4.5116083860089251E-002   5.9512044951069973E-002
   5.5056809371101592E-002  0.21412720534828275     
   6.5848341545415051E-002 -0.55764334182770969     
   7.9166690278415927E-002   1.2360858212281507     
   9.6964567215568481E-002   1.5236432691035147     
  0.11842995645747310        1.8461550205152684     
  0.14416104292042672        1.4204070471232704     
  0.17483851006932644        2.7468382216408438     
  0.21159335649904049        3.3534395134871136     
  0.25709616209838343        5.2939147551762744     
  0.31264156338248622        3.1495514553004220     
  0.37951482899164635        2.4964181708905020     
  0.46065736128088758      -0.11832824576160028     
  0.55924736126635322       0.37191252233346694     
  0.67897524277408394        3.7283571307542491     
  0.82441551550693815        5.4246814307957596     
   1.0009764843865627        6.9488234195733014     
   1.2153763263333666        3.6743264201164316     
   1.4765846423066622       -6.8672216570675131     
   1.2566370614360001E-002   2.8243171944384122     
   1.7771531752634635E-002  -2.6663641116365264     
   2.1765592370812048E-002   1.4570641743719626     
   2.5132741228720001E-002   1.1546931504524272     
   2.9562133651285849E-002   1.3584833095450626     
   3.8019517526813901E-002 -0.79830245593906890     
   4.5116083860089251E-002  0.74055806091975418     
   5.5056809371101592E-002  0.35941301915440826     
   6.5848341545415051E-002  0.59786049522175966     
   7.9166690278415927E-002 -0.85373044461796010     
   9.6964567215568481E-002  -1.5735018986357241     
  0.11842995645747310       0.19165474477187702     
  0.14416104292042672      -0.29775048990193947     
  0.17483851006932644        7.5929674239909845E-002
  0.21159335649904049       0.44317378956473774     
  0.25709616209838343       0.10763029936983852     
  0.31264156338248622      -0.43383745313165117     
  0.37951482899164635       -4.8190525389560125E-002
  0.46065736128088758       0.56125382549218072     
  0.55924736126635322      -0.18000418891189304     
  0.67897524277408394       0.44421222150590561     
  0.82441551550693815       0.32617928139121150     
   1.0009764843865627       -1.2092854037180283     
   1.2153763263333666        1.1647767319425266     
   1.4765846423066622      -0.14883370538411381     
   1.2566370614360001E-002   2.4769189017050421     
   1.7771531752634635E-002 -0.63380077209233510     
   2.1765592370812048E-002  0.59713228278020802     
   2.5132741228720001E-002   1.6569663728043802     
   2.9562133651285849E-002 -0.75403087732400187     
   3.8019517526813901E-002 -0.71699633451109013     
   4.5116083860089251E-002   1.5702227920555329     
   5.5056809371101592E-002   7.1475098811732252E-002
   6.5848341545415051E-002 -0.70806616962268332     
   7.9166690278415927E-002 -0.80827012587395564     
   9.6964567215568481E-002  0.21030799817106802     
  0.11842995645747310       0.48057755418105802     
  0.14416104292042672      -0.58068634949643461     
  0.17483851006932644        3.8968166455826556E-002
  0.21159335649904049       0.56101592935482558     
  0.25709616209838343      -0.26176656037980123     
  0.31264156338248622      -0.38223208481361615     
  0.37951482899164635       0.56763977712988134     
  0.46065736128088758       -1.0217744063220666     
  0.55924736126635322      -0.38667560392952044     
  0.67897524277408394       -1.9107664514173999     
  0.82441551550693815       -4.5474254275605288     
   1.0009764843865627       -9.1856915170014179     
   1.2153763263333666       -20.934024707566149     
   1.4765846423066622       -44.966458599653549     
