   1.2566370614360001E-002   1.3378148104759884     
   1.7771531752634635E-002   1.1912071449800541     
   2.1765592370812048E-002  0.88845224428108982     
   2.5132741228720001E-002  0.80865977338229367     
   2.9562133651285849E-002  0.98847937059933910     
   3.8019517526813901E-002  0.93769616848650517     
   4.5116083860089251E-002   1.0658509013592594     
   5.5056809371101592E-002  0.97601572633468603     
   6.5848341545415051E-002   1.0524887950323785     
   7.9166690278415927E-002   1.0062223264330477     
   9.6964567215568481E-002   1.0843382415588518     
  0.11842995645747310        1.0518139768458992     
  0.14416104292042672        1.0901923448930391     
  0.17483851006932644        1.1070850541842354     
  0.21159335649904049        1.1901948940187246     
  0.25709616209838343        1.1988495547990610     
  0.31264156338248622        1.3066424217177091     
  0.37951482899164635        1.4137921388596140     
  0.46065736128088758        1.5608810261174995     
  0.55924736126635322        1.7282408986437294     
  0.67897524277408394        1.9360453411719951     
  0.82441551550693815        2.1599838926488228     
   1.0009764843865627        2.4118338808911703     
   1.2153763263333666        2.6864115890672893     
   1.4765846423066622        2.9703870875179241     
   1.2566370614360001E-002   1.1971194312227478     
   1.7771531752634635E-002   1.1889695408001790     
   2.1765592370812048E-002  0.83882581894521946     
   2.5132741228720001E-002  0.88665141583182416     
   2.9562133651285849E-002   1.0129787613172665     
   3.8019517526813901E-002  0.98029577509728605     
   4.5116083860089251E-002   1.0617615448974489     
   5.5056809371101592E-002  0.98004963288693336     
   6.5848341545415051E-002   1.0409994778613658     
   7.9166690278415927E-002   1.0209999397091312     
   9.6964567215568481E-002   1.1111336067423665     
  0.11842995645747310        1.0653546697748790     
  0.14416104292042672        1.0961248649720263     
  0.17483851006932644        1.1242948883339279     
  0.21159335649904049        1.1588798218197969     
  0.25709616209838343        1.2074701040992599     
  0.31264156338248622        1.3045146510434380     
  0.37951482899164635        1.4106392789117683     
  0.46065736128088758        1.5372095243124042     
  0.55924736126635322        1.7262550830604668     
  0.67897524277408394        1.9201655250844765     
  0.82441551550693815        2.1271134690315687     
   1.0009764843865627        2.3120526584080179     
   1.2153763263333666        2.5225987017136249     
   1.4765846423066622        2.6759321794419870     
   1.2566370614360001E-002   1.1932613841495845     
   1.7771531752634635E-002   1.0096814711798932     
   2.1765592370812048E-002  0.96114786435929522     
   2.5132741228720001E-002   1.1146171541559218     
   2.9562133651285849E-002   1.0731740984469746     
   3.8019517526813901E-002  0.89238942204157479     
   4.5116083860089251E-002   1.1172983799062697     
   5.5056809371101592E-002  0.95969751742981790     
   6.5848341545415051E-002   1.0158173225886560     
   7.9166690278415927E-002  0.98949360022096855     
   9.6964567215568481E-002   1.1275448081714765     
  0.11842995645747310        1.0102804654917705     
  0.14416104292042672        1.0897904820768689     
  0.17483851006932644        1.1132976480691712     
  0.21159335649904049        1.1617141622722305     
  0.25709616209838343        1.1913367750283224     
  0.31264156338248622        1.3260178417304695     
  0.37951482899164635        1.4110719181211622     
  0.46065736128088758        1.5568678905054376     
  0.55924736126635322        1.7162337602758855     
  0.67897524277408394        1.9057803745052688     
  0.82441551550693815        2.0663245550025531     
   1.0009764843865627        2.2297276290663230     
   1.2153763263333666        2.2988536957931722     
   1.4765846423066622        2.1957561149454863     
   1.2566370614360001E-002  0.45362997290194484     
   1.7771531752634635E-002   1.4479050415827295     
   2.1765592370812048E-002  0.88762122059524950     
   2.5132741228720001E-002  0.98800822380639897     
   2.9562133651285849E-002   1.0285047046463387     
   3.8019517526813901E-002   1.0834934191907237     
   4.5116083860089251E-002   1.1215799003404758     
   5.5056809371101592E-002   1.0971216403448452     
   6.5848341545415051E-002   1.0498333713565688     
   7.9166690278415927E-002   1.1004470300117457     
   9.6964567215568481E-002   1.0934438198035235     
  0.11842995645747310       0.99078802856375436     
  0.14416104292042672        1.1238389623505680     
  0.17483851006932644        1.1233960318092340     
  0.21159335649904049        1.1787432230419725     
  0.25709616209838343        1.2569657841092507     
  0.31264156338248622        1.3458129694243492     
  0.37951482899164635        1.4684674040934087     
  0.46065736128088758        1.6092691507824266     
  0.55924736126635322        1.7731492693820732     
  0.67897524277408394        2.0152109356656820     
  0.82441551550693815        2.0697156373141263     
   1.0009764843865627        2.0423296032128335     
   1.2153763263333666        1.8373054965988784     
   1.4765846423066622        1.3042000715628521     
   1.2566370614360001E-002  0.30889134030639082     
   1.7771531752634635E-002   1.2836194815093622     
   2.1765592370812048E-002   1.2082747689700220     
   2.5132741228720001E-002  0.77531130514577418     
   2.9562133651285849E-002  0.80689172202992632     
   3.8019517526813901E-002  0.93289872004039132     
   4.5116083860089251E-002   1.0701127643788331     
   5.5056809371101592E-002   1.0133688278015522     
   6.5848341545415051E-002   1.1881730454013009     
   7.9166690278415927E-002   1.0820104403707211     
   9.6964567215568481E-002   1.0397902446794109     
  0.11842995645747310       0.97829050991599786     
  0.14416104292042672        1.1013203515266614     
  0.17483851006932644        1.1838120652350010     
  0.21159335649904049        1.1462865331131991     
  0.25709616209838343        1.2888486472625635     
  0.31264156338248622        1.2725921762757844     
  0.37951482899164635        1.5058648254217391     
  0.46065736128088758        1.6116803353365259     
  0.55924736126635322        1.7017305350812777     
  0.67897524277408394        1.8283268741863812     
  0.82441551550693815        1.8952369363502788     
   1.0009764843865627        1.5164571827169409     
   1.2153763263333666       0.97394485711049450     
   1.4765846423066622      -0.45439774097327568     
   1.2566370614360001E-002   3.1708761973456023     
   1.7771531752634635E-002   1.6878693613928673     
   2.1765592370812048E-002   1.3994577745025718     
   2.5132741228720001E-002  0.55781846429282000     
   2.9562133651285849E-002   1.0959279806033848     
   3.8019517526813901E-002   1.5267423796889845     
   4.5116083860089251E-002  0.26848154159344978     
   5.5056809371101592E-002   1.1058136199724049     
   6.5848341545415051E-002  0.88472453142705920     
   7.9166690278415927E-002   1.0284040820276901     
   9.6964567215568481E-002   1.1106582777366740     
  0.11842995645747310        1.0458215098987116     
  0.14416104292042672       0.90770542137691757     
  0.17483851006932644       0.81798290252064410     
  0.21159335649904049        1.0006295376994059     
  0.25709616209838343       0.98241038469462738     
  0.31264156338248622        1.1237765681768419     
  0.37951482899164635        1.2582637579998952     
  0.46065736128088758        1.3594860648875344     
  0.55924736126635322        1.6450252379537200     
  0.67897524277408394        1.5510106294777715     
  0.82441551550693815        1.1407875008140826     
   1.0009764843865627       0.45330948011903432     
   1.2153763263333666      -0.37291089702941183     
   1.4765846423066622       -2.1115799391773349     
   1.2566370614360001E-002   5.1526224274829682     
   1.7771531752634635E-002 -0.11612809942657618     
   2.1765592370812048E-002   3.8369806193927762     
   2.5132741228720001E-002  0.63085104334001829     
   2.9562133651285849E-002   1.1059772136066850     
   3.8019517526813901E-002   1.0167759694156420     
   4.5116083860089251E-002   1.3361060627232080     
   5.5056809371101592E-002  0.86321347290915962     
   6.5848341545415051E-002   1.0671926041419979     
   7.9166690278415927E-002  0.51661915474178188     
   9.6964567215568481E-002   1.0840568585375685     
  0.11842995645747310       0.75529172722429050     
  0.14416104292042672       0.57853757675770434     
  0.17483851006932644       0.53758742332942144     
  0.21159335649904049       0.57960959467425421     
  0.25709616209838343       0.89451371279192704     
  0.31264156338248622       0.57080787976959091     
  0.37951482899164635        1.1269297809796028     
  0.46065736128088758        1.2171808153622043     
  0.55924736126635322        1.0258571967722150     
  0.67897524277408394        1.0546239210836457     
  0.82441551550693815       0.67695077953535643     
   1.0009764843865627      -0.29607600925882394     
   1.2153763263333666       -1.6442388881435712     
   1.4765846423066622       -2.8047773056083836     
   1.2566370614360001E-002  -3.8260319805003156     
   1.7771531752634635E-002  -3.6792816300400522     
   2.1765592370812048E-002  0.45171912409364950     
   2.5132741228720001E-002   4.6721547597898869     
   2.9562133651285849E-002  -1.1339385866799019     
   3.8019517526813901E-002  0.64141296943108905     
   4.5116083860089251E-002   1.2497699126253681     
   5.5056809371101592E-002  0.23711595790363654     
   6.5848341545415051E-002  0.98557590097890591     
   7.9166690278415927E-002   1.3851514071912236     
   9.6964567215568481E-002   1.1547261596140848     
  0.11842995645747310        1.0954962552457868     
  0.14416104292042672        1.3088157750569522     
  0.17483851006932644        1.2876695068911561     
  0.21159335649904049       0.61341341048158082     
  0.25709616209838343       0.32891437107249677     
  0.31264156338248622       0.78478571007161479     
  0.37951482899164635       0.89313974214693836     
  0.46065736128088758       0.49825015743807027     
  0.55924736126635322       0.82071515866316924     
  0.67897524277408394       0.62802074213218073     
  0.82441551550693815      -0.24921514981226417     
   1.0009764843865627      -0.96284413466859864     
   1.2153763263333666       -2.0283893077770800     
   1.4765846423066622       -2.0017584773941111     
   1.2566370614360001E-002   1.1971194312227478     
   1.7771531752634635E-002   1.1889695408001790     
   2.1765592370812048E-002  0.83882581894521946     
   2.5132741228720001E-002  0.88665141583182416     
   2.9562133651285849E-002   1.0129787613172665     
   3.8019517526813901E-002  0.98029577509728605     
   4.5116083860089251E-002   1.0617615448974489     
   5.5056809371101592E-002  0.98004963288693336     
   6.5848341545415051E-002   1.0409994778613658     
   7.9166690278415927E-002   1.0209999397091312     
   9.6964567215568481E-002   1.1111336067423665     
  0.11842995645747310        1.0653546697748790     
  0.14416104292042672        1.0961248649720263     
  0.17483851006932644        1.1242948883339279     
  0.21159335649904049        1.1588798218197969     
  0.25709616209838343        1.2074701040992599     
  0.31264156338248622        1.3045146510434380     
  0.37951482899164635        1.4106392789117683     
  0.46065736128088758        1.5372095243124042     
  0.55924736126635322        1.7262550830604668     
  0.67897524277408394        1.9201655250844765     
  0.82441551550693815        2.1271134690315687     
   1.0009764843865627        2.3120526584080179     
   1.2153763263333666        2.5225987017136249     
   1.4765846423066622        2.6759321794419870     
   1.2566370614360001E-002   1.1056941334462558     
   1.7771531752634635E-002   1.1371968265990031     
   2.1765592370812048E-002  0.76415755277715425     
   2.5132741228720001E-002  0.92922127464749738     
   2.9562133651285849E-002   1.0528596405928174     
   3.8019517526813901E-002   1.0930696873338828     
   4.5116083860089251E-002   1.0991428611017482     
   5.5056809371101592E-002  0.97257995433389222     
   6.5848341545415051E-002   1.0062940411665813     
   7.9166690278415927E-002   1.0453285567791466     
   9.6964567215568481E-002   1.1290790072029819     
  0.11842995645747310        1.0878834575365997     
  0.14416104292042672        1.1302507846463516     
  0.17483851006932644        1.1763768835617108     
  0.21159335649904049        1.2005297888985738     
  0.25709616209838343        1.2831169058106864     
  0.31264156338248622        1.3719893516825563     
  0.37951482899164635        1.4363393837003664     
  0.46065736128088758        1.5668246855350150     
  0.55924736126635322        1.7422312380558569     
  0.67897524277408394        1.8421993578935441     
  0.82441551550693815        1.8848141864840957     
   1.0009764843865627        1.9427898865688435     
   1.2153763263333666        1.9263298059853651     
   1.4765846423066622        2.0556514171880109     
   1.2566370614360001E-002   1.0136964110002133     
   1.7771531752634635E-002  0.96612113946680711     
   2.1765592370812048E-002  0.87803697201733633     
   2.5132741228720001E-002   1.1522752386173738     
   2.9562133651285849E-002   1.0849021971288528     
   3.8019517526813901E-002  0.94776868885904275     
   4.5116083860089251E-002   1.1572440087250815     
   5.5056809371101592E-002  0.94362000552092640     
   6.5848341545415051E-002  0.99570533139806006     
   7.9166690278415927E-002   1.0040480082889103     
   9.6964567215568481E-002   1.1220498342492009     
  0.11842995645747310       0.99037543871584410     
  0.14416104292042672        1.1099656035210015     
  0.17483851006932644        1.1198953506016540     
  0.21159335649904049        1.1357641815018409     
  0.25709616209838343        1.2233091714770836     
  0.31264156338248622        1.3020052000148492     
  0.37951482899164635        1.4039339855967470     
  0.46065736128088758        1.5112348817157597     
  0.55924736126635322        1.5731542529017093     
  0.67897524277408394        1.7172161408136151     
  0.82441551550693815        1.7928433462886828     
   1.0009764843865627        1.6357801415231354     
   1.2153763263333666        1.5954171409748990     
   1.4765846423066622        1.4950604798318177     
   1.2566370614360001E-002  0.17404875904229983     
   1.7771531752634635E-002   1.3586146128828902     
   2.1765592370812048E-002  0.75276270903830356     
   2.5132741228720001E-002   1.0764751734625140     
   2.9562133651285849E-002   1.1241301895606262     
   3.8019517526813901E-002  0.97298266713766501     
   4.5116083860089251E-002   1.1681554181450073     
   5.5056809371101592E-002   1.0655393392970707     
   6.5848341545415051E-002   1.0834414510884764     
   7.9166690278415927E-002   1.1526802648971470     
   9.6964567215568481E-002   1.1457088626777490     
  0.11842995645747310       0.96637906340080204     
  0.14416104292042672        1.0842838750766777     
  0.17483851006932644        1.1360278740621286     
  0.21159335649904049        1.1916718246746378     
  0.25709616209838343        1.1714291193359185     
  0.31264156338248622        1.2132780415255604     
  0.37951482899164635        1.3007843035009059     
  0.46065736128088758        1.3847991896649903     
  0.55924736126635322        1.4153704722043929     
  0.67897524277408394        1.4411083426537630     
  0.82441551550693815        1.3203035259455360     
   1.0009764843865627        1.0708559910696800     
   1.2153763263333666       0.87036990838313399     
   1.4765846423066622       0.35402181818040296     
   1.2566370614360001E-002  0.25713800823065180     
   1.7771531752634635E-002   1.2514845712707938     
   2.1765592370812048E-002   1.1635065115453012     
   2.5132741228720001E-002  0.82565562086552213     
   2.9562133651285849E-002  0.81576099051730122     
   3.8019517526813901E-002   1.0376251263488885     
   4.5116083860089251E-002  0.85898243656565887     
   5.5056809371101592E-002  0.98993154588751420     
   6.5848341545415051E-002   1.1643809028558056     
   7.9166690278415927E-002   1.1253928342217836     
   9.6964567215568481E-002   1.0848021480289747     
  0.11842995645747310       0.97477921587340033     
  0.14416104292042672       0.98887919962285420     
  0.17483851006932644        1.1428324391445426     
  0.21159335649904049        1.1169159756230607     
  0.25709616209838343        1.1021719123774822     
  0.31264156338248622        1.1137529003964608     
  0.37951482899164635        1.0347726290665746     
  0.46065736128088758        1.1019996516014063     
  0.55924736126635322        1.1133982123568555     
  0.67897524277408394        1.1995712802943990     
  0.82441551550693815       0.92701537331704187     
   1.0009764843865627       0.63415608765048925     
   1.2153763263333666       0.20915205260548153     
   1.4765846423066622      -0.91820897076233232     
   1.2566370614360001E-002   2.6888756405546221     
   1.7771531752634635E-002   1.9135080481946889     
   2.1765592370812048E-002   1.0327814503327273     
   2.5132741228720001E-002  0.49620122994118859     
   2.9562133651285849E-002   1.1147129390430626     
   3.8019517526813901E-002   1.4496125347831395     
   4.5116083860089251E-002  0.36199680240939736     
   5.5056809371101592E-002   1.1637653125274088     
   6.5848341545415051E-002  0.93214049799358401     
   7.9166690278415927E-002  0.90163901457805895     
   9.6964567215568481E-002   1.0749246279887310     
  0.11842995645747310       0.91018682728130940     
  0.14416104292042672       0.98185319438921259     
  0.17483851006932644       0.67204896040460338     
  0.21159335649904049       0.92092575642957575     
  0.25709616209838343       0.72816996220128949     
  0.31264156338248622       0.96495866227486338     
  0.37951482899164635        1.0092682762625675     
  0.46065736128088758       0.83095570351869952     
  0.55924736126635322       0.92398707424503190     
  0.67897524277408394        1.1281263667248214     
  0.82441551550693815       0.60115304410842352     
   1.0009764843865627      -0.24873899416260542     
   1.2153763263333666      -0.14223393106792359     
   1.4765846423066622       -1.0382612832726483     
   1.2566370614360001E-002   4.6532978870457411     
   1.7771531752634635E-002 -0.18366159218190733     
   2.1765592370812048E-002   3.3888240321981207     
   2.5132741228720001E-002  0.84306512643472675     
   2.9562133651285849E-002   1.3682690282240424     
   3.8019517526813901E-002  0.90602243660922221     
   4.5116083860089251E-002   1.3208418130112780     
   5.5056809371101592E-002  0.88826432843542003     
   6.5848341545415051E-002  0.88822389579890015     
   7.9166690278415927E-002  0.48745358087807528     
   9.6964567215568481E-002  0.79044810442427438     
  0.11842995645747310       0.47715307521588957     
  0.14416104292042672       0.61671261195050209     
  0.17483851006932644       0.44370568794930149     
  0.21159335649904049       0.61564206986772751     
  0.25709616209838343       0.84324354440516780     
  0.31264156338248622       0.23722890575372321     
  0.37951482899164635       0.94136308157607573     
  0.46065736128088758       0.72647760575147491     
  0.55924736126635322       0.53183942620287472     
  0.67897524277408394       0.12743223646637322     
  0.82441551550693815       -5.9492003522066822E-002
   1.0009764843865627      -0.52344239227001932     
   1.2153763263333666       -1.2494672086522518     
   1.4765846423066622      -0.80591350984575816     
   1.2566370614360001E-002  -4.2289587755950837     
   1.7771531752634635E-002  -2.8754871822566703     
   2.1765592370812048E-002  0.74670277354106107     
   2.5132741228720001E-002   3.9196024495837385     
   2.9562133651285849E-002 -0.74639873513409838     
   3.8019517526813901E-002  0.63457355570111529     
   4.5116083860089251E-002   1.0440956635459235     
   5.5056809371101592E-002  0.40433501187852089     
   6.5848341545415051E-002  0.93933461487434589     
   7.9166690278415927E-002   1.3735313572140235     
   9.6964567215568481E-002   1.1315711893580869     
  0.11842995645747310       0.90552230318733107     
  0.14416104292042672        1.1471756578373549     
  0.17483851006932644       0.85682205676059453     
  0.21159335649904049        1.3615890050325102E-002
  0.25709616209838343        7.7813269905624552E-002
  0.31264156338248622       0.24864075552222709     
  0.37951482899164635       0.27352541947790415     
  0.46065736128088758       -5.8169510076992531E-002
  0.55924736126635322      -0.16369821560334225     
  0.67897524277408394      -0.22961046948255981     
  0.82441551550693815      -0.84289281109973413     
   1.0009764843865627       0.80903436493054870     
   1.2153763263333666       -1.1080593107148387     
   1.4765846423066622       -1.8559108098033901     
   1.2566370614360001E-002   1.1932613841495845     
   1.7771531752634635E-002   1.0096814711798932     
   2.1765592370812048E-002  0.96114786435929522     
   2.5132741228720001E-002   1.1146171541559218     
   2.9562133651285849E-002   1.0731740984469746     
   3.8019517526813901E-002  0.89238942204157479     
   4.5116083860089251E-002   1.1172983799062697     
   5.5056809371101592E-002  0.95969751742981790     
   6.5848341545415051E-002   1.0158173225886560     
   7.9166690278415927E-002  0.98949360022096855     
   9.6964567215568481E-002   1.1275448081714765     
  0.11842995645747310        1.0102804654917705     
  0.14416104292042672        1.0897904820768689     
  0.17483851006932644        1.1132976480691712     
  0.21159335649904049        1.1617141622722305     
  0.25709616209838343        1.1913367750283224     
  0.31264156338248622        1.3260178417304695     
  0.37951482899164635        1.4110719181211622     
  0.46065736128088758        1.5568678905054376     
  0.55924736126635322        1.7162337602758855     
  0.67897524277408394        1.9057803745052688     
  0.82441551550693815        2.0663245550025531     
   1.0009764843865627        2.2297276290663230     
   1.2153763263333666        2.2988536957931722     
   1.4765846423066622        2.1957561149454863     
   1.2566370614360001E-002   1.0136964110002133     
   1.7771531752634635E-002  0.96612113946680711     
   2.1765592370812048E-002  0.87803697201733633     
   2.5132741228720001E-002   1.1522752386173738     
   2.9562133651285849E-002   1.0849021971288528     
   3.8019517526813901E-002  0.94776868885904275     
   4.5116083860089251E-002   1.1572440087250815     
   5.5056809371101592E-002  0.94362000552092640     
   6.5848341545415051E-002  0.99570533139806006     
   7.9166690278415927E-002   1.0040480082889103     
   9.6964567215568481E-002   1.1220498342492009     
  0.11842995645747310       0.99037543871584410     
  0.14416104292042672        1.1099656035210015     
  0.17483851006932644        1.1198953506016540     
  0.21159335649904049        1.1357641815018409     
  0.25709616209838343        1.2233091714770836     
  0.31264156338248622        1.3020052000148492     
  0.37951482899164635        1.4039339855967470     
  0.46065736128088758        1.5112348817157597     
  0.55924736126635322        1.5731542529017093     
  0.67897524277408394        1.7172161408136151     
  0.82441551550693815        1.7928433462886828     
   1.0009764843865627        1.6357801415231354     
   1.2153763263333666        1.5954171409748990     
   1.4765846423066622        1.4950604798318177     
   1.2566370614360001E-002  0.98864387904731499     
   1.7771531752634635E-002  0.84910770924802503     
   2.1765592370812048E-002   1.0198239771521576     
   2.5132741228720001E-002   1.5735721913611513     
   2.9562133651285849E-002   1.2154509453289517     
   3.8019517526813901E-002  0.80578228057323675     
   4.5116083860089251E-002   1.1770003725391924     
   5.5056809371101592E-002  0.90136226412744513     
   6.5848341545415051E-002   1.0000903787365514     
   7.9166690278415927E-002   1.0109537038655296     
   9.6964567215568481E-002   1.1876103912548057     
  0.11842995645747310        1.1018006384859280     
  0.14416104292042672        1.1255362321530689     
  0.17483851006932644        1.1158929055200246     
  0.21159335649904049        1.2416988753993401     
  0.25709616209838343        1.1658699382545346     
  0.31264156338248622        1.3511926271281998     
  0.37951482899164635        1.4935189943192246     
  0.46065736128088758        1.4116600337938980     
  0.55924736126635322        1.5130662265645805     
  0.67897524277408394        1.3691708509170213     
  0.82441551550693815        1.2560490364565717     
   1.0009764843865627       0.93305579423795038     
   1.2153763263333666       0.95340685535512126     
   1.4765846423066622       0.97475850734757929     
   1.2566370614360001E-002  0.48654543814309648     
   1.7771531752634635E-002  0.88949184221656508     
   2.1765592370812048E-002  0.99616657289799160     
   2.5132741228720001E-002   1.4292633083154949     
   2.9562133651285849E-002   1.1446448323598968     
   3.8019517526813901E-002   1.1832966055799234     
   4.5116083860089251E-002   1.2963452769105563     
   5.5056809371101592E-002   1.1459926800057207     
   6.5848341545415051E-002   1.1690465573393980     
   7.9166690278415927E-002   1.1915697860390941     
   9.6964567215568481E-002   1.2811391505207728     
  0.11842995645747310        1.1483856533089669     
  0.14416104292042672        1.3004801631421303     
  0.17483851006932644        1.2704961350996431     
  0.21159335649904049        1.4330761259640121     
  0.25709616209838343        1.5042919730842759     
  0.31264156338248622        1.6114334009323317     
  0.37951482899164635        1.5666202635908133     
  0.46065736128088758        1.7119077159786704     
  0.55924736126635322        1.8284722720446949     
  0.67897524277408394        2.0230153582340051     
  0.82441551550693815        1.8660820577405850     
   1.0009764843865627        1.5245091790982217     
   1.2153763263333666       0.76045709741805290     
   1.4765846423066622       0.43261005692302790     
   1.2566370614360001E-002  0.82057003695004260     
   1.7771531752634635E-002   1.0652314147136659     
   2.1765592370812048E-002  0.99073685175109705     
   2.5132741228720001E-002  0.91386108977227942     
   2.9562133651285849E-002  0.86280815787966991     
   3.8019517526813901E-002  0.82965450543588493     
   4.5116083860089251E-002  0.89974620115819115     
   5.5056809371101592E-002   1.0073784486579764     
   6.5848341545415051E-002   1.1785610018226471     
   7.9166690278415927E-002   1.1278500997768799     
   9.6964567215568481E-002   1.1018837756356601     
  0.11842995645747310        1.0126603519297053     
  0.14416104292042672        1.1315598238664382     
  0.17483851006932644        1.1927870135739924     
  0.21159335649904049        1.3406889840962160     
  0.25709616209838343        1.3141961264540254     
  0.31264156338248622        1.3064130676779762     
  0.37951482899164635        1.5246593726967275     
  0.46065736128088758        1.3825080796177711     
  0.55924736126635322        1.3455796980343673     
  0.67897524277408394        1.1835587537538383     
  0.82441551550693815        1.1966393820552068     
   1.0009764843865627       0.25092399782614760     
   1.2153763263333666        1.9917751596273986E-002
   1.4765846423066622      -0.52287786537782310     
   1.2566370614360001E-002   3.1975932263521245     
   1.7771531752634635E-002   1.6767457219097901     
   2.1765592370812048E-002   1.5764690482397654     
   2.5132741228720001E-002  0.70536314659490906     
   2.9562133651285849E-002   1.2081423070990533     
   3.8019517526813901E-002   1.3409617132139922     
   4.5116083860089251E-002  0.24556366071765987     
   5.5056809371101592E-002  0.90145088003675178     
   6.5848341545415051E-002  0.88549599727904138     
   7.9166690278415927E-002  0.96961760283460352     
   9.6964567215568481E-002   1.0661285295829019     
  0.11842995645747310       0.79990599343290725     
  0.14416104292042672       0.97127610971149003     
  0.17483851006932644       0.85136852721816192     
  0.21159335649904049       0.80252280178076185     
  0.25709616209838343        1.1411051225617035     
  0.31264156338248622        1.0872172629671564     
  0.37951482899164635        1.0580321948898905     
  0.46065736128088758       0.76891824779771312     
  0.55924736126635322       0.46304448789491881     
  0.67897524277408394       0.38271850941840335     
  0.82441551550693815       0.25109166182846260     
   1.0009764843865627      -0.20692332443937708     
   1.2153763263333666      -0.26937204626959549     
   1.4765846423066622      -0.98321815333331541     
   1.2566370614360001E-002   4.9195801910638064     
   1.7771531752634635E-002 -0.67412889672945930     
   2.1765592370812048E-002   3.5276210596804880     
   2.5132741228720001E-002  0.20446282931534246     
   2.9562133651285849E-002   1.4802776740111496     
   3.8019517526813901E-002  0.88941215666649232     
   4.5116083860089251E-002   1.4270850426942165     
   5.5056809371101592E-002  0.79881550746687269     
   6.5848341545415051E-002  0.45625162497376232     
   7.9166690278415927E-002  0.83499182054825316     
   9.6964567215568481E-002  0.65450948404604170     
  0.11842995645747310       0.41950011294543943     
  0.14416104292042672       0.24101292601399460     
  0.17483851006932644       0.28583821139996618     
  0.21159335649904049       0.13844029591442852     
  0.25709616209838343       0.65524300985880790     
  0.31264156338248622       0.47056982747645498     
  0.37951482899164635       0.66273688876439873     
  0.46065736128088758       0.47060390961287263     
  0.55924736126635322        8.3977409892493828E-003
  0.67897524277408394       0.46826811759009529     
  0.82441551550693815        1.3819353157601726     
   1.0009764843865627       -1.2419942776549399E-002
   1.2153763263333666       -1.4434115562324428     
   1.4765846423066622       -1.6675483087010896     
   1.2566370614360001E-002  -7.3252767794671438     
   1.7771531752634635E-002  -1.9299853494069568     
   2.1765592370812048E-002  0.87501831195899871     
   2.5132741228720001E-002   7.4056549923487518     
   2.9562133651285849E-002  -1.0694927937609124     
   3.8019517526813901E-002  0.27021878307400915     
   4.5116083860089251E-002  0.72461659077672480     
   5.5056809371101592E-002  0.37758164580439102     
   6.5848341545415051E-002   1.0636740951075139     
   7.9166690278415927E-002   1.2757953610233956     
   9.6964567215568481E-002   1.6346219087528704     
  0.11842995645747310        1.0491761582439831     
  0.14416104292042672        1.6750842843112206     
  0.17483851006932644       0.88754116535589267     
  0.21159335649904049       0.42675426351987517     
  0.25709616209838343       0.49031682034751917     
  0.31264156338248622        1.2367478292611294     
  0.37951482899164635       0.93818183282814671     
  0.46065736128088758      -0.31516322140989395     
  0.55924736126635322       0.32443757923574545     
  0.67897524277408394       0.70334273556298343     
  0.82441551550693815        3.0941167340459557     
   1.0009764843865627        1.7167940858918034     
   1.2153763263333666       -4.4797296780276366     
   1.4765846423066622       -3.1182294100923889     
   1.2566370614360001E-002  0.45362997290194484     
   1.7771531752634635E-002   1.4479050415827295     
   2.1765592370812048E-002  0.88762122059524950     
   2.5132741228720001E-002  0.98800822380639897     
   2.9562133651285849E-002   1.0285047046463387     
   3.8019517526813901E-002   1.0834934191907237     
   4.5116083860089251E-002   1.1215799003404758     
   5.5056809371101592E-002   1.0971216403448452     
   6.5848341545415051E-002   1.0498333713565688     
   7.9166690278415927E-002   1.1004470300117457     
   9.6964567215568481E-002   1.0934438198035235     
  0.11842995645747310       0.99078802856375436     
  0.14416104292042672        1.1238389623505680     
  0.17483851006932644        1.1233960318092340     
  0.21159335649904049        1.1787432230419725     
  0.25709616209838343        1.2569657841092507     
  0.31264156338248622        1.3458129694243492     
  0.37951482899164635        1.4684674040934087     
  0.46065736128088758        1.6092691507824266     
  0.55924736126635322        1.7731492693820732     
  0.67897524277408394        2.0152109356656820     
  0.82441551550693815        2.0697156373141263     
   1.0009764843865627        2.0423296032128335     
   1.2153763263333666        1.8373054965988784     
   1.4765846423066622        1.3042000715628521     
   1.2566370614360001E-002  0.17404875904229983     
   1.7771531752634635E-002   1.3586146128828902     
   2.1765592370812048E-002  0.75276270903830356     
   2.5132741228720001E-002   1.0764751734625140     
   2.9562133651285849E-002   1.1241301895606262     
   3.8019517526813901E-002  0.97298266713766501     
   4.5116083860089251E-002   1.1681554181450073     
   5.5056809371101592E-002   1.0655393392970707     
   6.5848341545415051E-002   1.0834414510884764     
   7.9166690278415927E-002   1.1526802648971470     
   9.6964567215568481E-002   1.1457088626777490     
  0.11842995645747310       0.96637906340080204     
  0.14416104292042672        1.0842838750766777     
  0.17483851006932644        1.1360278740621286     
  0.21159335649904049        1.1916718246746378     
  0.25709616209838343        1.1714291193359185     
  0.31264156338248622        1.2132780415255604     
  0.37951482899164635        1.3007843035009059     
  0.46065736128088758        1.3847991896649903     
  0.55924736126635322        1.4153704722043929     
  0.67897524277408394        1.4411083426537630     
  0.82441551550693815        1.3203035259455360     
   1.0009764843865627        1.0708559910696800     
   1.2153763263333666       0.87036990838313399     
   1.4765846423066622       0.35402181818040296     
   1.2566370614360001E-002  0.48654543814309648     
   1.7771531752634635E-002  0.88949184221656508     
   2.1765592370812048E-002  0.99616657289799160     
   2.5132741228720001E-002   1.4292633083154949     
   2.9562133651285849E-002   1.1446448323598968     
   3.8019517526813901E-002   1.1832966055799234     
   4.5116083860089251E-002   1.2963452769105563     
   5.5056809371101592E-002   1.1459926800057207     
   6.5848341545415051E-002   1.1690465573393980     
   7.9166690278415927E-002   1.1915697860390941     
   9.6964567215568481E-002   1.2811391505207728     
  0.11842995645747310        1.1483856533089669     
  0.14416104292042672        1.3004801631421303     
  0.17483851006932644        1.2704961350996431     
  0.21159335649904049        1.4330761259640121     
  0.25709616209838343        1.5042919730842759     
  0.31264156338248622        1.6114334009323317     
  0.37951482899164635        1.5666202635908133     
  0.46065736128088758        1.7119077159786704     
  0.55924736126635322        1.8284722720446949     
  0.67897524277408394        2.0230153582340051     
  0.82441551550693815        1.8660820577405850     
   1.0009764843865627        1.5245091790982217     
   1.2153763263333666       0.76045709741805290     
   1.4765846423066622       0.43261005692302790     
   1.2566370614360001E-002  -4.8828713124451570E-002
   1.7771531752634635E-002   1.9184105078471159     
   2.1765592370812048E-002  0.81205284841314584     
   2.5132741228720001E-002   1.0131018475839857     
   2.9562133651285849E-002  0.67087778964316047     
   3.8019517526813901E-002   1.2931090134858392     
   4.5116083860089251E-002   1.0112993888788557     
   5.5056809371101592E-002  0.99072971867771764     
   6.5848341545415051E-002   1.0040225602801489     
   7.9166690278415927E-002  0.98224173057293129     
   9.6964567215568481E-002   1.0295176713253340     
  0.11842995645747310       0.88507393634468845     
  0.14416104292042672       0.96443665427591518     
  0.17483851006932644        1.3182918535849162     
  0.21159335649904049        1.3794823793795288     
  0.25709616209838343        1.2558187853607445     
  0.31264156338248622        1.1874242159208954     
  0.37951482899164635        1.1105431710228377     
  0.46065736128088758        1.1171281461192946     
  0.55924736126635322       0.81740390523839856     
  0.67897524277408394       0.75938725350459524     
  0.82441551550693815        8.3653635613492497E-002
   1.0009764843865627       0.58424700898818571     
   1.2153763263333666        1.0494591264397224     
   1.4765846423066622        2.1577562144797842     
   1.2566370614360001E-002  0.83174517646593027     
   1.7771531752634635E-002   1.3044220441127712     
   2.1765592370812048E-002   1.0478086689294046     
   2.5132741228720001E-002   1.4677454501703271     
   2.9562133651285849E-002  0.72098797552787974     
   3.8019517526813901E-002  0.91489143211091339     
   4.5116083860089251E-002  0.89603638085709636     
   5.5056809371101592E-002  0.90058031903576619     
   6.5848341545415051E-002   1.1749250075817586     
   7.9166690278415927E-002   1.0446844933987116     
   9.6964567215568481E-002   1.3086985840801595     
  0.11842995645747310       0.97586707285756347     
  0.14416104292042672        1.4073369353819210     
  0.17483851006932644        1.2507082833603835     
  0.21159335649904049        1.3556115314086425     
  0.25709616209838343        1.3857953373239518     
  0.31264156338248622        1.1336036630766237     
  0.37951482899164635        1.4312329002802808     
  0.46065736128088758        1.2003706349881920     
  0.55924736126635322        1.0840261049111706     
  0.67897524277408394       0.56116804073941851     
  0.82441551550693815       0.67214494453090978     
   1.0009764843865627       0.33343689314153141     
   1.2153763263333666       0.26725525344157069     
   1.4765846423066622       0.17610010015064398     
   1.2566370614360001E-002   1.2525685654028282     
   1.7771531752634635E-002  0.44610333530966612     
   2.1765592370812048E-002   1.5040336335388762     
   2.5132741228720001E-002  0.59952491274430442     
   2.9562133651285849E-002   1.6315338483279096     
   3.8019517526813901E-002   1.8195038409642033     
   4.5116083860089251E-002   4.2727308536970016E-002
   5.5056809371101592E-002   1.3455426014300296     
   6.5848341545415051E-002   1.0428063564098695     
   7.9166690278415927E-002  0.92370406482667522     
   9.6964567215568481E-002   1.1354045288096850     
  0.11842995645747310        1.4650094044852442     
  0.14416104292042672        1.3327300295661901     
  0.17483851006932644       0.63193060735642714     
  0.21159335649904049        1.2311722555579723     
  0.25709616209838343        1.2165060240197774     
  0.31264156338248622       0.86728568096332159     
  0.37951482899164635        1.0886477710015425     
  0.46065736128088758        1.6260440930023434     
  0.55924736126635322        1.3354972751477039     
  0.67897524277408394        1.8152334701460928     
  0.82441551550693815        1.1463633384314982     
   1.0009764843865627       -2.9451420159938489E-002
   1.2153763263333666      -0.66918842488220631     
   1.4765846423066622       -1.1067340695086152     
   1.2566370614360001E-002   1.0814752706953603     
   1.7771531752634635E-002  0.97479315129813471     
   2.1765592370812048E-002   3.8231828093231726     
   2.5132741228720001E-002   1.1217959563500999     
   2.9562133651285849E-002  0.68713115739238517     
   3.8019517526813901E-002   1.7346335624928115     
   4.5116083860089251E-002   1.5263132165472326     
   5.5056809371101592E-002  0.96584543718399751     
   6.5848341545415051E-002  0.70076403794612252     
   7.9166690278415927E-002  0.41323542209108127     
   9.6964567215568481E-002  0.66308379798877048     
  0.11842995645747310       0.44606674732871726     
  0.14416104292042672      -0.13454475184273329     
  0.17483851006932644       0.46372783605923540     
  0.21159335649904049        7.3924183878287447E-002
  0.25709616209838343        5.8367518470836939E-002
  0.31264156338248622       0.51184174535185278     
  0.37951482899164635       0.87816416828162125     
  0.46065736128088758       0.93947432202932390     
  0.55924736126635322       0.58713206690705277     
  0.67897524277408394      -0.52861055071806928     
  0.82441551550693815       0.23921259892232447     
   1.0009764843865627        1.3940834176559673     
   1.2153763263333666      -0.54802339905438968     
   1.4765846423066622       -1.1198005314990775     
   1.2566370614360001E-002 -0.41243823631602444     
   1.7771531752634635E-002  -2.2659838569578041     
   2.1765592370812048E-002 -0.62876070831594388     
   2.5132741228720001E-002   2.3892310511582320     
   2.9562133651285849E-002 -0.11408222855918476     
   3.8019517526813901E-002   1.3504869201264134     
   4.5116083860089251E-002  0.82460829013417491     
   5.5056809371101592E-002  0.81263220231205535     
   6.5848341545415051E-002  0.92234240670361389     
   7.9166690278415927E-002  0.85715413590776357     
   9.6964567215568481E-002   1.2939656220164231     
  0.11842995645747310       0.97609340040337556     
  0.14416104292042672        1.0248850529205293     
  0.17483851006932644        1.0400080317883045     
  0.21159335649904049        1.4449410262686311     
  0.25709616209838343        1.3010635522439851     
  0.31264156338248622        1.0991613206653605     
  0.37951482899164635        1.0848455194490760     
  0.46065736128088758       0.70431747025280700     
  0.55924736126635322       0.64021856703940205     
  0.67897524277408394        1.1786792945640507     
  0.82441551550693815       -1.2922005494714921     
   1.0009764843865627      -0.72523696498300483     
   1.2153763263333666        1.8250983869695130     
   1.4765846423066622       -1.3496721919793080     
   1.2566370614360001E-002  0.30889134030639082     
   1.7771531752634635E-002   1.2836194815093622     
   2.1765592370812048E-002   1.2082747689700220     
   2.5132741228720001E-002  0.77531130514577418     
   2.9562133651285849E-002  0.80689172202992632     
   3.8019517526813901E-002  0.93289872004039132     
   4.5116083860089251E-002   1.0701127643788331     
   5.5056809371101592E-002   1.0133688278015522     
   6.5848341545415051E-002   1.1881730454013009     
   7.9166690278415927E-002   1.0820104403707211     
   9.6964567215568481E-002   1.0397902446794109     
  0.11842995645747310       0.97829050991599786     
  0.14416104292042672        1.1013203515266614     
  0.17483851006932644        1.1838120652350010     
  0.21159335649904049        1.1462865331131991     
  0.25709616209838343        1.2888486472625635     
  0.31264156338248622        1.2725921762757844     
  0.37951482899164635        1.5058648254217391     
  0.46065736128088758        1.6116803353365259     
  0.55924736126635322        1.7017305350812777     
  0.67897524277408394        1.8283268741863812     
  0.82441551550693815        1.8952369363502788     
   1.0009764843865627        1.5164571827169409     
   1.2153763263333666       0.97394485711049450     
   1.4765846423066622      -0.45439774097327568     
   1.2566370614360001E-002  0.25713800823065180     
   1.7771531752634635E-002   1.2514845712707938     
   2.1765592370812048E-002   1.1635065115453012     
   2.5132741228720001E-002  0.82565562086552213     
   2.9562133651285849E-002  0.81576099051730122     
   3.8019517526813901E-002   1.0376251263488885     
   4.5116083860089251E-002  0.85898243656565887     
   5.5056809371101592E-002  0.98993154588751420     
   6.5848341545415051E-002   1.1643809028558056     
   7.9166690278415927E-002   1.1253928342217836     
   9.6964567215568481E-002   1.0848021480289747     
  0.11842995645747310       0.97477921587340033     
  0.14416104292042672       0.98887919962285420     
  0.17483851006932644        1.1428324391445426     
  0.21159335649904049        1.1169159756230607     
  0.25709616209838343        1.1021719123774822     
  0.31264156338248622        1.1137529003964608     
  0.37951482899164635        1.0347726290665746     
  0.46065736128088758        1.1019996516014063     
  0.55924736126635322        1.1133982123568555     
  0.67897524277408394        1.1995712802943990     
  0.82441551550693815       0.92701537331704187     
   1.0009764843865627       0.63415608765048925     
   1.2153763263333666       0.20915205260548153     
   1.4765846423066622      -0.91820897076233232     
   1.2566370614360001E-002  0.82057003695004260     
   1.7771531752634635E-002   1.0652314147136659     
   2.1765592370812048E-002  0.99073685175109705     
   2.5132741228720001E-002  0.91386108977227942     
   2.9562133651285849E-002  0.86280815787966991     
   3.8019517526813901E-002  0.82965450543588493     
   4.5116083860089251E-002  0.89974620115819115     
   5.5056809371101592E-002   1.0073784486579764     
   6.5848341545415051E-002   1.1785610018226471     
   7.9166690278415927E-002   1.1278500997768799     
   9.6964567215568481E-002   1.1018837756356601     
  0.11842995645747310        1.0126603519297053     
  0.14416104292042672        1.1315598238664382     
  0.17483851006932644        1.1927870135739924     
  0.21159335649904049        1.3406889840962160     
  0.25709616209838343        1.3141961264540254     
  0.31264156338248622        1.3064130676779762     
  0.37951482899164635        1.5246593726967275     
  0.46065736128088758        1.3825080796177711     
  0.55924736126635322        1.3455796980343673     
  0.67897524277408394        1.1835587537538383     
  0.82441551550693815        1.1966393820552068     
   1.0009764843865627       0.25092399782614760     
   1.2153763263333666        1.9917751596273986E-002
   1.4765846423066622      -0.52287786537782310     
   1.2566370614360001E-002  0.83174517646593027     
   1.7771531752634635E-002   1.3044220441127712     
   2.1765592370812048E-002   1.0478086689294046     
   2.5132741228720001E-002   1.4677454501703271     
   2.9562133651285849E-002  0.72098797552787974     
   3.8019517526813901E-002  0.91489143211091339     
   4.5116083860089251E-002  0.89603638085709636     
   5.5056809371101592E-002  0.90058031903576619     
   6.5848341545415051E-002   1.1749250075817586     
   7.9166690278415927E-002   1.0446844933987116     
   9.6964567215568481E-002   1.3086985840801595     
  0.11842995645747310       0.97586707285756347     
  0.14416104292042672        1.4073369353819210     
  0.17483851006932644        1.2507082833603835     
  0.21159335649904049        1.3556115314086425     
  0.25709616209838343        1.3857953373239518     
  0.31264156338248622        1.1336036630766237     
  0.37951482899164635        1.4312329002802808     
  0.46065736128088758        1.2003706349881920     
  0.55924736126635322        1.0840261049111706     
  0.67897524277408394       0.56116804073941851     
  0.82441551550693815       0.67214494453090978     
   1.0009764843865627       0.33343689314153141     
   1.2153763263333666       0.26725525344157069     
   1.4765846423066622       0.17610010015064398     
   1.2566370614360001E-002   1.3379544558562513     
   1.7771531752634635E-002   1.9132450122327829     
   2.1765592370812048E-002   2.2036812537668342     
   2.5132741228720001E-002  0.76904103443802041     
   2.9562133651285849E-002  0.40478053786399293     
   3.8019517526813901E-002   5.6300096853210510E-002
   4.5116083860089251E-002   1.1837210010479167     
   5.5056809371101592E-002  0.58830346823658208     
   6.5848341545415051E-002   1.2954303616575387     
   7.9166690278415927E-002   1.6216361733379565     
   9.6964567215568481E-002   1.3564894753310155     
  0.11842995645747310       0.89498662528176987     
  0.14416104292042672        1.7082598927329995     
  0.17483851006932644        1.1118192304554089     
  0.21159335649904049        1.2919826364937899     
  0.25709616209838343        1.7176022627499732     
  0.31264156338248622        1.6094800294038831     
  0.37951482899164635        1.4566754400413313     
  0.46065736128088758        1.6103880013527729     
  0.55924736126635322        1.5585621430584302     
  0.67897524277408394        1.0073429143141726     
  0.82441551550693815       -9.4294733320313379E-002
   1.0009764843865627       -1.6217963436474834     
   1.2153763263333666      -0.92603514547612631     
   1.4765846423066622        5.9792724655843168     
   1.2566370614360001E-002  0.91255342139404028     
   1.7771531752634635E-002   2.6672927384989866     
   2.1765592370812048E-002  0.27286537052352283     
   2.5132741228720001E-002  0.41413947196616357     
   2.9562133651285849E-002  0.56704956815189367     
   3.8019517526813901E-002  0.28122090807348576     
   4.5116083860089251E-002  0.36624856316493520     
   5.5056809371101592E-002   1.5332588133788470     
   6.5848341545415051E-002   1.4752399116202815     
   7.9166690278415927E-002   1.2432025237026010     
   9.6964567215568481E-002  0.69245464507578580     
  0.11842995645747310       0.44096197549740440     
  0.14416104292042672       0.62361748286636098     
  0.17483851006932644       0.60793259972210612     
  0.21159335649904049       0.76087007938037721     
  0.25709616209838343        1.2227368639854748     
  0.31264156338248622        1.1180373831389812     
  0.37951482899164635       0.29462260892841780     
  0.46065736128088758       0.74974496332912599     
  0.55924736126635322       0.70175191541863680     
  0.67897524277408394        2.4732630121492050     
  0.82441551550693815       0.13356500184846248     
   1.0009764843865627        1.5470976940206800     
   1.2153763263333666       -2.4712196087808347     
   1.4765846423066622       -2.8794759029290571     
   1.2566370614360001E-002   2.3580338672259016     
   1.7771531752634635E-002  -2.2132607049982642     
   2.1765592370812048E-002   3.4157077181928770     
   2.5132741228720001E-002   1.9182841695411086     
   2.9562133651285849E-002  0.62322466535899168     
   3.8019517526813901E-002 -0.57927965071994525     
   4.5116083860089251E-002  0.75161656862845116     
   5.5056809371101592E-002  0.53810501792746646     
   6.5848341545415051E-002   1.4686270958536998     
   7.9166690278415927E-002  0.32990654225833377     
   9.6964567215568481E-002  0.56298889343620140     
  0.11842995645747310        1.2082963226411145     
  0.14416104292042672       0.45257151528198553     
  0.17483851006932644        1.9376780635065649     
  0.21159335649904049        1.1332447047600283     
  0.25709616209838343        2.3030035069148309     
  0.31264156338248622       0.54653996072716637     
  0.37951482899164635        2.5068642645219286     
  0.46065736128088758        1.9208798481401317     
  0.55924736126635322       0.71999143427791734     
  0.67897524277408394       -2.1191449224978305     
  0.82441551550693815       -8.3681824890059361E-002
   1.0009764843865627        3.2146531719499571     
   1.2153763263333666      -0.75510953671340075     
   1.4765846423066622       -4.7803701395274283     
   1.2566370614360001E-002  -4.6820032170257457     
   1.7771531752634635E-002  -4.2334842487217115     
   2.1765592370812048E-002  -4.4016427417940596E-002
   2.5132741228720001E-002   1.2537388105714948     
   2.9562133651285849E-002 -0.38603752511582440     
   3.8019517526813901E-002  0.48597772768656050     
   4.5116083860089251E-002  0.52767630637618057     
   5.5056809371101592E-002 -0.29441944775133916     
   6.5848341545415051E-002  -5.0515670223535557E-002
   7.9166690278415927E-002   1.4670548654673496     
   9.6964567215568481E-002  0.73764603049461586     
  0.11842995645747310      -0.11095192092732932     
  0.14416104292042672       0.90498796791222658     
  0.17483851006932644       0.68747454319161128     
  0.21159335649904049       0.36848473536297677     
  0.25709616209838343      -0.28556090323388805     
  0.31264156338248622       0.13478030318196962     
  0.37951482899164635       0.73818978471467833     
  0.46065736128088758        1.0899619728152825     
  0.55924736126635322        2.5423923526628083     
  0.67897524277408394       0.21937005594120801     
  0.82441551550693815       -1.6301154349193558     
   1.0009764843865627       -2.2383531469882283     
   1.2153763263333666      -0.23878197848068375     
   1.4765846423066622       -3.1726672623133729     
   1.2566370614360001E-002   3.1708761973456023     
   1.7771531752634635E-002   1.6878693613928673     
   2.1765592370812048E-002   1.3994577745025718     
   2.5132741228720001E-002  0.55781846429282000     
   2.9562133651285849E-002   1.0959279806033848     
   3.8019517526813901E-002   1.5267423796889845     
   4.5116083860089251E-002  0.26848154159344978     
   5.5056809371101592E-002   1.1058136199724049     
   6.5848341545415051E-002  0.88472453142705920     
   7.9166690278415927E-002   1.0284040820276901     
   9.6964567215568481E-002   1.1106582777366740     
  0.11842995645747310        1.0458215098987116     
  0.14416104292042672       0.90770542137691757     
  0.17483851006932644       0.81798290252064410     
  0.21159335649904049        1.0006295376994059     
  0.25709616209838343       0.98241038469462738     
  0.31264156338248622        1.1237765681768419     
  0.37951482899164635        1.2582637579998952     
  0.46065736128088758        1.3594860648875344     
  0.55924736126635322        1.6450252379537200     
  0.67897524277408394        1.5510106294777715     
  0.82441551550693815        1.1407875008140826     
   1.0009764843865627       0.45330948011903432     
   1.2153763263333666      -0.37291089702941183     
   1.4765846423066622       -2.1115799391773349     
   1.2566370614360001E-002   2.6888756405546221     
   1.7771531752634635E-002   1.9135080481946889     
   2.1765592370812048E-002   1.0327814503327273     
   2.5132741228720001E-002  0.49620122994118859     
   2.9562133651285849E-002   1.1147129390430626     
   3.8019517526813901E-002   1.4496125347831395     
   4.5116083860089251E-002  0.36199680240939736     
   5.5056809371101592E-002   1.1637653125274088     
   6.5848341545415051E-002  0.93214049799358401     
   7.9166690278415927E-002  0.90163901457805895     
   9.6964567215568481E-002   1.0749246279887310     
  0.11842995645747310       0.91018682728130940     
  0.14416104292042672       0.98185319438921259     
  0.17483851006932644       0.67204896040460338     
  0.21159335649904049       0.92092575642957575     
  0.25709616209838343       0.72816996220128949     
  0.31264156338248622       0.96495866227486338     
  0.37951482899164635        1.0092682762625675     
  0.46065736128088758       0.83095570351869952     
  0.55924736126635322       0.92398707424503190     
  0.67897524277408394        1.1281263667248214     
  0.82441551550693815       0.60115304410842352     
   1.0009764843865627      -0.24873899416260542     
   1.2153763263333666      -0.14223393106792359     
   1.4765846423066622       -1.0382612832726483     
   1.2566370614360001E-002   3.1975932263521245     
   1.7771531752634635E-002   1.6767457219097901     
   2.1765592370812048E-002   1.5764690482397654     
   2.5132741228720001E-002  0.70536314659490906     
   2.9562133651285849E-002   1.2081423070990533     
   3.8019517526813901E-002   1.3409617132139922     
   4.5116083860089251E-002  0.24556366071765987     
   5.5056809371101592E-002  0.90145088003675178     
   6.5848341545415051E-002  0.88549599727904138     
   7.9166690278415927E-002  0.96961760283460352     
   9.6964567215568481E-002   1.0661285295829019     
  0.11842995645747310       0.79990599343290725     
  0.14416104292042672       0.97127610971149003     
  0.17483851006932644       0.85136852721816192     
  0.21159335649904049       0.80252280178076185     
  0.25709616209838343        1.1411051225617035     
  0.31264156338248622        1.0872172629671564     
  0.37951482899164635        1.0580321948898905     
  0.46065736128088758       0.76891824779771312     
  0.55924736126635322       0.46304448789491881     
  0.67897524277408394       0.38271850941840335     
  0.82441551550693815       0.25109166182846260     
   1.0009764843865627      -0.20692332443937708     
   1.2153763263333666      -0.26937204626959549     
   1.4765846423066622      -0.98321815333331541     
   1.2566370614360001E-002   1.2525685654028282     
   1.7771531752634635E-002  0.44610333530966612     
   2.1765592370812048E-002   1.5040336335388762     
   2.5132741228720001E-002  0.59952491274430442     
   2.9562133651285849E-002   1.6315338483279096     
   3.8019517526813901E-002   1.8195038409642033     
   4.5116083860089251E-002   4.2727308536970016E-002
   5.5056809371101592E-002   1.3455426014300296     
   6.5848341545415051E-002   1.0428063564098695     
   7.9166690278415927E-002  0.92370406482667522     
   9.6964567215568481E-002   1.1354045288096850     
  0.11842995645747310        1.4650094044852442     
  0.14416104292042672        1.3327300295661901     
  0.17483851006932644       0.63193060735642714     
  0.21159335649904049        1.2311722555579723     
  0.25709616209838343        1.2165060240197774     
  0.31264156338248622       0.86728568096332159     
  0.37951482899164635        1.0886477710015425     
  0.46065736128088758        1.6260440930023434     
  0.55924736126635322        1.3354972751477039     
  0.67897524277408394        1.8152334701460928     
  0.82441551550693815        1.1463633384314982     
   1.0009764843865627       -2.9451420159938489E-002
   1.2153763263333666      -0.66918842488220631     
   1.4765846423066622       -1.1067340695086152     
   1.2566370614360001E-002  0.91255342139404028     
   1.7771531752634635E-002   2.6672927384989866     
   2.1765592370812048E-002  0.27286537052352283     
   2.5132741228720001E-002  0.41413947196616357     
   2.9562133651285849E-002  0.56704956815189367     
   3.8019517526813901E-002  0.28122090807348576     
   4.5116083860089251E-002  0.36624856316493520     
   5.5056809371101592E-002   1.5332588133788470     
   6.5848341545415051E-002   1.4752399116202815     
   7.9166690278415927E-002   1.2432025237026010     
   9.6964567215568481E-002  0.69245464507578580     
  0.11842995645747310       0.44096197549740440     
  0.14416104292042672       0.62361748286636098     
  0.17483851006932644       0.60793259972210612     
  0.21159335649904049       0.76087007938037721     
  0.25709616209838343        1.2227368639854748     
  0.31264156338248622        1.1180373831389812     
  0.37951482899164635       0.29462260892841780     
  0.46065736128088758       0.74974496332912599     
  0.55924736126635322       0.70175191541863680     
  0.67897524277408394        2.4732630121492050     
  0.82441551550693815       0.13356500184846248     
   1.0009764843865627        1.5470976940206800     
   1.2153763263333666       -2.4712196087808347     
   1.4765846423066622       -2.8794759029290571     
   1.2566370614360001E-002   1.6117369890207165     
   1.7771531752634635E-002   3.5409010927555138     
   2.1765592370812048E-002   1.3391728442671125     
   2.5132741228720001E-002 -0.86812211601510569     
   2.9562133651285849E-002   1.5135979211638109     
   3.8019517526813901E-002   1.4545612660413756     
   4.5116083860089251E-002 -0.66142776274281367     
   5.5056809371101592E-002   1.0427349274585573     
   6.5848341545415051E-002  0.42921077675756425     
   7.9166690278415927E-002  0.30096241099398979     
   9.6964567215568481E-002  0.91908849474617627     
  0.11842995645747310       0.75422917398712863     
  0.14416104292042672       -3.6132680874038114E-003
  0.17483851006932644      -0.47934007186383715     
  0.21159335649904049      -0.13989779429747920     
  0.25709616209838343      -0.75339620054165057     
  0.31264156338248622        1.6125484693260475     
  0.37951482899164635      -0.53238372819397450     
  0.46065736128088758      -0.62117078063541720     
  0.55924736126635322       0.33746547800811660     
  0.67897524277408394        1.3664182492469150     
  0.82441551550693815      -0.79023328153874905     
   1.0009764843865627       0.70590535244649588     
   1.2153763263333666        1.1885880008979310     
   1.4765846423066622        12.815036722254858     
   1.2566370614360001E-002   7.1084907259664094     
   1.7771531752634635E-002  -2.5919453947578548     
   2.1765592370812048E-002   3.9142776344187817     
   2.5132741228720001E-002 -0.62164577540244270     
   2.9562133651285849E-002  0.67503571514298022     
   3.8019517526813901E-002 -0.34530776303060357     
   4.5116083860089251E-002  0.19540085629790074     
   5.5056809371101592E-002   1.0022963849584456     
   6.5848341545415051E-002  0.92866373985221473     
   7.9166690278415927E-002  0.64707913304696218     
   9.6964567215568481E-002  0.59610302603213716     
  0.11842995645747310        1.0115594803387078     
  0.14416104292042672        1.5445561999854172     
  0.17483851006932644       0.75403884346207262     
  0.21159335649904049        1.5904243693676876     
  0.25709616209838343       0.93623749054148508     
  0.31264156338248622       0.78261319514148964     
  0.37951482899164635       0.22949614445434638     
  0.46065736128088758       -1.0555958893365491     
  0.55924736126635322      -0.88404963624736665     
  0.67897524277408394       0.99485853633804955     
  0.82441551550693815        3.5340867525739865     
   1.0009764843865627        1.3424964964623143     
   1.2153763263333666       -4.0185847219790292     
   1.4765846423066622       -8.2524369261217139     
   1.2566370614360001E-002  -11.639601904983133     
   1.7771531752634635E-002  -8.7679555970801459     
   2.1765592370812048E-002  -2.4013274908743827     
   2.5132741228720001E-002   2.5421252258773510     
   2.9562133651285849E-002 -0.89995744821615642     
   3.8019517526813901E-002   1.6691582045208047     
   4.5116083860089251E-002 -0.36353329188283323     
   5.5056809371101592E-002  0.34165283113864214     
   6.5848341545415051E-002 -0.38243385504425681     
   7.9166690278415927E-002  0.53203138932855454     
   9.6964567215568481E-002  0.38013900880631751     
  0.11842995645747310       -6.3062871976751395E-002
  0.14416104292042672      -0.42661633444348795     
  0.17483851006932644        2.5612728819260040     
  0.21159335649904049      -0.14203303637398498     
  0.25709616209838343      -0.77481094795975514     
  0.31264156338248622       -1.6460162865471273     
  0.37951482899164635      -0.90984625501069594     
  0.46065736128088758       -2.5996046507930046     
  0.55924736126635322        4.9400003137123800     
  0.67897524277408394       -1.2370173700463307E-002
  0.82441551550693815       -2.7217980659397010     
   1.0009764843865627        2.5561055194275331     
   1.2153763263333666       -1.8427735182849518     
   1.4765846423066622        4.3259720736049019     
   1.2566370614360001E-002   5.1526224274829682     
   1.7771531752634635E-002 -0.11612809942657618     
   2.1765592370812048E-002   3.8369806193927762     
   2.5132741228720001E-002  0.63085104334001829     
   2.9562133651285849E-002   1.1059772136066850     
   3.8019517526813901E-002   1.0167759694156420     
   4.5116083860089251E-002   1.3361060627232080     
   5.5056809371101592E-002  0.86321347290915962     
   6.5848341545415051E-002   1.0671926041419979     
   7.9166690278415927E-002  0.51661915474178188     
   9.6964567215568481E-002   1.0840568585375685     
  0.11842995645747310       0.75529172722429050     
  0.14416104292042672       0.57853757675770434     
  0.17483851006932644       0.53758742332942144     
  0.21159335649904049       0.57960959467425421     
  0.25709616209838343       0.89451371279192704     
  0.31264156338248622       0.57080787976959091     
  0.37951482899164635        1.1269297809796028     
  0.46065736128088758        1.2171808153622043     
  0.55924736126635322        1.0258571967722150     
  0.67897524277408394        1.0546239210836457     
  0.82441551550693815       0.67695077953535643     
   1.0009764843865627      -0.29607600925882394     
   1.2153763263333666       -1.6442388881435712     
   1.4765846423066622       -2.8047773056083836     
   1.2566370614360001E-002   4.6532978870457411     
   1.7771531752634635E-002 -0.18366159218190733     
   2.1765592370812048E-002   3.3888240321981207     
   2.5132741228720001E-002  0.84306512643472675     
   2.9562133651285849E-002   1.3682690282240424     
   3.8019517526813901E-002  0.90602243660922221     
   4.5116083860089251E-002   1.3208418130112780     
   5.5056809371101592E-002  0.88826432843542003     
   6.5848341545415051E-002  0.88822389579890015     
   7.9166690278415927E-002  0.48745358087807528     
   9.6964567215568481E-002  0.79044810442427438     
  0.11842995645747310       0.47715307521588957     
  0.14416104292042672       0.61671261195050209     
  0.17483851006932644       0.44370568794930149     
  0.21159335649904049       0.61564206986772751     
  0.25709616209838343       0.84324354440516780     
  0.31264156338248622       0.23722890575372321     
  0.37951482899164635       0.94136308157607573     
  0.46065736128088758       0.72647760575147491     
  0.55924736126635322       0.53183942620287472     
  0.67897524277408394       0.12743223646637322     
  0.82441551550693815       -5.9492003522066822E-002
   1.0009764843865627      -0.52344239227001932     
   1.2153763263333666       -1.2494672086522518     
   1.4765846423066622      -0.80591350984575816     
   1.2566370614360001E-002   4.9195801910638064     
   1.7771531752634635E-002 -0.67412889672945930     
   2.1765592370812048E-002   3.5276210596804880     
   2.5132741228720001E-002  0.20446282931534246     
   2.9562133651285849E-002   1.4802776740111496     
   3.8019517526813901E-002  0.88941215666649232     
   4.5116083860089251E-002   1.4270850426942165     
   5.5056809371101592E-002  0.79881550746687269     
   6.5848341545415051E-002  0.45625162497376232     
   7.9166690278415927E-002  0.83499182054825316     
   9.6964567215568481E-002  0.65450948404604170     
  0.11842995645747310       0.41950011294543943     
  0.14416104292042672       0.24101292601399460     
  0.17483851006932644       0.28583821139996618     
  0.21159335649904049       0.13844029591442852     
  0.25709616209838343       0.65524300985880790     
  0.31264156338248622       0.47056982747645498     
  0.37951482899164635       0.66273688876439873     
  0.46065736128088758       0.47060390961287263     
  0.55924736126635322        8.3977409892493828E-003
  0.67897524277408394       0.46826811759009529     
  0.82441551550693815        1.3819353157601726     
   1.0009764843865627       -1.2419942776549399E-002
   1.2153763263333666       -1.4434115562324428     
   1.4765846423066622       -1.6675483087010896     
   1.2566370614360001E-002   1.0814752706953603     
   1.7771531752634635E-002  0.97479315129813471     
   2.1765592370812048E-002   3.8231828093231726     
   2.5132741228720001E-002   1.1217959563500999     
   2.9562133651285849E-002  0.68713115739238517     
   3.8019517526813901E-002   1.7346335624928115     
   4.5116083860089251E-002   1.5263132165472326     
   5.5056809371101592E-002  0.96584543718399751     
   6.5848341545415051E-002  0.70076403794612252     
   7.9166690278415927E-002  0.41323542209108127     
   9.6964567215568481E-002  0.66308379798877048     
  0.11842995645747310       0.44606674732871726     
  0.14416104292042672      -0.13454475184273329     
  0.17483851006932644       0.46372783605923540     
  0.21159335649904049        7.3924183878287447E-002
  0.25709616209838343        5.8367518470836939E-002
  0.31264156338248622       0.51184174535185278     
  0.37951482899164635       0.87816416828162125     
  0.46065736128088758       0.93947432202932390     
  0.55924736126635322       0.58713206690705277     
  0.67897524277408394      -0.52861055071806928     
  0.82441551550693815       0.23921259892232447     
   1.0009764843865627        1.3940834176559673     
   1.2153763263333666      -0.54802339905438968     
   1.4765846423066622       -1.1198005314990775     
   1.2566370614360001E-002   2.3580338672259016     
   1.7771531752634635E-002  -2.2132607049982642     
   2.1765592370812048E-002   3.4157077181928770     
   2.5132741228720001E-002   1.9182841695411086     
   2.9562133651285849E-002  0.62322466535899168     
   3.8019517526813901E-002 -0.57927965071994525     
   4.5116083860089251E-002  0.75161656862845116     
   5.5056809371101592E-002  0.53810501792746646     
   6.5848341545415051E-002   1.4686270958536998     
   7.9166690278415927E-002  0.32990654225833377     
   9.6964567215568481E-002  0.56298889343620140     
  0.11842995645747310        1.2082963226411145     
  0.14416104292042672       0.45257151528198553     
  0.17483851006932644        1.9376780635065649     
  0.21159335649904049        1.1332447047600283     
  0.25709616209838343        2.3030035069148309     
  0.31264156338248622       0.54653996072716637     
  0.37951482899164635        2.5068642645219286     
  0.46065736128088758        1.9208798481401317     
  0.55924736126635322       0.71999143427791734     
  0.67897524277408394       -2.1191449224978305     
  0.82441551550693815       -8.3681824890059361E-002
   1.0009764843865627        3.2146531719499571     
   1.2153763263333666      -0.75510953671340075     
   1.4765846423066622       -4.7803701395274283     
   1.2566370614360001E-002   7.1084907259664094     
   1.7771531752634635E-002  -2.5919453947578548     
   2.1765592370812048E-002   3.9142776344187817     
   2.5132741228720001E-002 -0.62164577540244270     
   2.9562133651285849E-002  0.67503571514298022     
   3.8019517526813901E-002 -0.34530776303060357     
   4.5116083860089251E-002  0.19540085629790074     
   5.5056809371101592E-002   1.0022963849584456     
   6.5848341545415051E-002  0.92866373985221473     
   7.9166690278415927E-002  0.64707913304696218     
   9.6964567215568481E-002  0.59610302603213716     
  0.11842995645747310        1.0115594803387078     
  0.14416104292042672        1.5445561999854172     
  0.17483851006932644       0.75403884346207262     
  0.21159335649904049        1.5904243693676876     
  0.25709616209838343       0.93623749054148508     
  0.31264156338248622       0.78261319514148964     
  0.37951482899164635       0.22949614445434638     
  0.46065736128088758       -1.0555958893365491     
  0.55924736126635322      -0.88404963624736665     
  0.67897524277408394       0.99485853633804955     
  0.82441551550693815        3.5340867525739865     
   1.0009764843865627        1.3424964964623143     
   1.2153763263333666       -4.0185847219790292     
   1.4765846423066622       -8.2524369261217139     
   1.2566370614360001E-002   2.3436276487006280     
   1.7771531752634635E-002  -2.0349428853897491     
   2.1765592370812048E-002   4.4261766630714288     
   2.5132741228720001E-002  0.72229133009047908     
   2.9562133651285849E-002   1.9852878855212925     
   3.8019517526813901E-002  0.67586987829810219     
   4.5116083860089251E-002   1.0733479427046211     
   5.5056809371101592E-002  0.53136418093394089     
   6.5848341545415051E-002  0.68612818550153609     
   7.9166690278415927E-002 -0.58939940416989045     
   9.6964567215568481E-002 -0.86456839645747230     
  0.11842995645747310       0.40841278941128545     
  0.14416104292042672      -0.70362217863489152     
  0.17483851006932644      -0.55974635936385964     
  0.21159335649904049      -0.88162934438944485     
  0.25709616209838343       0.44497619479281247     
  0.31264156338248622        1.1511218267326331     
  0.37951482899164635      -0.88250702015166160     
  0.46065736128088758       -1.0071122601356224     
  0.55924736126635322      -0.73800849364912879     
  0.67897524277408394       -2.3036565586698674     
  0.82441551550693815       -8.1708342903428246     
   1.0009764843865627       -15.346700474883908     
   1.2153763263333666       -35.704837782179538     
   1.4765846423066622       -80.211490108355292     
   1.2566370614360001E-002  -10.448077127249993     
   1.7771531752634635E-002   1.6562321077801267     
   2.1765592370812048E-002 -0.99142277888053265     
   2.5132741228720001E-002 -0.79655050883178369     
   2.9562133651285849E-002 -0.30701146816840968     
   3.8019517526813901E-002  -2.1816079071686327     
   4.5116083860089251E-002   1.4595976532000725     
   5.5056809371101592E-002  0.94605027932630281     
   6.5848341545415051E-002  0.16807935496250515     
   7.9166690278415927E-002 -0.46520427551227195     
   9.6964567215568481E-002   1.5596488744310093     
  0.11842995645747310       0.83969637294462951     
  0.14416104292042672       0.64039573071957301     
  0.17483851006932644        1.0098040331156066     
  0.21159335649904049        2.6024732144184810     
  0.25709616209838343        1.8815265840606370     
  0.31264156338248622       0.34203337462972616     
  0.37951482899164635      -0.70683610424022703     
  0.46065736128088758       -2.7082668069491875     
  0.55924736126635322       -3.7675083455393663     
  0.67897524277408394       -1.2152866407070049     
  0.82441551550693815        5.0290619004954733     
   1.0009764843865627        3.1910768698761207     
   1.2153763263333666       -8.9590896530014117     
   1.4765846423066622        8.8929471554764135     
   1.2566370614360001E-002  -3.8260319805003156     
   1.7771531752634635E-002  -3.6792816300400522     
   2.1765592370812048E-002  0.45171912409364950     
   2.5132741228720001E-002   4.6721547597898869     
   2.9562133651285849E-002  -1.1339385866799019     
   3.8019517526813901E-002  0.64141296943108905     
   4.5116083860089251E-002   1.2497699126253681     
   5.5056809371101592E-002  0.23711595790363654     
   6.5848341545415051E-002  0.98557590097890591     
   7.9166690278415927E-002   1.3851514071912236     
   9.6964567215568481E-002   1.1547261596140848     
  0.11842995645747310        1.0954962552457868     
  0.14416104292042672        1.3088157750569522     
  0.17483851006932644        1.2876695068911561     
  0.21159335649904049       0.61341341048158082     
  0.25709616209838343       0.32891437107249677     
  0.31264156338248622       0.78478571007161479     
  0.37951482899164635       0.89313974214693836     
  0.46065736128088758       0.49825015743807027     
  0.55924736126635322       0.82071515866316924     
  0.67897524277408394       0.62802074213218073     
  0.82441551550693815      -0.24921514981226417     
   1.0009764843865627      -0.96284413466859864     
   1.2153763263333666       -2.0283893077770800     
   1.4765846423066622       -2.0017584773941111     
   1.2566370614360001E-002  -4.2289587755950837     
   1.7771531752634635E-002  -2.8754871822566703     
   2.1765592370812048E-002  0.74670277354106107     
   2.5132741228720001E-002   3.9196024495837385     
   2.9562133651285849E-002 -0.74639873513409838     
   3.8019517526813901E-002  0.63457355570111529     
   4.5116083860089251E-002   1.0440956635459235     
   5.5056809371101592E-002  0.40433501187852089     
   6.5848341545415051E-002  0.93933461487434589     
   7.9166690278415927E-002   1.3735313572140235     
   9.6964567215568481E-002   1.1315711893580869     
  0.11842995645747310       0.90552230318733107     
  0.14416104292042672        1.1471756578373549     
  0.17483851006932644       0.85682205676059453     
  0.21159335649904049        1.3615890050325102E-002
  0.25709616209838343        7.7813269905624552E-002
  0.31264156338248622       0.24864075552222709     
  0.37951482899164635       0.27352541947790415     
  0.46065736128088758       -5.8169510076992531E-002
  0.55924736126635322      -0.16369821560334225     
  0.67897524277408394      -0.22961046948255981     
  0.82441551550693815      -0.84289281109973413     
   1.0009764843865627       0.80903436493054870     
   1.2153763263333666       -1.1080593107148387     
   1.4765846423066622       -1.8559108098033901     
   1.2566370614360001E-002  -7.3252767794671438     
   1.7771531752634635E-002  -1.9299853494069568     
   2.1765592370812048E-002  0.87501831195899871     
   2.5132741228720001E-002   7.4056549923487518     
   2.9562133651285849E-002  -1.0694927937609124     
   3.8019517526813901E-002  0.27021878307400915     
   4.5116083860089251E-002  0.72461659077672480     
   5.5056809371101592E-002  0.37758164580439102     
   6.5848341545415051E-002   1.0636740951075139     
   7.9166690278415927E-002   1.2757953610233956     
   9.6964567215568481E-002   1.6346219087528704     
  0.11842995645747310        1.0491761582439831     
  0.14416104292042672        1.6750842843112206     
  0.17483851006932644       0.88754116535589267     
  0.21159335649904049       0.42675426351987517     
  0.25709616209838343       0.49031682034751917     
  0.31264156338248622        1.2367478292611294     
  0.37951482899164635       0.93818183282814671     
  0.46065736128088758      -0.31516322140989395     
  0.55924736126635322       0.32443757923574545     
  0.67897524277408394       0.70334273556298343     
  0.82441551550693815        3.0941167340459557     
   1.0009764843865627        1.7167940858918034     
   1.2153763263333666       -4.4797296780276366     
   1.4765846423066622       -3.1182294100923889     
   1.2566370614360001E-002 -0.41243823631602444     
   1.7771531752634635E-002  -2.2659838569578041     
   2.1765592370812048E-002 -0.62876070831594388     
   2.5132741228720001E-002   2.3892310511582320     
   2.9562133651285849E-002 -0.11408222855918476     
   3.8019517526813901E-002   1.3504869201264134     
   4.5116083860089251E-002  0.82460829013417491     
   5.5056809371101592E-002  0.81263220231205535     
   6.5848341545415051E-002  0.92234240670361389     
   7.9166690278415927E-002  0.85715413590776357     
   9.6964567215568481E-002   1.2939656220164231     
  0.11842995645747310       0.97609340040337556     
  0.14416104292042672        1.0248850529205293     
  0.17483851006932644        1.0400080317883045     
  0.21159335649904049        1.4449410262686311     
  0.25709616209838343        1.3010635522439851     
  0.31264156338248622        1.0991613206653605     
  0.37951482899164635        1.0848455194490760     
  0.46065736128088758       0.70431747025280700     
  0.55924736126635322       0.64021856703940205     
  0.67897524277408394        1.1786792945640507     
  0.82441551550693815       -1.2922005494714921     
   1.0009764843865627      -0.72523696498300483     
   1.2153763263333666        1.8250983869695130     
   1.4765846423066622       -1.3496721919793080     
   1.2566370614360001E-002  -4.6820032170257457     
   1.7771531752634635E-002  -4.2334842487217115     
   2.1765592370812048E-002  -4.4016427417940596E-002
   2.5132741228720001E-002   1.2537388105714948     
   2.9562133651285849E-002 -0.38603752511582440     
   3.8019517526813901E-002  0.48597772768656050     
   4.5116083860089251E-002  0.52767630637618057     
   5.5056809371101592E-002 -0.29441944775133916     
   6.5848341545415051E-002  -5.0515670223535557E-002
   7.9166690278415927E-002   1.4670548654673496     
   9.6964567215568481E-002  0.73764603049461586     
  0.11842995645747310      -0.11095192092732932     
  0.14416104292042672       0.90498796791222658     
  0.17483851006932644       0.68747454319161128     
  0.21159335649904049       0.36848473536297677     
  0.25709616209838343      -0.28556090323388805     
  0.31264156338248622       0.13478030318196962     
  0.37951482899164635       0.73818978471467833     
  0.46065736128088758        1.0899619728152825     
  0.55924736126635322        2.5423923526628083     
  0.67897524277408394       0.21937005594120801     
  0.82441551550693815       -1.6301154349193558     
   1.0009764843865627       -2.2383531469882283     
   1.2153763263333666      -0.23878197848068375     
   1.4765846423066622       -3.1726672623133729     
   1.2566370614360001E-002  -11.639601904983133     
   1.7771531752634635E-002  -8.7679555970801459     
   2.1765592370812048E-002  -2.4013274908743827     
   2.5132741228720001E-002   2.5421252258773510     
   2.9562133651285849E-002 -0.89995744821615642     
   3.8019517526813901E-002   1.6691582045208047     
   4.5116083860089251E-002 -0.36353329188283323     
   5.5056809371101592E-002  0.34165283113864214     
   6.5848341545415051E-002 -0.38243385504425681     
   7.9166690278415927E-002  0.53203138932855454     
   9.6964567215568481E-002  0.38013900880631751     
  0.11842995645747310       -6.3062871976751395E-002
  0.14416104292042672      -0.42661633444348795     
  0.17483851006932644        2.5612728819260040     
  0.21159335649904049      -0.14203303637398498     
  0.25709616209838343      -0.77481094795975514     
  0.31264156338248622       -1.6460162865471273     
  0.37951482899164635      -0.90984625501069594     
  0.46065736128088758       -2.5996046507930046     
  0.55924736126635322        4.9400003137123800     
  0.67897524277408394       -1.2370173700463307E-002
  0.82441551550693815       -2.7217980659397010     
   1.0009764843865627        2.5561055194275331     
   1.2153763263333666       -1.8427735182849518     
   1.4765846423066622        4.3259720736049019     
   1.2566370614360001E-002  -10.448077127249993     
   1.7771531752634635E-002   1.6562321077801267     
   2.1765592370812048E-002 -0.99142277888053265     
   2.5132741228720001E-002 -0.79655050883178369     
   2.9562133651285849E-002 -0.30701146816840968     
   3.8019517526813901E-002  -2.1816079071686327     
   4.5116083860089251E-002   1.4595976532000725     
   5.5056809371101592E-002  0.94605027932630281     
   6.5848341545415051E-002  0.16807935496250515     
   7.9166690278415927E-002 -0.46520427551227195     
   9.6964567215568481E-002   1.5596488744310093     
  0.11842995645747310       0.83969637294462951     
  0.14416104292042672       0.64039573071957301     
  0.17483851006932644        1.0098040331156066     
  0.21159335649904049        2.6024732144184810     
  0.25709616209838343        1.8815265840606370     
  0.31264156338248622       0.34203337462972616     
  0.37951482899164635      -0.70683610424022703     
  0.46065736128088758       -2.7082668069491875     
  0.55924736126635322       -3.7675083455393663     
  0.67897524277408394       -1.2152866407070049     
  0.82441551550693815        5.0290619004954733     
   1.0009764843865627        3.1910768698761207     
   1.2153763263333666       -8.9590896530014117     
   1.4765846423066622        8.8929471554764135     
   1.2566370614360001E-002   7.4287745616186358     
   1.7771531752634635E-002  -4.5713646499524696E-002
   2.1765592370812048E-002  -1.3366349132624331     
   2.5132741228720001E-002   1.8546603603224163     
   2.9562133651285849E-002 -0.21842399684843256     
   3.8019517526813901E-002  0.20427850217511559     
   4.5116083860089251E-002   1.6177781378468583     
   5.5056809371101592E-002  0.61615671519524762     
   6.5848341545415051E-002 -0.21292060704371360     
   7.9166690278415927E-002  0.23455096339341139     
   9.6964567215568481E-002  -1.6152691329466939     
  0.11842995645747310       0.66987691275988415     
  0.14416104292042672      -0.88891857241377303     
  0.17483851006932644       0.18384030643353400     
  0.21159335649904049        1.5726955310133681     
  0.25709616209838343      -0.19351467004623832     
  0.31264156338248622       -1.3182194393584854     
  0.37951482899164635        2.5438724288078962     
  0.46065736128088758       -1.5647858947728741     
  0.55924736126635322        3.8111813885002230     
  0.67897524277408394        3.6465332311656353     
  0.82441551550693815        10.485632844599738     
   1.0009764843865627        28.447415550559843     
   1.2153763263333666        64.964893063689274     
   1.4765846423066622        173.96696953788268     
