   1.2566370614360001E-002   1.2323436565879005     
   1.7771531752634635E-002   1.1224955296714594     
   2.1765592370812048E-002  0.87809036001463281     
   2.5132741228720001E-002  0.83957200603382387     
   2.9562133651285849E-002  0.98271585987172849     
   3.8019517526813901E-002  0.94677203488150319     
   4.5116083860089251E-002   1.0627477459188692     
   5.5056809371101592E-002  0.99872431552064589     
   6.5848341545415051E-002   1.0509575457716402     
   7.9166690278415927E-002   1.0145054515559466     
   9.6964567215568481E-002   1.0887979611324072     
  0.11842995645747310        1.0614576984073523     
  0.14416104292042672        1.0993747363888979     
  0.17483851006932644        1.1097032208436302     
  0.21159335649904049        1.1866324162107522     
  0.25709616209838343        1.2012143050347031     
  0.31264156338248622        1.3133726109287580     
  0.37951482899164635        1.4261601533372825     
  0.46065736128088758        1.5642646543937593     
  0.55924736126635322        1.7485570804660191     
  0.67897524277408394        1.9719366079104903     
  0.82441551550693815        2.1980762670700211     
   1.0009764843865627        2.4724193661341243     
   1.2153763263333666        2.7667257274860741     
   1.4765846423066622        3.0423666995634928     
   1.2566370614360001E-002   1.2609597714715033     
   1.7771531752634635E-002   1.1969869935217505     
   2.1765592370812048E-002  0.78767590083671835     
   2.5132741228720001E-002  0.95577486202603557     
   2.9562133651285849E-002  0.98671708304119632     
   3.8019517526813901E-002  0.96230106030809248     
   4.5116083860089251E-002   1.0992818782652753     
   5.5056809371101592E-002  0.98274112174372008     
   6.5848341545415051E-002   1.0491191004174307     
   7.9166690278415927E-002   1.0042520332609557     
   9.6964567215568481E-002   1.1138456823205698     
  0.11842995645747310        1.0773826286587773     
  0.14416104292042672        1.1188413814698244     
  0.17483851006932644        1.1306661453467839     
  0.21159335649904049        1.1833089800355974     
  0.25709616209838343        1.2047967123283641     
  0.31264156338248622        1.3227682976209867     
  0.37951482899164635        1.4384515630983883     
  0.46065736128088758        1.5649738458741314     
  0.55924736126635322        1.7454313167621387     
  0.67897524277408394        1.9607202209392462     
  0.82441551550693815        2.1570458081276946     
   1.0009764843865627        2.3225523243683770     
   1.2153763263333666        2.4994149510665156     
   1.4765846423066622        2.6153880043310229     
   1.2566370614360001E-002   1.2452241010995941     
   1.7771531752634635E-002  0.93184157865647332     
   2.1765592370812048E-002  0.84908536776969024     
   2.5132741228720001E-002   1.0632288297310095     
   2.9562133651285849E-002   1.0233828351770884     
   3.8019517526813901E-002  0.96023388152412148     
   4.5116083860089251E-002   1.1156062697308855     
   5.5056809371101592E-002  0.98000079098047677     
   6.5848341545415051E-002   1.0102322756703674     
   7.9166690278415927E-002   1.0093793234590021     
   9.6964567215568481E-002   1.0673125955411833     
  0.11842995645747310       0.99718970284902253     
  0.14416104292042672        1.0741362863915682     
  0.17483851006932644        1.0906734487379786     
  0.21159335649904049        1.1177853067156134     
  0.25709616209838343        1.1953069713449942     
  0.31264156338248622        1.2821742996694769     
  0.37951482899164635        1.3536753941121553     
  0.46065736128088758        1.4700166274618529     
  0.55924736126635322        1.6232555217051796     
  0.67897524277408394        1.7704352066550386     
  0.82441551550693815        1.9139034674330193     
   1.0009764843865627        1.9788500539760341     
   1.2153763263333666        2.0050368664774214     
   1.4765846423066622        1.8042074415862022     
   1.2566370614360001E-002  0.36333961065175974     
   1.7771531752634635E-002   1.2519596035917120     
   2.1765592370812048E-002   1.1243205831975598     
   2.5132741228720001E-002  0.97799333165359803     
   2.9562133651285849E-002  0.94155802498871743     
   3.8019517526813901E-002   1.0511921431426701     
   4.5116083860089251E-002   1.0336269846800403     
   5.5056809371101592E-002   1.0006765423751189     
   6.5848341545415051E-002   1.0324877655563631     
   7.9166690278415927E-002   1.0511446845871768     
   9.6964567215568481E-002   1.0923095938178069     
  0.11842995645747310       0.93872378687909996     
  0.14416104292042672        1.0210778402854916     
  0.17483851006932644        1.0464001921319328     
  0.21159335649904049        1.1226389359353417     
  0.25709616209838343        1.1266622367069523     
  0.31264156338248622        1.2043011878165957     
  0.37951482899164635        1.3159028460975011     
  0.46065736128088758        1.4638342167092002     
  0.55924736126635322        1.5454804304251031     
  0.67897524277408394        1.6867429767016899     
  0.82441551550693815        1.7174257483968680     
   1.0009764843865627        1.7107383972075558     
   1.2153763263333666        1.4585659129821589     
   1.4765846423066622       0.93537248371994186     
   1.2566370614360001E-002   5.5359229857621164E-002
   1.7771531752634635E-002   1.6773982419029856     
   2.1765592370812048E-002   1.5280543352982325     
   2.5132741228720001E-002   1.3593860366750714     
   2.9562133651285849E-002   1.0373614322955522     
   3.8019517526813901E-002  0.76219148232827882     
   4.5116083860089251E-002   1.0572599890493732     
   5.5056809371101592E-002   1.1068574569650533     
   6.5848341545415051E-002   1.2220866192181463     
   7.9166690278415927E-002   1.1212034686244043     
   9.6964567215568481E-002   1.2903798191779752     
  0.11842995645747310        1.0133085384110010     
  0.14416104292042672        1.2815105256361548     
  0.17483851006932644        1.3114571298457294     
  0.21159335649904049        1.2433327372424630     
  0.25709616209838343        1.2866392858410947     
  0.31264156338248622        1.4435331825758186     
  0.37951482899164635        1.6108994105144239     
  0.46065736128088758        1.6231292844062724     
  0.55924736126635322        1.7502762168057584     
  0.67897524277408394        1.8565498560750342     
  0.82441551550693815        1.8322006642534032     
   1.0009764843865627        1.4437188316487624     
   1.2153763263333666       0.81457488784433452     
   1.4765846423066622      -0.21126771820594817     
   1.2566370614360001E-002   2.3341395225067618     
   1.7771531752634635E-002   1.4202890787565625     
   2.1765592370812048E-002   1.3642568527253804     
   2.5132741228720001E-002  0.92552975511405156     
   2.9562133651285849E-002  0.74344464090545581     
   3.8019517526813901E-002   1.3768589850948583     
   4.5116083860089251E-002  0.56164220721042157     
   5.5056809371101592E-002   1.1073786082178994     
   6.5848341545415051E-002  0.86235305656783545     
   7.9166690278415927E-002  0.98539643179880265     
   9.6964567215568481E-002  0.86050916793913190     
  0.11842995645747310       0.95206459776896302     
  0.14416104292042672       0.84712524268895395     
  0.17483851006932644       0.76806419807062520     
  0.21159335649904049       0.94981997705622701     
  0.25709616209838343        1.0251783851715697     
  0.31264156338248622       0.92272566922658339     
  0.37951482899164635        1.0222644852049922     
  0.46065736128088758        1.1222090226940080     
  0.55924736126635322        1.3890208543004439     
  0.67897524277408394        1.2180153099765292     
  0.82441551550693815        1.1478768715144290     
   1.0009764843865627       0.59305543203878808     
   1.2153763263333666        2.5814361603622517E-002
   1.4765846423066622       -1.2108738225651832     
   1.2566370614360001E-002  0.69240855720037819     
   1.7771531752634635E-002  0.13652459010572107     
   2.1765592370812048E-002   3.4390605707685897     
   2.5132741228720001E-002 -0.26708916309195019     
   2.9562133651285849E-002   1.2411797830870295     
   3.8019517526813901E-002   1.4148799493205815     
   4.5116083860089251E-002  0.98036352261632498     
   5.5056809371101592E-002   1.0489401047487610     
   6.5848341545415051E-002  0.75751292405823489     
   7.9166690278415927E-002  0.67957970840789705     
   9.6964567215568481E-002  0.77333103003391956     
  0.11842995645747310       0.86289864115199677     
  0.14416104292042672        1.0102663038714239     
  0.17483851006932644       0.71109829804538349     
  0.21159335649904049       0.62265861997140848     
  0.25709616209838343       0.86873595150534189     
  0.31264156338248622       0.70650975280780437     
  0.37951482899164635       0.87720886356904137     
  0.46065736128088758        1.0972618899861553     
  0.55924736126635322        1.0604192076941164     
  0.67897524277408394       0.98547459563908457     
  0.82441551550693815       0.42345273602558725     
   1.0009764843865627      -0.39588222444991994     
   1.2153763263333666      -0.95765319905796442     
   1.4765846423066622       -2.6147492525011149     
   1.2566370614360001E-002   2.9460105190703310     
   1.7771531752634635E-002 -0.56293579427929452     
   2.1765592370812048E-002   2.0402760619376079     
   2.5132741228720001E-002   2.7891412895854875     
   2.9562133651285849E-002  0.60188903070088651     
   3.8019517526813901E-002  0.71562811596384346     
   4.5116083860089251E-002   1.0375298354784606     
   5.5056809371101592E-002  0.39663036976230642     
   6.5848341545415051E-002   1.1132282268373690     
   7.9166690278415927E-002  0.84833840697487417     
   9.6964567215568481E-002   1.0645793117169340     
  0.11842995645747310       0.95203431038751463     
  0.14416104292042672       0.69855822395650768     
  0.17483851006932644       0.73031554747515770     
  0.21159335649904049       0.58382529042401110     
  0.25709616209838343       0.56821418780500321     
  0.31264156338248622       0.48506481455036027     
  0.37951482899164635        1.1009351596292993     
  0.46065736128088758       0.91387200417637804     
  0.55924736126635322       0.99957474270207147     
  0.67897524277408394       0.64220630265172418     
  0.82441551550693815       -2.3977628140760907E-002
   1.0009764843865627      -0.46052532378236444     
   1.2153763263333666       -1.2318237995333803     
   1.4765846423066622       -1.8007407342818931     
   1.2566370614360001E-002   1.2609597714715033     
   1.7771531752634635E-002   1.1969869935217505     
   2.1765592370812048E-002  0.78767590083671835     
   2.5132741228720001E-002  0.95577486202603557     
   2.9562133651285849E-002  0.98671708304119632     
   3.8019517526813901E-002  0.96230106030809248     
   4.5116083860089251E-002   1.0992818782652753     
   5.5056809371101592E-002  0.98274112174372008     
   6.5848341545415051E-002   1.0491191004174307     
   7.9166690278415927E-002   1.0042520332609557     
   9.6964567215568481E-002   1.1138456823205698     
  0.11842995645747310        1.0773826286587773     
  0.14416104292042672        1.1188413814698244     
  0.17483851006932644        1.1306661453467839     
  0.21159335649904049        1.1833089800355974     
  0.25709616209838343        1.2047967123283641     
  0.31264156338248622        1.3227682976209867     
  0.37951482899164635        1.4384515630983883     
  0.46065736128088758        1.5649738458741314     
  0.55924736126635322        1.7454313167621387     
  0.67897524277408394        1.9607202209392462     
  0.82441551550693815        2.1570458081276946     
   1.0009764843865627        2.3225523243683770     
   1.2153763263333666        2.4994149510665156     
   1.4765846423066622        2.6153880043310229     
   1.2566370614360001E-002   1.2690316714373118     
   1.7771531752634635E-002   1.2457008214504695     
   2.1765592370812048E-002  0.67569477367789155     
   2.5132741228720001E-002   1.0829832524046610     
   2.9562133651285849E-002  0.98159841165607908     
   3.8019517526813901E-002   1.0357327609492899     
   4.5116083860089251E-002   1.1634649549568112     
   5.5056809371101592E-002  0.95788060731623348     
   6.5848341545415051E-002   1.0193355571767497     
   7.9166690278415927E-002  0.99521331780841071     
   9.6964567215568481E-002   1.1394682284259046     
  0.11842995645747310        1.0929674087915389     
  0.14416104292042672        1.1490801015051595     
  0.17483851006932644        1.1811490121053316     
  0.21159335649904049        1.2246716232000745     
  0.25709616209838343        1.2845216739655161     
  0.31264156338248622        1.3811830665126210     
  0.37951482899164635        1.5131705994348761     
  0.46065736128088758        1.6165062939728125     
  0.55924736126635322        1.7845095822595702     
  0.67897524277408394        1.9425378102437927     
  0.82441551550693815        2.0124603930549108     
   1.0009764843865627        2.1156658968148214     
   1.2153763263333666        2.1142652756284415     
   1.4765846423066622        2.0956670155586297     
   1.2566370614360001E-002   1.2715621161020019     
   1.7771531752634635E-002  0.99853415259360401     
   2.1765592370812048E-002  0.69379751278579627     
   2.5132741228720001E-002   1.1644396195783822     
   2.9562133651285849E-002   1.0186452522106999     
   3.8019517526813901E-002   1.0022374568645345     
   4.5116083860089251E-002   1.1662491323240751     
   5.5056809371101592E-002  0.96690494566989227     
   6.5848341545415051E-002   1.0184596600449340     
   7.9166690278415927E-002   1.0168572203515722     
   9.6964567215568481E-002   1.0551556205859205     
  0.11842995645747310        1.0093810711589679     
  0.14416104292042672        1.1014187768404493     
  0.17483851006932644        1.1168662798191156     
  0.21159335649904049        1.1585893209406692     
  0.25709616209838343        1.2656864428591281     
  0.31264156338248622        1.3301749210625970     
  0.37951482899164635        1.4569482907106379     
  0.46065736128088758        1.5290647849921755     
  0.55924736126635322        1.6109849678115933     
  0.67897524277408394        1.7561047942535646     
  0.82441551550693815        1.8171108363035999     
   1.0009764843865627        1.7294445722188398     
   1.2153763263333666        1.5933834803387557     
   1.4765846423066622        1.3360056821674968     
   1.2566370614360001E-002  0.17827355453398641     
   1.7771531752634635E-002   1.1551931785701597     
   2.1765592370812048E-002   1.0224819730973320     
   2.5132741228720001E-002   1.0604019311747053     
   2.9562133651285849E-002   1.0291183058288187     
   3.8019517526813901E-002   1.0097503577009181     
   4.5116083860089251E-002   1.0830089929983873     
   5.5056809371101592E-002  0.96609819004819519     
   6.5848341545415051E-002   1.0853724400315174     
   7.9166690278415927E-002   1.0600923256584154     
   9.6964567215568481E-002   1.1549073277697637     
  0.11842995645747310       0.94429174768002666     
  0.14416104292042672        1.0708209906488098     
  0.17483851006932644        1.1683654124046372     
  0.21159335649904049        1.2148057461697692     
  0.25709616209838343        1.1672511362796845     
  0.31264156338248622        1.1976092518640769     
  0.37951482899164635        1.3699338791451392     
  0.46065736128088758        1.4162965728323731     
  0.55924736126635322        1.4328192645699307     
  0.67897524277408394        1.4613289985239211     
  0.82441551550693815        1.5265764684412977     
   1.0009764843865627        1.1542466269284475     
   1.2153763263333666       0.93962416289785466     
   1.4765846423066622       0.11202675786381586     
   1.2566370614360001E-002  -7.0827187363901624E-003
   1.7771531752634635E-002   1.1945339527931025     
   2.1765592370812048E-002   1.3050005072648516     
   2.5132741228720001E-002   1.3568509925218839     
   2.9562133651285849E-002  0.95753190449270820     
   3.8019517526813901E-002  0.81414875577592305     
   4.5116083860089251E-002  0.80219027473215332     
   5.5056809371101592E-002  0.97217543641314264     
   6.5848341545415051E-002   1.1039148213869747     
   7.9166690278415927E-002  0.97722972764495719     
   9.6964567215568481E-002   1.3002997817095039     
  0.11842995645747310       0.97411310466138123     
  0.14416104292042672        1.1149357770079620     
  0.17483851006932644        1.1545887993404602     
  0.21159335649904049        1.0731924089853382     
  0.25709616209838343        1.1517471447184331     
  0.31264156338248622        1.1728082123586603     
  0.37951482899164635        1.2559010679860358     
  0.46065736128088758        1.2243107319049729     
  0.55924736126635322        1.2361672962755532     
  0.67897524277408394        1.2362857877593760     
  0.82441551550693815        1.0955927474766680     
   1.0009764843865627       0.73909873021103401     
   1.2153763263333666        4.4676792147988593E-002
   1.4765846423066622      -0.80784238195149549     
   1.2566370614360001E-002   2.5011627552119502     
   1.7771531752634635E-002   1.7731999009163870     
   2.1765592370812048E-002  0.86587178060353021     
   2.5132741228720001E-002  0.99304137419305016     
   2.9562133651285849E-002  0.75657969467608976     
   3.8019517526813901E-002   1.4638249414888329     
   4.5116083860089251E-002  0.57913902205817824     
   5.5056809371101592E-002   1.2542166509614963     
   6.5848341545415051E-002  0.92931753967317643     
   7.9166690278415927E-002  0.94405602386764731     
   9.6964567215568481E-002  0.82838876875921863     
  0.11842995645747310       0.91405060205471544     
  0.14416104292042672       0.96870177414916814     
  0.17483851006932644       0.91800108162968519     
  0.21159335649904049       0.88889762889478097     
  0.25709616209838343       0.98837200044715390     
  0.31264156338248622       0.75663947297304623     
  0.37951482899164635       0.90600046966997805     
  0.46065736128088758       0.76724040380888114     
  0.55924736126635322       0.60778270916152177     
  0.67897524277408394       0.67838655953551097     
  0.82441551550693815       0.39208330453376339     
   1.0009764843865627       -3.0265207262431147E-003
   1.2153763263333666       -5.0006413963545590E-002
   1.4765846423066622       -1.5104190296643230     
   1.2566370614360001E-002  0.87497862202340770     
   1.7771531752634635E-002  0.29771696666981562     
   2.1765592370812048E-002   3.0209685393522618     
   2.5132741228720001E-002 -0.38123333566401046     
   2.9562133651285849E-002   1.5579323973482402     
   3.8019517526813901E-002   1.5081926993238672     
   4.5116083860089251E-002   1.0052255460699688     
   5.5056809371101592E-002  0.96296837870860852     
   6.5848341545415051E-002  0.71238677141831841     
   7.9166690278415927E-002  0.60297424054526050     
   9.6964567215568481E-002  0.94833307756934981     
  0.11842995645747310       0.80157026481609817     
  0.14416104292042672       0.85699793619289644     
  0.17483851006932644       0.69303127650069973     
  0.21159335649904049       0.55411488269498599     
  0.25709616209838343       0.74352721574956626     
  0.31264156338248622       0.46923905703458940     
  0.37951482899164635       0.77985006850852046     
  0.46065736128088758       0.97724894565587250     
  0.55924736126635322       0.70687399962199271     
  0.67897524277408394       0.80606437694570177     
  0.82441551550693815       0.46684524299285202     
   1.0009764843865627      -0.35205000391789798     
   1.2153763263333666       -1.0579410825274429     
   1.4765846423066622       -1.5334860417228851     
   1.2566370614360001E-002   2.3228888995636163     
   1.7771531752634635E-002 -0.56389126408794255     
   2.1765592370812048E-002   1.9864136305214490     
   2.5132741228720001E-002   3.6041292170113093     
   2.9562133651285849E-002  0.73807824189085236     
   3.8019517526813901E-002  0.64027588155111170     
   4.5116083860089251E-002  0.79783564767082926     
   5.5056809371101592E-002  0.31887963219036519     
   6.5848341545415051E-002   1.2659037726222804     
   7.9166690278415927E-002  0.82043752257350688     
   9.6964567215568481E-002   1.2577905019186946     
  0.11842995645747310       0.73661037176504496     
  0.14416104292042672       0.84865070135252818     
  0.17483851006932644       0.67387179595679536     
  0.21159335649904049       0.85387681562121254     
  0.25709616209838343       0.33970063485591701     
  0.31264156338248622       0.31741860449389370     
  0.37951482899164635        1.0096698521182610     
  0.46065736128088758       0.35042905340151675     
  0.55924736126635322       0.42849816754432435     
  0.67897524277408394        6.1918962243566765E-002
  0.82441551550693815      -0.16473168872191360     
   1.0009764843865627      -0.31287517464580994     
   1.2153763263333666      -0.95319236133665175     
   1.4765846423066622       -1.1544647094696741     
   1.2566370614360001E-002   1.2452241010995941     
   1.7771531752634635E-002  0.93184157865647332     
   2.1765592370812048E-002  0.84908536776969024     
   2.5132741228720001E-002   1.0632288297310095     
   2.9562133651285849E-002   1.0233828351770884     
   3.8019517526813901E-002  0.96023388152412148     
   4.5116083860089251E-002   1.1156062697308855     
   5.5056809371101592E-002  0.98000079098047677     
   6.5848341545415051E-002   1.0102322756703674     
   7.9166690278415927E-002   1.0093793234590021     
   9.6964567215568481E-002   1.0673125955411833     
  0.11842995645747310       0.99718970284902253     
  0.14416104292042672        1.0741362863915682     
  0.17483851006932644        1.0906734487379786     
  0.21159335649904049        1.1177853067156134     
  0.25709616209838343        1.1953069713449942     
  0.31264156338248622        1.2821742996694769     
  0.37951482899164635        1.3536753941121553     
  0.46065736128088758        1.4700166274618529     
  0.55924736126635322        1.6232555217051796     
  0.67897524277408394        1.7704352066550386     
  0.82441551550693815        1.9139034674330193     
   1.0009764843865627        1.9788500539760341     
   1.2153763263333666        2.0050368664774214     
   1.4765846423066622        1.8042074415862022     
   1.2566370614360001E-002   1.2715621161020019     
   1.7771531752634635E-002  0.99853415259360401     
   2.1765592370812048E-002  0.69379751278579627     
   2.5132741228720001E-002   1.1644396195783822     
   2.9562133651285849E-002   1.0186452522106999     
   3.8019517526813901E-002   1.0022374568645345     
   4.5116083860089251E-002   1.1662491323240751     
   5.5056809371101592E-002  0.96690494566989227     
   6.5848341545415051E-002   1.0184596600449340     
   7.9166690278415927E-002   1.0168572203515722     
   9.6964567215568481E-002   1.0551556205859205     
  0.11842995645747310        1.0093810711589679     
  0.14416104292042672        1.1014187768404493     
  0.17483851006932644        1.1168662798191156     
  0.21159335649904049        1.1585893209406692     
  0.25709616209838343        1.2656864428591281     
  0.31264156338248622        1.3301749210625970     
  0.37951482899164635        1.4569482907106379     
  0.46065736128088758        1.5290647849921755     
  0.55924736126635322        1.6109849678115933     
  0.67897524277408394        1.7561047942535646     
  0.82441551550693815        1.8171108363035999     
   1.0009764843865627        1.7294445722188398     
   1.2153763263333666        1.5933834803387557     
   1.4765846423066622        1.3360056821674968     
   1.2566370614360001E-002   1.1164806669637470     
   1.7771531752634635E-002  0.74278610874158180     
   2.1765592370812048E-002  0.85669820269022301     
   2.5132741228720001E-002   1.2597556104304266     
   2.9562133651285849E-002   1.0330006053273131     
   3.8019517526813901E-002  0.92195645463999232     
   4.5116083860089251E-002   1.2487195371609461     
   5.5056809371101592E-002  0.94456974926559900     
   6.5848341545415051E-002   1.0056833540678951     
   7.9166690278415927E-002   1.0051166039625128     
   9.6964567215568481E-002   1.1746494126081679     
  0.11842995645747310        1.0578512053903206     
  0.14416104292042672        1.1357130552752250     
  0.17483851006932644        1.1237583186650428     
  0.21159335649904049        1.2881730177614177     
  0.25709616209838343        1.3702559703795987     
  0.31264156338248622        1.4779539315338059     
  0.37951482899164635        1.5108239705320172     
  0.46065736128088758        1.6186869056386888     
  0.55924736126635322        1.7031562866743000     
  0.67897524277408394        1.7301133649406855     
  0.82441551550693815        1.5306893210932389     
   1.0009764843865627        1.4190914053767343     
   1.2153763263333666        1.1780877114634658     
   1.4765846423066622        1.4071546269870208     
   1.2566370614360001E-002  0.34706008494293933     
   1.7771531752634635E-002  0.75338445838649737     
   2.1765592370812048E-002   1.0414664151950555     
   2.5132741228720001E-002   1.2493842234061230     
   2.9562133651285849E-002  0.99729508022505287     
   3.8019517526813901E-002  0.99309671807244915     
   4.5116083860089251E-002   1.0639562120684574     
   5.5056809371101592E-002   1.0143121751294706     
   6.5848341545415051E-002   1.0460480182758951     
   7.9166690278415927E-002   1.1390222433394253     
   9.6964567215568481E-002   1.0699210416848497     
  0.11842995645747310        1.0371347601230332     
  0.14416104292042672        1.0967402104259294     
  0.17483851006932644        1.1799083699803059     
  0.21159335649904049        1.3312410767019964     
  0.25709616209838343        1.3583083892330243     
  0.31264156338248622        1.4012150050363505     
  0.37951482899164635        1.4925438559490780     
  0.46065736128088758        1.5306581147109350     
  0.55924736126635322        1.5012556151764971     
  0.67897524277408394        1.5173967883338548     
  0.82441551550693815        1.2086250807797698     
   1.0009764843865627       0.99499472860220817     
   1.2153763263333666       0.50964677624496113     
   1.4765846423066622        5.3480992353108589E-002
   1.2566370614360001E-002  0.27387647628915013     
   1.7771531752634635E-002  0.88267884760007675     
   2.1765592370812048E-002   1.1673027777721594     
   2.5132741228720001E-002   1.8340357727836458     
   2.9562133651285849E-002   1.0954600794123355     
   3.8019517526813901E-002  0.91683622180930380     
   4.5116083860089251E-002   1.0554358282341529     
   5.5056809371101592E-002   1.0418469932704375     
   6.5848341545415051E-002   1.1879822535043427     
   7.9166690278415927E-002  0.96484615437833843     
   9.6964567215568481E-002   1.2856306244713369     
  0.11842995645747310       0.99790305063368712     
  0.14416104292042672        1.3332791667635298     
  0.17483851006932644        1.3339890300120185     
  0.21159335649904049        1.4273645258698082     
  0.25709616209838343        1.2644301299548171     
  0.31264156338248622        1.6080111099058574     
  0.37951482899164635        1.6483420342478567     
  0.46065736128088758        1.5135072709029458     
  0.55924736126635322        1.7575561769808716     
  0.67897524277408394        1.7589025609639057     
  0.82441551550693815        1.3719533868870313     
   1.0009764843865627       0.96549930139355400     
   1.2153763263333666       0.34610303514609791     
   1.4765846423066622      -0.50407306036703559     
   1.2566370614360001E-002   2.5753197027204227     
   1.7771531752634635E-002   1.0504369634443769     
   2.1765592370812048E-002   1.5847904326395374     
   2.5132741228720001E-002   1.0635262856393193     
   2.9562133651285849E-002  0.61516965639344423     
   3.8019517526813901E-002   1.1636095887341180     
   4.5116083860089251E-002  0.49594206044897060     
   5.5056809371101592E-002   1.1920068678925009     
   6.5848341545415051E-002  0.96068434095048660     
   7.9166690278415927E-002   1.0443054303254928     
   9.6964567215568481E-002  0.64227091386336765     
  0.11842995645747310       0.69808772641686145     
  0.14416104292042672       0.80480434512204391     
  0.17483851006932644       0.72780068392091579     
  0.21159335649904049       0.86938659289868059     
  0.25709616209838343        1.1302356862598126     
  0.31264156338248622       0.88048907841671809     
  0.37951482899164635       0.98401779661527689     
  0.46065736128088758       0.79316867238618216     
  0.55924736126635322       0.68036600326868901     
  0.67897524277408394       0.59771709957752339     
  0.82441551550693815        3.5984576104360698E-002
   1.0009764843865627      -0.16149671180788983     
   1.2153763263333666      -0.74213425475958161     
   1.4765846423066622       -1.0047387558450767     
   1.2566370614360001E-002  0.55105548484819056     
   1.7771531752634635E-002  -7.6898423920376935E-002
   2.1765592370812048E-002   3.1339102898938109     
   2.5132741228720001E-002 -0.18785427917054712     
   2.9562133651285849E-002  0.99468882053066576     
   3.8019517526813901E-002   1.3853371896978957     
   4.5116083860089251E-002   1.0227830263507325     
   5.5056809371101592E-002   1.4389368391257233     
   6.5848341545415051E-002  0.39101791211793274     
   7.9166690278415927E-002  0.72521750940494767     
   9.6964567215568481E-002  0.68276862390712667     
  0.11842995645747310       0.79039246935141561     
  0.14416104292042672       0.89350950589005351     
  0.17483851006932644       0.76735749829556688     
  0.21159335649904049       0.59357306549585798     
  0.25709616209838343       0.90658393960609185     
  0.31264156338248622       0.76309127668079491     
  0.37951482899164635       0.75930919012807119     
  0.46065736128088758        1.0653891934659510     
  0.55924736126635322       0.10532263046158860     
  0.67897524277408394        1.0688410878356882     
  0.82441551550693815       0.33497183377396017     
   1.0009764843865627       0.30636436755030372     
   1.2153763263333666       0.74013525005795444     
   1.4765846423066622       -1.7081067819191396     
   1.2566370614360001E-002   2.2370280544281789     
   1.7771531752634635E-002 -0.25857738065993280     
   2.1765592370812048E-002   2.3110602657946968     
   2.5132741228720001E-002   3.4251238949653935     
   2.9562133651285849E-002  0.88747649712775944     
   3.8019517526813901E-002  0.52400623356597731     
   4.5116083860089251E-002   1.0007065501157153     
   5.5056809371101592E-002  0.25716853006953577     
   6.5848341545415051E-002  0.88730695694685913     
   7.9166690278415927E-002  0.77262361529492563     
   9.6964567215568481E-002  0.77237052760221925     
  0.11842995645747310       0.51651549238587402     
  0.14416104292042672       0.99176859934911565     
  0.17483851006932644       0.21847089879073681     
  0.21159335649904049        5.7904680607315073E-002
  0.25709616209838343       0.43577764618590109     
  0.31264156338248622       0.30097112417918337     
  0.37951482899164635       0.42731231015454180     
  0.46065736128088758      -0.32052781598115859     
  0.55924736126635322      -0.10058883469079179     
  0.67897524277408394      -0.92422849044531352     
  0.82441551550693815       0.37049627111223793     
   1.0009764843865627       0.24931240318641226     
   1.2153763263333666      -0.29616751214589310     
   1.4765846423066622       -1.4676219407781903     
   1.2566370614360001E-002  0.36333961065175974     
   1.7771531752634635E-002   1.2519596035917120     
   2.1765592370812048E-002   1.1243205831975598     
   2.5132741228720001E-002  0.97799333165359803     
   2.9562133651285849E-002  0.94155802498871743     
   3.8019517526813901E-002   1.0511921431426701     
   4.5116083860089251E-002   1.0336269846800403     
   5.5056809371101592E-002   1.0006765423751189     
   6.5848341545415051E-002   1.0324877655563631     
   7.9166690278415927E-002   1.0511446845871768     
   9.6964567215568481E-002   1.0923095938178069     
  0.11842995645747310       0.93872378687909996     
  0.14416104292042672        1.0210778402854916     
  0.17483851006932644        1.0464001921319328     
  0.21159335649904049        1.1226389359353417     
  0.25709616209838343        1.1266622367069523     
  0.31264156338248622        1.2043011878165957     
  0.37951482899164635        1.3159028460975011     
  0.46065736128088758        1.4638342167092002     
  0.55924736126635322        1.5454804304251031     
  0.67897524277408394        1.6867429767016899     
  0.82441551550693815        1.7174257483968680     
   1.0009764843865627        1.7107383972075558     
   1.2153763263333666        1.4585659129821589     
   1.4765846423066622       0.93537248371994186     
   1.2566370614360001E-002  0.17827355453398641     
   1.7771531752634635E-002   1.1551931785701597     
   2.1765592370812048E-002   1.0224819730973320     
   2.5132741228720001E-002   1.0604019311747053     
   2.9562133651285849E-002   1.0291183058288187     
   3.8019517526813901E-002   1.0097503577009181     
   4.5116083860089251E-002   1.0830089929983873     
   5.5056809371101592E-002  0.96609819004819519     
   6.5848341545415051E-002   1.0853724400315174     
   7.9166690278415927E-002   1.0600923256584154     
   9.6964567215568481E-002   1.1549073277697637     
  0.11842995645747310       0.94429174768002666     
  0.14416104292042672        1.0708209906488098     
  0.17483851006932644        1.1683654124046372     
  0.21159335649904049        1.2148057461697692     
  0.25709616209838343        1.1672511362796845     
  0.31264156338248622        1.1976092518640769     
  0.37951482899164635        1.3699338791451392     
  0.46065736128088758        1.4162965728323731     
  0.55924736126635322        1.4328192645699307     
  0.67897524277408394        1.4613289985239211     
  0.82441551550693815        1.5265764684412977     
   1.0009764843865627        1.1542466269284475     
   1.2153763263333666       0.93962416289785466     
   1.4765846423066622       0.11202675786381586     
   1.2566370614360001E-002  0.34706008494293933     
   1.7771531752634635E-002  0.75338445838649737     
   2.1765592370812048E-002   1.0414664151950555     
   2.5132741228720001E-002   1.2493842234061230     
   2.9562133651285849E-002  0.99729508022505287     
   3.8019517526813901E-002  0.99309671807244915     
   4.5116083860089251E-002   1.0639562120684574     
   5.5056809371101592E-002   1.0143121751294706     
   6.5848341545415051E-002   1.0460480182758951     
   7.9166690278415927E-002   1.1390222433394253     
   9.6964567215568481E-002   1.0699210416848497     
  0.11842995645747310        1.0371347601230332     
  0.14416104292042672        1.0967402104259294     
  0.17483851006932644        1.1799083699803059     
  0.21159335649904049        1.3312410767019964     
  0.25709616209838343        1.3583083892330243     
  0.31264156338248622        1.4012150050363505     
  0.37951482899164635        1.4925438559490780     
  0.46065736128088758        1.5306581147109350     
  0.55924736126635322        1.5012556151764971     
  0.67897524277408394        1.5173967883338548     
  0.82441551550693815        1.2086250807797698     
   1.0009764843865627       0.99499472860220817     
   1.2153763263333666       0.50964677624496113     
   1.4765846423066622        5.3480992353108589E-002
   1.2566370614360001E-002  -8.8688052173681503E-002
   1.7771531752634635E-002   1.3436965377126049     
   2.1765592370812048E-002   1.1798158859394006     
   2.5132741228720001E-002   1.0262027987155953     
   2.9562133651285849E-002  0.76634181345905739     
   3.8019517526813901E-002   1.3571159922457436     
   4.5116083860089251E-002  0.91080809103818139     
   5.5056809371101592E-002  0.73271026865670341     
   6.5848341545415051E-002   1.0297115319046277     
   7.9166690278415927E-002   1.2028960731594245     
   9.6964567215568481E-002   1.2834756376886067     
  0.11842995645747310        1.0564373893953376     
  0.14416104292042672        1.3144925705868682     
  0.17483851006932644        1.3676601284911605     
  0.21159335649904049        1.6204754136874431     
  0.25709616209838343        1.4543867381033402     
  0.31264156338248622        1.5412788312451946     
  0.37951482899164635        1.3859638864537867     
  0.46065736128088758        1.7077207714831282     
  0.55924736126635322        1.8260536713356850     
  0.67897524277408394        1.1800463608267300     
  0.82441551550693815       0.83540648513740945     
   1.0009764843865627       0.59041212205904547     
   1.2153763263333666      -0.23786896272386548     
   1.4765846423066622        2.0446979937803973     
   1.2566370614360001E-002  0.45438368685947844     
   1.7771531752634635E-002   2.3980421521127266     
   2.1765592370812048E-002   2.2127823726543463     
   2.5132741228720001E-002   1.7846527956710105     
   2.9562133651285849E-002  0.87451878521757798     
   3.8019517526813901E-002  0.92073673579734028     
   4.5116083860089251E-002  0.77836850511162881     
   5.5056809371101592E-002  0.95120125379089959     
   6.5848341545415051E-002   1.1869622568369089     
   7.9166690278415927E-002  0.94425963432763438     
   9.6964567215568481E-002   1.4717710959762149     
  0.11842995645747310        1.1771550180588315     
  0.14416104292042672        1.4322002806087026     
  0.17483851006932644        1.3877982531276782     
  0.21159335649904049        1.5291484630875050     
  0.25709616209838343        1.4072414440880276     
  0.31264156338248622        1.4956251800595852     
  0.37951482899164635        1.5248675773021076     
  0.46065736128088758        1.2203475554984085     
  0.55924736126635322        1.5362694010137961     
  0.67897524277408394        1.3437996417379523     
  0.82441551550693815        1.1304702693629163     
   1.0009764843865627        1.3266569775737793     
   1.2153763263333666       0.71838859434719760     
   1.4765846423066622      -0.70705372590658566     
   1.2566370614360001E-002   1.0394783276827673     
   1.7771531752634635E-002   1.1456217887052391     
   2.1765592370812048E-002   1.3279699130635305     
   2.5132741228720001E-002  0.92570523897087731     
   2.9562133651285849E-002  0.77414868156179339     
   3.8019517526813901E-002   1.6263435541523528     
   4.5116083860089251E-002  0.40796444052729519     
   5.5056809371101592E-002  0.98000486330496439     
   6.5848341545415051E-002   1.0184990258310824     
   7.9166690278415927E-002   1.0779653771958333     
   9.6964567215568481E-002   1.2249508128834663     
  0.11842995645747310       0.86432081239176184     
  0.14416104292042672       0.95868223681511144     
  0.17483851006932644       0.89071448787527829     
  0.21159335649904049        1.0958274743134770     
  0.25709616209838343        1.0273123096566885     
  0.31264156338248622       0.83517452749808518     
  0.37951482899164635        1.4589055926378609     
  0.46065736128088758       0.85972035789448864     
  0.55924736126635322        1.2038611081751500     
  0.67897524277408394       0.73724205834763024     
  0.82441551550693815       0.98158056701029206     
   1.0009764843865627      -0.23407180559392618     
   1.2153763263333666        1.1471369072603639E-002
   1.4765846423066622        5.5880440108411634E-003
   1.2566370614360001E-002 -0.34889066578995148     
   1.7771531752634635E-002  0.56310663975511988     
   2.1765592370812048E-002   2.7985991487029245     
   2.5132741228720001E-002 -0.29073554236301974     
   2.9562133651285849E-002   1.0290345577363227     
   3.8019517526813901E-002   1.4444514800186301     
   4.5116083860089251E-002   1.1145558951352161     
   5.5056809371101592E-002  0.97598534915451829     
   6.5848341545415051E-002  0.79833326083517608     
   7.9166690278415927E-002  0.74216861361888153     
   9.6964567215568481E-002  0.39124492400291166     
  0.11842995645747310        1.0214996778827958     
  0.14416104292042672       0.63466683785092248     
  0.17483851006932644       0.40054553553799055     
  0.21159335649904049       0.38078108953338136     
  0.25709616209838343       0.86417915462377171     
  0.31264156338248622      -0.24226818261906927     
  0.37951482899164635       0.32412866798394541     
  0.46065736128088758        2.9955939769089005E-002
  0.55924736126635322      -0.10967839806743124     
  0.67897524277408394       0.67917774209968751     
  0.82441551550693815      -0.53793435763196962     
   1.0009764843865627       -1.1144702521166232     
   1.2153763263333666       0.39807092866318505     
   1.4765846423066622      -0.29033520835325033     
   1.2566370614360001E-002  -2.0291897734654864E-002
   1.7771531752634635E-002 -0.83759411320141963     
   2.1765592370812048E-002   2.5910015521536431     
   2.5132741228720001E-002   3.1870058863471598     
   2.9562133651285849E-002  0.81323483090680637     
   3.8019517526813901E-002  0.72654609969636752     
   4.5116083860089251E-002   1.2392689774564827     
   5.5056809371101592E-002  0.57195834410813429     
   6.5848341545415051E-002  0.76516663818755981     
   7.9166690278415927E-002  0.85041914939149454     
   9.6964567215568481E-002  0.65064739999235688     
  0.11842995645747310       0.35586164261221581     
  0.14416104292042672       0.22735571063770724     
  0.17483851006932644       0.15228300984368062     
  0.21159335649904049       0.74663461594856617     
  0.25709616209838343      -0.10622677665399094     
  0.31264156338248622       0.39407903528161020     
  0.37951482899164635       0.85040247335959696     
  0.46065736128088758       0.69645214251209420     
  0.55924736126635322        1.6558644497931077     
  0.67897524277408394       0.58196920419179121     
  0.82441551550693815       -5.7999501398118637E-002
   1.0009764843865627      -0.64077414215103956     
   1.2153763263333666      -0.73620598285056438     
   1.4765846423066622      -0.95516278272777122     
   1.2566370614360001E-002   5.5359229857621164E-002
   1.7771531752634635E-002   1.6773982419029856     
   2.1765592370812048E-002   1.5280543352982325     
   2.5132741228720001E-002   1.3593860366750714     
   2.9562133651285849E-002   1.0373614322955522     
   3.8019517526813901E-002  0.76219148232827882     
   4.5116083860089251E-002   1.0572599890493732     
   5.5056809371101592E-002   1.1068574569650533     
   6.5848341545415051E-002   1.2220866192181463     
   7.9166690278415927E-002   1.1212034686244043     
   9.6964567215568481E-002   1.2903798191779752     
  0.11842995645747310        1.0133085384110010     
  0.14416104292042672        1.2815105256361548     
  0.17483851006932644        1.3114571298457294     
  0.21159335649904049        1.2433327372424630     
  0.25709616209838343        1.2866392858410947     
  0.31264156338248622        1.4435331825758186     
  0.37951482899164635        1.6108994105144239     
  0.46065736128088758        1.6231292844062724     
  0.55924736126635322        1.7502762168057584     
  0.67897524277408394        1.8565498560750342     
  0.82441551550693815        1.8322006642534032     
   1.0009764843865627        1.4437188316487624     
   1.2153763263333666       0.81457488784433452     
   1.4765846423066622      -0.21126771820594817     
   1.2566370614360001E-002  -7.0827187363901624E-003
   1.7771531752634635E-002   1.1945339527931025     
   2.1765592370812048E-002   1.3050005072648516     
   2.5132741228720001E-002   1.3568509925218839     
   2.9562133651285849E-002  0.95753190449270820     
   3.8019517526813901E-002  0.81414875577592305     
   4.5116083860089251E-002  0.80219027473215332     
   5.5056809371101592E-002  0.97217543641314264     
   6.5848341545415051E-002   1.1039148213869747     
   7.9166690278415927E-002  0.97722972764495719     
   9.6964567215568481E-002   1.3002997817095039     
  0.11842995645747310       0.97411310466138123     
  0.14416104292042672        1.1149357770079620     
  0.17483851006932644        1.1545887993404602     
  0.21159335649904049        1.0731924089853382     
  0.25709616209838343        1.1517471447184331     
  0.31264156338248622        1.1728082123586603     
  0.37951482899164635        1.2559010679860358     
  0.46065736128088758        1.2243107319049729     
  0.55924736126635322        1.2361672962755532     
  0.67897524277408394        1.2362857877593760     
  0.82441551550693815        1.0955927474766680     
   1.0009764843865627       0.73909873021103401     
   1.2153763263333666        4.4676792147988593E-002
   1.4765846423066622      -0.80784238195149549     
   1.2566370614360001E-002  0.27387647628915013     
   1.7771531752634635E-002  0.88267884760007675     
   2.1765592370812048E-002   1.1673027777721594     
   2.5132741228720001E-002   1.8340357727836458     
   2.9562133651285849E-002   1.0954600794123355     
   3.8019517526813901E-002  0.91683622180930380     
   4.5116083860089251E-002   1.0554358282341529     
   5.5056809371101592E-002   1.0418469932704375     
   6.5848341545415051E-002   1.1879822535043427     
   7.9166690278415927E-002  0.96484615437833843     
   9.6964567215568481E-002   1.2856306244713369     
  0.11842995645747310       0.99790305063368712     
  0.14416104292042672        1.3332791667635298     
  0.17483851006932644        1.3339890300120185     
  0.21159335649904049        1.4273645258698082     
  0.25709616209838343        1.2644301299548171     
  0.31264156338248622        1.6080111099058574     
  0.37951482899164635        1.6483420342478567     
  0.46065736128088758        1.5135072709029458     
  0.55924736126635322        1.7575561769808716     
  0.67897524277408394        1.7589025609639057     
  0.82441551550693815        1.3719533868870313     
   1.0009764843865627       0.96549930139355400     
   1.2153763263333666       0.34610303514609791     
   1.4765846423066622      -0.50407306036703559     
   1.2566370614360001E-002  0.45438368685947844     
   1.7771531752634635E-002   2.3980421521127266     
   2.1765592370812048E-002   2.2127823726543463     
   2.5132741228720001E-002   1.7846527956710105     
   2.9562133651285849E-002  0.87451878521757798     
   3.8019517526813901E-002  0.92073673579734028     
   4.5116083860089251E-002  0.77836850511162881     
   5.5056809371101592E-002  0.95120125379089959     
   6.5848341545415051E-002   1.1869622568369089     
   7.9166690278415927E-002  0.94425963432763438     
   9.6964567215568481E-002   1.4717710959762149     
  0.11842995645747310        1.1771550180588315     
  0.14416104292042672        1.4322002806087026     
  0.17483851006932644        1.3877982531276782     
  0.21159335649904049        1.5291484630875050     
  0.25709616209838343        1.4072414440880276     
  0.31264156338248622        1.4956251800595852     
  0.37951482899164635        1.5248675773021076     
  0.46065736128088758        1.2203475554984085     
  0.55924736126635322        1.5362694010137961     
  0.67897524277408394        1.3437996417379523     
  0.82441551550693815        1.1304702693629163     
   1.0009764843865627        1.3266569775737793     
   1.2153763263333666       0.71838859434719760     
   1.4765846423066622      -0.70705372590658566     
   1.2566370614360001E-002 -0.87212915383090417     
   1.7771531752634635E-002   2.1491883772408817     
   2.1765592370812048E-002   2.4440860305519645     
   2.5132741228720001E-002   2.3592759943803956     
   2.9562133651285849E-002  0.58464328919822539     
   3.8019517526813901E-002  0.75732970298522406     
   4.5116083860089251E-002  0.72973687567544265     
   5.5056809371101592E-002  0.62173616715748592     
   6.5848341545415051E-002   1.2558345052833455     
   7.9166690278415927E-002  0.90724654788241221     
   9.6964567215568481E-002   1.2573985311059761     
  0.11842995645747310       0.77083342785500730     
  0.14416104292042672        1.3988564719708272     
  0.17483851006932644        1.4254221351004082     
  0.21159335649904049        1.7210894234362926     
  0.25709616209838343        1.3257090459076362     
  0.31264156338248622        1.1209767614538557     
  0.37951482899164635        1.7099100323246448     
  0.46065736128088758        1.9546046648003497     
  0.55924736126635322       0.78719603950864370     
  0.67897524277408394        1.5754166360663500     
  0.82441551550693815      -0.29675201184528294     
   1.0009764843865627       -1.5397590961729462     
   1.2153763263333666        1.1939796119565735     
   1.4765846423066622        7.8680738306337235     
   1.2566370614360001E-002   1.1963803000158448     
   1.7771531752634635E-002  0.79180769586818955     
   2.1765592370812048E-002   1.1941874644118418     
   2.5132741228720001E-002   1.5605798521791914     
   2.9562133651285849E-002   1.2080499471969248     
   3.8019517526813901E-002  0.71067828865395788     
   4.5116083860089251E-002  0.79596450991433909     
   5.5056809371101592E-002   1.2141745886704709     
   6.5848341545415051E-002  0.83983173679703460     
   7.9166690278415927E-002  0.81655453467718808     
   9.6964567215568481E-002   1.2483087793392964     
  0.11842995645747310       0.54119583490475431     
  0.14416104292042672        1.1331844167000089     
  0.17483851006932644       0.56031525600618282     
  0.21159335649904049       0.94597020427121925     
  0.25709616209838343        1.2908663385796477     
  0.31264156338248622        1.9860348465286484     
  0.37951482899164635        1.6113954019830043     
  0.46065736128088758        1.3788823838188642     
  0.55924736126635322        1.1606680078198459     
  0.67897524277408394       -2.1640923049156616E-002
  0.82441551550693815        1.7108464485353774     
   1.0009764843865627        1.9370053513565408     
   1.2153763263333666       0.91275618892702115     
   1.4765846423066622       -4.1764885054272440     
   1.2566370614360001E-002  0.34241963003315262     
   1.7771531752634635E-002   2.0482809178164278     
   2.1765592370812048E-002   6.1799621693535807     
   2.5132741228720001E-002  -1.0841876651209654     
   2.9562133651285849E-002  0.10846693737063275     
   3.8019517526813901E-002  0.39675927685931855     
   4.5116083860089251E-002   1.0061483346255803E-002
   5.5056809371101592E-002   1.3621605188251873     
   6.5848341545415051E-002   1.6272598732350250     
   7.9166690278415927E-002   1.2279677771841200     
   9.6964567215568481E-002   1.0153431014573149     
  0.11842995645747310        1.4384829222884550     
  0.14416104292042672        1.5248436652113635     
  0.17483851006932644        2.4272118164483376     
  0.21159335649904049       -1.5933580127201214E-002
  0.25709616209838343        2.0298904328571896     
  0.31264156338248622      -0.36372834075748550     
  0.37951482899164635      -0.80759805757082814     
  0.46065736128088758        2.5238134620354034     
  0.55924736126635322       0.81631865181648833     
  0.67897524277408394       0.86898324343828592     
  0.82441551550693815        2.9385134481782340     
   1.0009764843865627        1.0340808083140414     
   1.2153763263333666       -1.7474698551358359     
   1.4765846423066622        6.6219095489184996     
   1.2566370614360001E-002  -1.0940167333535107     
   1.7771531752634635E-002  -2.8693952084953356     
   2.1765592370812048E-002   3.1801640373739923     
   2.5132741228720001E-002   4.0189222461831378     
   2.9562133651285849E-002  0.59731463853524347     
   3.8019517526813901E-002  0.50591352899682163     
   4.5116083860089251E-002   1.0490978858189501     
   5.5056809371101592E-002  0.70754233140717282     
   6.5848341545415051E-002  0.59109924664002944     
   7.9166690278415927E-002  0.78545656498197425     
   9.6964567215568481E-002  0.88485542891607227     
  0.11842995645747310       0.72227112581105968     
  0.14416104292042672       0.35960875422815142     
  0.17483851006932644        1.2626556800311668     
  0.21159335649904049       0.94463209550596783     
  0.25709616209838343        2.1361824226944157     
  0.31264156338248622        1.3748199067576825     
  0.37951482899164635       0.58654075717779175     
  0.46065736128088758       0.17220931067992004     
  0.55924736126635322       -1.0373198270358750     
  0.67897524277408394        1.1671347974699284     
  0.82441551550693815        3.2134511455070847     
   1.0009764843865627       0.90112028264122734     
   1.2153763263333666      -0.30373639124765078     
   1.4765846423066622       -1.5015418015643336     
   1.2566370614360001E-002   2.3341395225067618     
   1.7771531752634635E-002   1.4202890787565625     
   2.1765592370812048E-002   1.3642568527253804     
   2.5132741228720001E-002  0.92552975511405156     
   2.9562133651285849E-002  0.74344464090545581     
   3.8019517526813901E-002   1.3768589850948583     
   4.5116083860089251E-002  0.56164220721042157     
   5.5056809371101592E-002   1.1073786082178994     
   6.5848341545415051E-002  0.86235305656783545     
   7.9166690278415927E-002  0.98539643179880265     
   9.6964567215568481E-002  0.86050916793913190     
  0.11842995645747310       0.95206459776896302     
  0.14416104292042672       0.84712524268895395     
  0.17483851006932644       0.76806419807062520     
  0.21159335649904049       0.94981997705622701     
  0.25709616209838343        1.0251783851715697     
  0.31264156338248622       0.92272566922658339     
  0.37951482899164635        1.0222644852049922     
  0.46065736128088758        1.1222090226940080     
  0.55924736126635322        1.3890208543004439     
  0.67897524277408394        1.2180153099765292     
  0.82441551550693815        1.1478768715144290     
   1.0009764843865627       0.59305543203878808     
   1.2153763263333666        2.5814361603622517E-002
   1.4765846423066622       -1.2108738225651832     
   1.2566370614360001E-002   2.5011627552119502     
   1.7771531752634635E-002   1.7731999009163870     
   2.1765592370812048E-002  0.86587178060353021     
   2.5132741228720001E-002  0.99304137419305016     
   2.9562133651285849E-002  0.75657969467608976     
   3.8019517526813901E-002   1.4638249414888329     
   4.5116083860089251E-002  0.57913902205817824     
   5.5056809371101592E-002   1.2542166509614963     
   6.5848341545415051E-002  0.92931753967317643     
   7.9166690278415927E-002  0.94405602386764731     
   9.6964567215568481E-002  0.82838876875921863     
  0.11842995645747310       0.91405060205471544     
  0.14416104292042672       0.96870177414916814     
  0.17483851006932644       0.91800108162968519     
  0.21159335649904049       0.88889762889478097     
  0.25709616209838343       0.98837200044715390     
  0.31264156338248622       0.75663947297304623     
  0.37951482899164635       0.90600046966997805     
  0.46065736128088758       0.76724040380888114     
  0.55924736126635322       0.60778270916152177     
  0.67897524277408394       0.67838655953551097     
  0.82441551550693815       0.39208330453376339     
   1.0009764843865627       -3.0265207262431147E-003
   1.2153763263333666       -5.0006413963545590E-002
   1.4765846423066622       -1.5104190296643230     
   1.2566370614360001E-002   2.5753197027204227     
   1.7771531752634635E-002   1.0504369634443769     
   2.1765592370812048E-002   1.5847904326395374     
   2.5132741228720001E-002   1.0635262856393193     
   2.9562133651285849E-002  0.61516965639344423     
   3.8019517526813901E-002   1.1636095887341180     
   4.5116083860089251E-002  0.49594206044897060     
   5.5056809371101592E-002   1.1920068678925009     
   6.5848341545415051E-002  0.96068434095048660     
   7.9166690278415927E-002   1.0443054303254928     
   9.6964567215568481E-002  0.64227091386336765     
  0.11842995645747310       0.69808772641686145     
  0.14416104292042672       0.80480434512204391     
  0.17483851006932644       0.72780068392091579     
  0.21159335649904049       0.86938659289868059     
  0.25709616209838343        1.1302356862598126     
  0.31264156338248622       0.88048907841671809     
  0.37951482899164635       0.98401779661527689     
  0.46065736128088758       0.79316867238618216     
  0.55924736126635322       0.68036600326868901     
  0.67897524277408394       0.59771709957752339     
  0.82441551550693815        3.5984576104360698E-002
   1.0009764843865627      -0.16149671180788983     
   1.2153763263333666      -0.74213425475958161     
   1.4765846423066622       -1.0047387558450767     
   1.2566370614360001E-002   1.0394783276827673     
   1.7771531752634635E-002   1.1456217887052391     
   2.1765592370812048E-002   1.3279699130635305     
   2.5132741228720001E-002  0.92570523897087731     
   2.9562133651285849E-002  0.77414868156179339     
   3.8019517526813901E-002   1.6263435541523528     
   4.5116083860089251E-002  0.40796444052729519     
   5.5056809371101592E-002  0.98000486330496439     
   6.5848341545415051E-002   1.0184990258310824     
   7.9166690278415927E-002   1.0779653771958333     
   9.6964567215568481E-002   1.2249508128834663     
  0.11842995645747310       0.86432081239176184     
  0.14416104292042672       0.95868223681511144     
  0.17483851006932644       0.89071448787527829     
  0.21159335649904049        1.0958274743134770     
  0.25709616209838343        1.0273123096566885     
  0.31264156338248622       0.83517452749808518     
  0.37951482899164635        1.4589055926378609     
  0.46065736128088758       0.85972035789448864     
  0.55924736126635322        1.2038611081751500     
  0.67897524277408394       0.73724205834763024     
  0.82441551550693815       0.98158056701029206     
   1.0009764843865627      -0.23407180559392618     
   1.2153763263333666        1.1471369072603639E-002
   1.4765846423066622        5.5880440108411634E-003
   1.2566370614360001E-002   1.1963803000158448     
   1.7771531752634635E-002  0.79180769586818955     
   2.1765592370812048E-002   1.1941874644118418     
   2.5132741228720001E-002   1.5605798521791914     
   2.9562133651285849E-002   1.2080499471969248     
   3.8019517526813901E-002  0.71067828865395788     
   4.5116083860089251E-002  0.79596450991433909     
   5.5056809371101592E-002   1.2141745886704709     
   6.5848341545415051E-002  0.83983173679703460     
   7.9166690278415927E-002  0.81655453467718808     
   9.6964567215568481E-002   1.2483087793392964     
  0.11842995645747310       0.54119583490475431     
  0.14416104292042672        1.1331844167000089     
  0.17483851006932644       0.56031525600618282     
  0.21159335649904049       0.94597020427121925     
  0.25709616209838343        1.2908663385796477     
  0.31264156338248622        1.9860348465286484     
  0.37951482899164635        1.6113954019830043     
  0.46065736128088758        1.3788823838188642     
  0.55924736126635322        1.1606680078198459     
  0.67897524277408394       -2.1640923049156616E-002
  0.82441551550693815        1.7108464485353774     
   1.0009764843865627        1.9370053513565408     
   1.2153763263333666       0.91275618892702115     
   1.4765846423066622       -4.1764885054272440     
   1.2566370614360001E-002   2.7200601279374812     
   1.7771531752634635E-002 -0.33961210780628881     
   2.1765592370812048E-002   2.5916695302149959     
   2.5132741228720001E-002 -0.45667415599349725     
   2.9562133651285849E-002  0.52296909803206659     
   3.8019517526813901E-002  0.87012636431147772     
   4.5116083860089251E-002 -0.37382186996759253     
   5.5056809371101592E-002  0.82988598256531809     
   6.5848341545415051E-002  0.61122959279212863     
   7.9166690278415927E-002   1.2546779857981267     
   9.6964567215568481E-002  0.74531726866904435     
  0.11842995645747310       0.44318967688963123     
  0.14416104292042672        1.0034624071802110     
  0.17483851006932644        1.5747321816297255     
  0.21159335649904049        1.3853634698193611     
  0.25709616209838343        1.7049658563727474     
  0.31264156338248622        2.0986264396219001     
  0.37951482899164635       0.60069346756737318     
  0.46065736128088758        1.1476845195355001     
  0.55924736126635322       0.87723878293467206     
  0.67897524277408394       0.61855519248292823     
  0.82441551550693815       -2.6213423300595782     
   1.0009764843865627       -1.1246261338915848     
   1.2153763263333666        5.0102078560570362     
   1.4765846423066622        17.311572765500276     
   1.2566370614360001E-002   1.4982755677009481     
   1.7771531752634635E-002  0.11037958913810871     
   2.1765592370812048E-002   4.7344231754899297     
   2.5132741228720001E-002 -0.41437902680676975     
   2.9562133651285849E-002  0.80594898260023962     
   3.8019517526813901E-002  -1.7658504939773539E-002
   4.5116083860089251E-002  0.34635900178295859     
   5.5056809371101592E-002   1.7808896028527148     
   6.5848341545415051E-002  0.55887384564296283     
   7.9166690278415927E-002   1.0748721622324027     
   9.6964567215568481E-002 -0.17489246202984943     
  0.11842995645747310        1.7807250832851169     
  0.14416104292042672        1.9073394561198411     
  0.17483851006932644        1.4292202724900760     
  0.21159335649904049       0.56438280579079392     
  0.25709616209838343      -0.78429002135163861     
  0.31264156338248622        1.8536750578536882     
  0.37951482899164635        1.9289480770627745     
  0.46065736128088758        1.9330651654607631     
  0.55924736126635322       -1.6568659314394558E-002
  0.67897524277408394        1.6769111862905013     
  0.82441551550693815       -3.4532104144936779     
   1.0009764843865627        1.1299865601395218     
   1.2153763263333666       -8.3910881359543854     
   1.4765846423066622        1.7482326253401865     
   1.2566370614360001E-002   1.1122889735644341     
   1.7771531752634635E-002 -0.67941190770587878     
   2.1765592370812048E-002   2.0644214630266369     
   2.5132741228720001E-002   1.6760998848310928     
   2.9562133651285849E-002   1.1687876406184408     
   3.8019517526813901E-002   1.1608828501141941     
   4.5116083860089251E-002  0.44803160303163569     
   5.5056809371101592E-002  0.46597270438804461     
   6.5848341545415051E-002 -0.24498361415037809     
   7.9166690278415927E-002  0.67243856928562940     
   9.6964567215568481E-002  0.36257958313836408     
  0.11842995645747310        1.3680401506602922     
  0.14416104292042672        2.2358291571850812     
  0.17483851006932644        1.6040612027506218     
  0.21159335649904049        2.4873828993205152     
  0.25709616209838343        5.5357052801501094     
  0.31264156338248622        2.1324780952304616     
  0.37951482899164635        1.8248665769004317     
  0.46065736128088758       0.47067891910406695     
  0.55924736126635322      -0.33482217538490722     
  0.67897524277408394       -1.5150964941636822     
  0.82441551550693815        2.8073394775274987     
   1.0009764843865627        3.8330087171985889     
   1.2153763263333666       -1.4147013962597057     
   1.4765846423066622       -10.834650169995772     
   1.2566370614360001E-002  0.69240855720037819     
   1.7771531752634635E-002  0.13652459010572107     
   2.1765592370812048E-002   3.4390605707685897     
   2.5132741228720001E-002 -0.26708916309195019     
   2.9562133651285849E-002   1.2411797830870295     
   3.8019517526813901E-002   1.4148799493205815     
   4.5116083860089251E-002  0.98036352261632498     
   5.5056809371101592E-002   1.0489401047487610     
   6.5848341545415051E-002  0.75751292405823489     
   7.9166690278415927E-002  0.67957970840789705     
   9.6964567215568481E-002  0.77333103003391956     
  0.11842995645747310       0.86289864115199677     
  0.14416104292042672        1.0102663038714239     
  0.17483851006932644       0.71109829804538349     
  0.21159335649904049       0.62265861997140848     
  0.25709616209838343       0.86873595150534189     
  0.31264156338248622       0.70650975280780437     
  0.37951482899164635       0.87720886356904137     
  0.46065736128088758        1.0972618899861553     
  0.55924736126635322        1.0604192076941164     
  0.67897524277408394       0.98547459563908457     
  0.82441551550693815       0.42345273602558725     
   1.0009764843865627      -0.39588222444991994     
   1.2153763263333666      -0.95765319905796442     
   1.4765846423066622       -2.6147492525011149     
   1.2566370614360001E-002  0.87497862202340770     
   1.7771531752634635E-002  0.29771696666981562     
   2.1765592370812048E-002   3.0209685393522618     
   2.5132741228720001E-002 -0.38123333566401046     
   2.9562133651285849E-002   1.5579323973482402     
   3.8019517526813901E-002   1.5081926993238672     
   4.5116083860089251E-002   1.0052255460699688     
   5.5056809371101592E-002  0.96296837870860852     
   6.5848341545415051E-002  0.71238677141831841     
   7.9166690278415927E-002  0.60297424054526050     
   9.6964567215568481E-002  0.94833307756934981     
  0.11842995645747310       0.80157026481609817     
  0.14416104292042672       0.85699793619289644     
  0.17483851006932644       0.69303127650069973     
  0.21159335649904049       0.55411488269498599     
  0.25709616209838343       0.74352721574956626     
  0.31264156338248622       0.46923905703458940     
  0.37951482899164635       0.77985006850852046     
  0.46065736128088758       0.97724894565587250     
  0.55924736126635322       0.70687399962199271     
  0.67897524277408394       0.80606437694570177     
  0.82441551550693815       0.46684524299285202     
   1.0009764843865627      -0.35205000391789798     
   1.2153763263333666       -1.0579410825274429     
   1.4765846423066622       -1.5334860417228851     
   1.2566370614360001E-002  0.55105548484819056     
   1.7771531752634635E-002  -7.6898423920376935E-002
   2.1765592370812048E-002   3.1339102898938109     
   2.5132741228720001E-002 -0.18785427917054712     
   2.9562133651285849E-002  0.99468882053066576     
   3.8019517526813901E-002   1.3853371896978957     
   4.5116083860089251E-002   1.0227830263507325     
   5.5056809371101592E-002   1.4389368391257233     
   6.5848341545415051E-002  0.39101791211793274     
   7.9166690278415927E-002  0.72521750940494767     
   9.6964567215568481E-002  0.68276862390712667     
  0.11842995645747310       0.79039246935141561     
  0.14416104292042672       0.89350950589005351     
  0.17483851006932644       0.76735749829556688     
  0.21159335649904049       0.59357306549585798     
  0.25709616209838343       0.90658393960609185     
  0.31264156338248622       0.76309127668079491     
  0.37951482899164635       0.75930919012807119     
  0.46065736128088758        1.0653891934659510     
  0.55924736126635322       0.10532263046158860     
  0.67897524277408394        1.0688410878356882     
  0.82441551550693815       0.33497183377396017     
   1.0009764843865627       0.30636436755030372     
   1.2153763263333666       0.74013525005795444     
   1.4765846423066622       -1.7081067819191396     
   1.2566370614360001E-002 -0.34889066578995148     
   1.7771531752634635E-002  0.56310663975511988     
   2.1765592370812048E-002   2.7985991487029245     
   2.5132741228720001E-002 -0.29073554236301974     
   2.9562133651285849E-002   1.0290345577363227     
   3.8019517526813901E-002   1.4444514800186301     
   4.5116083860089251E-002   1.1145558951352161     
   5.5056809371101592E-002  0.97598534915451829     
   6.5848341545415051E-002  0.79833326083517608     
   7.9166690278415927E-002  0.74216861361888153     
   9.6964567215568481E-002  0.39124492400291166     
  0.11842995645747310        1.0214996778827958     
  0.14416104292042672       0.63466683785092248     
  0.17483851006932644       0.40054553553799055     
  0.21159335649904049       0.38078108953338136     
  0.25709616209838343       0.86417915462377171     
  0.31264156338248622      -0.24226818261906927     
  0.37951482899164635       0.32412866798394541     
  0.46065736128088758        2.9955939769089005E-002
  0.55924736126635322      -0.10967839806743124     
  0.67897524277408394       0.67917774209968751     
  0.82441551550693815      -0.53793435763196962     
   1.0009764843865627       -1.1144702521166232     
   1.2153763263333666       0.39807092866318505     
   1.4765846423066622      -0.29033520835325033     
   1.2566370614360001E-002  0.34241963003315262     
   1.7771531752634635E-002   2.0482809178164278     
   2.1765592370812048E-002   6.1799621693535807     
   2.5132741228720001E-002  -1.0841876651209654     
   2.9562133651285849E-002  0.10846693737063275     
   3.8019517526813901E-002  0.39675927685931855     
   4.5116083860089251E-002   1.0061483346255803E-002
   5.5056809371101592E-002   1.3621605188251873     
   6.5848341545415051E-002   1.6272598732350250     
   7.9166690278415927E-002   1.2279677771841200     
   9.6964567215568481E-002   1.0153431014573149     
  0.11842995645747310        1.4384829222884550     
  0.14416104292042672        1.5248436652113635     
  0.17483851006932644        2.4272118164483376     
  0.21159335649904049       -1.5933580127201214E-002
  0.25709616209838343        2.0298904328571896     
  0.31264156338248622      -0.36372834075748550     
  0.37951482899164635      -0.80759805757082814     
  0.46065736128088758        2.5238134620354034     
  0.55924736126635322       0.81631865181648833     
  0.67897524277408394       0.86898324343828592     
  0.82441551550693815        2.9385134481782340     
   1.0009764843865627        1.0340808083140414     
   1.2153763263333666       -1.7474698551358359     
   1.4765846423066622        6.6219095489184996     
   1.2566370614360001E-002   1.4982755677009481     
   1.7771531752634635E-002  0.11037958913810871     
   2.1765592370812048E-002   4.7344231754899297     
   2.5132741228720001E-002 -0.41437902680676975     
   2.9562133651285849E-002  0.80594898260023962     
   3.8019517526813901E-002  -1.7658504939773539E-002
   4.5116083860089251E-002  0.34635900178295859     
   5.5056809371101592E-002   1.7808896028527148     
   6.5848341545415051E-002  0.55887384564296283     
   7.9166690278415927E-002   1.0748721622324027     
   9.6964567215568481E-002 -0.17489246202984943     
  0.11842995645747310        1.7807250832851169     
  0.14416104292042672        1.9073394561198411     
  0.17483851006932644        1.4292202724900760     
  0.21159335649904049       0.56438280579079392     
  0.25709616209838343      -0.78429002135163861     
  0.31264156338248622        1.8536750578536882     
  0.37951482899164635        1.9289480770627745     
  0.46065736128088758        1.9330651654607631     
  0.55924736126635322       -1.6568659314394558E-002
  0.67897524277408394        1.6769111862905013     
  0.82441551550693815       -3.4532104144936779     
   1.0009764843865627        1.1299865601395218     
   1.2153763263333666       -8.3910881359543854     
   1.4765846423066622        1.7482326253401865     
   1.2566370614360001E-002  -3.4988122661114436     
   1.7771531752634635E-002 -0.58405714700306144     
   2.1765592370812048E-002   4.2432569322327298     
   2.5132741228720001E-002  -1.8755648765563881     
   2.9562133651285849E-002  0.37937695715542097     
   3.8019517526813901E-002  -1.9176442217442600     
   4.5116083860089251E-002  0.79114228522421048     
   5.5056809371101592E-002   1.8474521105381003     
   6.5848341545415051E-002  0.20791370023772435     
   7.9166690278415927E-002  -4.0236578660501877E-002
   9.6964567215568481E-002 -0.50880411561838068     
  0.11842995645747310      -0.18403602982541978     
  0.14416104292042672       0.26441487310767436     
  0.17483851006932644       0.74081379779365797     
  0.21159335649904049      -0.12229713584276236     
  0.25709616209838343      -0.19366026083245294     
  0.31264156338248622      -0.15178164660802596     
  0.37951482899164635       -2.3332951536639159     
  0.46065736128088758      -0.22514681674747816     
  0.55924736126635322        1.3245124055080979     
  0.67897524277408394      -0.86223671184577622     
  0.82441551550693815       -5.4600339224800427     
   1.0009764843865627       -5.4652540479041534     
   1.2153763263333666       -12.793022095440518     
   1.4765846423066622       -21.559820309987835     
   1.2566370614360001E-002   1.5706378179717297     
   1.7771531752634635E-002  -4.0223197059135014     
   2.1765592370812048E-002   1.0989444559516253     
   2.5132741228720001E-002 -0.29660636503872612     
   2.9562133651285849E-002   1.5505687640663597     
   3.8019517526813901E-002  -1.0312078811045951E-002
   4.5116083860089251E-002   1.2264304338184069     
   5.5056809371101592E-002  0.15800671100381730     
   6.5848341545415051E-002   1.0534050770298407     
   7.9166690278415927E-002 -0.36183727423801043     
   9.6964567215568481E-002 -0.68050131589668250     
  0.11842995645747310       0.58467506634637856     
  0.14416104292042672       0.55070822471855141     
  0.17483851006932644       0.74556266828672324     
  0.21159335649904049       0.54710421866999237     
  0.25709616209838343       0.44928219510067546     
  0.31264156338248622      -0.75955826449450170     
  0.37951482899164635       -1.1158104379118596     
  0.46065736128088758       -1.5295008209636107     
  0.55924736126635322        1.0018518631464073     
  0.67897524277408394        2.3790216090763514     
  0.82441551550693815      -0.40924013853473540     
   1.0009764843865627       -1.5446859201376764     
   1.2153763263333666      -0.59211149245618044     
   1.4765846423066622        2.9589504125770558     
   1.2566370614360001E-002   2.9460105190703310     
   1.7771531752634635E-002 -0.56293579427929452     
   2.1765592370812048E-002   2.0402760619376079     
   2.5132741228720001E-002   2.7891412895854875     
   2.9562133651285849E-002  0.60188903070088651     
   3.8019517526813901E-002  0.71562811596384346     
   4.5116083860089251E-002   1.0375298354784606     
   5.5056809371101592E-002  0.39663036976230642     
   6.5848341545415051E-002   1.1132282268373690     
   7.9166690278415927E-002  0.84833840697487417     
   9.6964567215568481E-002   1.0645793117169340     
  0.11842995645747310       0.95203431038751463     
  0.14416104292042672       0.69855822395650768     
  0.17483851006932644       0.73031554747515770     
  0.21159335649904049       0.58382529042401110     
  0.25709616209838343       0.56821418780500321     
  0.31264156338248622       0.48506481455036027     
  0.37951482899164635        1.1009351596292993     
  0.46065736128088758       0.91387200417637804     
  0.55924736126635322       0.99957474270207147     
  0.67897524277408394       0.64220630265172418     
  0.82441551550693815       -2.3977628140760907E-002
   1.0009764843865627      -0.46052532378236444     
   1.2153763263333666       -1.2318237995333803     
   1.4765846423066622       -1.8007407342818931     
   1.2566370614360001E-002   2.3228888995636163     
   1.7771531752634635E-002 -0.56389126408794255     
   2.1765592370812048E-002   1.9864136305214490     
   2.5132741228720001E-002   3.6041292170113093     
   2.9562133651285849E-002  0.73807824189085236     
   3.8019517526813901E-002  0.64027588155111170     
   4.5116083860089251E-002  0.79783564767082926     
   5.5056809371101592E-002  0.31887963219036519     
   6.5848341545415051E-002   1.2659037726222804     
   7.9166690278415927E-002  0.82043752257350688     
   9.6964567215568481E-002   1.2577905019186946     
  0.11842995645747310       0.73661037176504496     
  0.14416104292042672       0.84865070135252818     
  0.17483851006932644       0.67387179595679536     
  0.21159335649904049       0.85387681562121254     
  0.25709616209838343       0.33970063485591701     
  0.31264156338248622       0.31741860449389370     
  0.37951482899164635        1.0096698521182610     
  0.46065736128088758       0.35042905340151675     
  0.55924736126635322       0.42849816754432435     
  0.67897524277408394        6.1918962243566765E-002
  0.82441551550693815      -0.16473168872191360     
   1.0009764843865627      -0.31287517464580994     
   1.2153763263333666      -0.95319236133665175     
   1.4765846423066622       -1.1544647094696741     
   1.2566370614360001E-002   2.2370280544281789     
   1.7771531752634635E-002 -0.25857738065993280     
   2.1765592370812048E-002   2.3110602657946968     
   2.5132741228720001E-002   3.4251238949653935     
   2.9562133651285849E-002  0.88747649712775944     
   3.8019517526813901E-002  0.52400623356597731     
   4.5116083860089251E-002   1.0007065501157153     
   5.5056809371101592E-002  0.25716853006953577     
   6.5848341545415051E-002  0.88730695694685913     
   7.9166690278415927E-002  0.77262361529492563     
   9.6964567215568481E-002  0.77237052760221925     
  0.11842995645747310       0.51651549238587402     
  0.14416104292042672       0.99176859934911565     
  0.17483851006932644       0.21847089879073681     
  0.21159335649904049        5.7904680607315073E-002
  0.25709616209838343       0.43577764618590109     
  0.31264156338248622       0.30097112417918337     
  0.37951482899164635       0.42731231015454180     
  0.46065736128088758      -0.32052781598115859     
  0.55924736126635322      -0.10058883469079179     
  0.67897524277408394      -0.92422849044531352     
  0.82441551550693815       0.37049627111223793     
   1.0009764843865627       0.24931240318641226     
   1.2153763263333666      -0.29616751214589310     
   1.4765846423066622       -1.4676219407781903     
   1.2566370614360001E-002  -2.0291897734654864E-002
   1.7771531752634635E-002 -0.83759411320141963     
   2.1765592370812048E-002   2.5910015521536431     
   2.5132741228720001E-002   3.1870058863471598     
   2.9562133651285849E-002  0.81323483090680637     
   3.8019517526813901E-002  0.72654609969636752     
   4.5116083860089251E-002   1.2392689774564827     
   5.5056809371101592E-002  0.57195834410813429     
   6.5848341545415051E-002  0.76516663818755981     
   7.9166690278415927E-002  0.85041914939149454     
   9.6964567215568481E-002  0.65064739999235688     
  0.11842995645747310       0.35586164261221581     
  0.14416104292042672       0.22735571063770724     
  0.17483851006932644       0.15228300984368062     
  0.21159335649904049       0.74663461594856617     
  0.25709616209838343      -0.10622677665399094     
  0.31264156338248622       0.39407903528161020     
  0.37951482899164635       0.85040247335959696     
  0.46065736128088758       0.69645214251209420     
  0.55924736126635322        1.6558644497931077     
  0.67897524277408394       0.58196920419179121     
  0.82441551550693815       -5.7999501398118637E-002
   1.0009764843865627      -0.64077414215103956     
   1.2153763263333666      -0.73620598285056438     
   1.4765846423066622      -0.95516278272777122     
   1.2566370614360001E-002  -1.0940167333535107     
   1.7771531752634635E-002  -2.8693952084953356     
   2.1765592370812048E-002   3.1801640373739923     
   2.5132741228720001E-002   4.0189222461831378     
   2.9562133651285849E-002  0.59731463853524347     
   3.8019517526813901E-002  0.50591352899682163     
   4.5116083860089251E-002   1.0490978858189501     
   5.5056809371101592E-002  0.70754233140717282     
   6.5848341545415051E-002  0.59109924664002944     
   7.9166690278415927E-002  0.78545656498197425     
   9.6964567215568481E-002  0.88485542891607227     
  0.11842995645747310       0.72227112581105968     
  0.14416104292042672       0.35960875422815142     
  0.17483851006932644        1.2626556800311668     
  0.21159335649904049       0.94463209550596783     
  0.25709616209838343        2.1361824226944157     
  0.31264156338248622        1.3748199067576825     
  0.37951482899164635       0.58654075717779175     
  0.46065736128088758       0.17220931067992004     
  0.55924736126635322       -1.0373198270358750     
  0.67897524277408394        1.1671347974699284     
  0.82441551550693815        3.2134511455070847     
   1.0009764843865627       0.90112028264122734     
   1.2153763263333666      -0.30373639124765078     
   1.4765846423066622       -1.5015418015643336     
   1.2566370614360001E-002   1.1122889735644341     
   1.7771531752634635E-002 -0.67941190770587878     
   2.1765592370812048E-002   2.0644214630266369     
   2.5132741228720001E-002   1.6760998848310928     
   2.9562133651285849E-002   1.1687876406184408     
   3.8019517526813901E-002   1.1608828501141941     
   4.5116083860089251E-002  0.44803160303163569     
   5.5056809371101592E-002  0.46597270438804461     
   6.5848341545415051E-002 -0.24498361415037809     
   7.9166690278415927E-002  0.67243856928562940     
   9.6964567215568481E-002  0.36257958313836408     
  0.11842995645747310        1.3680401506602922     
  0.14416104292042672        2.2358291571850812     
  0.17483851006932644        1.6040612027506218     
  0.21159335649904049        2.4873828993205152     
  0.25709616209838343        5.5357052801501094     
  0.31264156338248622        2.1324780952304616     
  0.37951482899164635        1.8248665769004317     
  0.46065736128088758       0.47067891910406695     
  0.55924736126635322      -0.33482217538490722     
  0.67897524277408394       -1.5150964941636822     
  0.82441551550693815        2.8073394775274987     
   1.0009764843865627        3.8330087171985889     
   1.2153763263333666       -1.4147013962597057     
   1.4765846423066622       -10.834650169995772     
   1.2566370614360001E-002   1.5706378179717297     
   1.7771531752634635E-002  -4.0223197059135014     
   2.1765592370812048E-002   1.0989444559516253     
   2.5132741228720001E-002 -0.29660636503872612     
   2.9562133651285849E-002   1.5505687640663597     
   3.8019517526813901E-002  -1.0312078811045951E-002
   4.5116083860089251E-002   1.2264304338184069     
   5.5056809371101592E-002  0.15800671100381730     
   6.5848341545415051E-002   1.0534050770298407     
   7.9166690278415927E-002 -0.36183727423801043     
   9.6964567215568481E-002 -0.68050131589668250     
  0.11842995645747310       0.58467506634637856     
  0.14416104292042672       0.55070822471855141     
  0.17483851006932644       0.74556266828672324     
  0.21159335649904049       0.54710421866999237     
  0.25709616209838343       0.44928219510067546     
  0.31264156338248622      -0.75955826449450170     
  0.37951482899164635       -1.1158104379118596     
  0.46065736128088758       -1.5295008209636107     
  0.55924736126635322        1.0018518631464073     
  0.67897524277408394        2.3790216090763514     
  0.82441551550693815      -0.40924013853473540     
   1.0009764843865627       -1.5446859201376764     
   1.2153763263333666      -0.59211149245618044     
   1.4765846423066622        2.9589504125770558     
   1.2566370614360001E-002   1.9391567243936403     
   1.7771531752634635E-002  -1.3651830907515566E-002
   2.1765592370812048E-002  0.59558597190101925     
   2.5132741228720001E-002   1.8780292794304800     
   2.9562133651285849E-002   1.7588748564994504E-002
   3.8019517526813901E-002 -0.45179833350180970     
   4.5116083860089251E-002   2.2756207631806533     
   5.5056809371101592E-002 -0.34191933190449375     
   6.5848341545415051E-002  0.20070737806070424     
   7.9166690278415927E-002  -1.5074728894607576     
   9.6964567215568481E-002 -0.10489201320579752     
  0.11842995645747310       0.12667742077687746     
  0.14416104292042672       -1.3168718760376807     
  0.17483851006932644       0.56865156650503279     
  0.21159335649904049        1.5357257216158275     
  0.25709616209838343       -1.2895521826109975     
  0.31264156338248622      -0.80016005701591375     
  0.37951482899164635        1.1265088397775935     
  0.46065736128088758       -1.7638783905700772     
  0.55924736126635322      -0.86386977622765582     
  0.67897524277408394       -5.3249672615415964     
  0.82441551550693815       -9.7658523515610565     
   1.0009764843865627       -23.864848326851529     
   1.2153763263333666       -51.911621422356951     
   1.4765846423066622       -121.51468586856467     
